Criado como novo conjunto de dados;"2706_e01_daniel.spp","21422.9 Secs"
cm-1;Abs
10000.000000;0.740689
9999.000000;0.739466
9998.000000;0.737534
9997.000000;0.736383
9996.000000;0.736882
9995.000000;0.738386
9994.000000;0.739621
9993.000000;0.740040
9992.000000;0.739958
9991.000000;0.739711
9990.000000;0.739382
9989.000000;0.739183
9988.000000;0.739429
9987.000000;0.740005
9986.000000;0.740321
9985.000000;0.739968
9984.000000;0.739143
9983.000000;0.738353
9982.000000;0.737991
9981.000000;0.738235
9980.000000;0.739036
9979.000000;0.739980
9978.000000;0.740341
9977.000000;0.739568
9976.000000;0.737836
9975.000000;0.736040
9974.000000;0.735159
9973.000000;0.735533
9972.000000;0.736673
9971.000000;0.737735
9970.000000;0.738135
9969.000000;0.737724
9968.000000;0.736687
9967.000000;0.735548
9966.000000;0.735081
9965.000000;0.735703
9964.000000;0.736901
9963.000000;0.737635
9962.000000;0.737475
9961.000000;0.736978
9960.000000;0.736785
9959.000000;0.736788
9958.000000;0.736490
9957.000000;0.735845
9956.000000;0.735349
9955.000000;0.735418
9954.000000;0.735946
9953.000000;0.736421
9952.000000;0.736382
9951.000000;0.735880
9950.000000;0.735544
9949.000000;0.735949
9948.000000;0.736848
9947.000000;0.737350
9946.000000;0.737003
9945.000000;0.736319
9944.000000;0.735963
9943.000000;0.735810
9942.000000;0.735264
9941.000000;0.734270
9940.000000;0.733499
9939.000000;0.733542
9938.000000;0.734251
9937.000000;0.734931
9936.000000;0.734984
9935.000000;0.734349
9934.000000;0.733494
9933.000000;0.733045
9932.000000;0.733348
9931.000000;0.734258
9930.000000;0.735281
9929.000000;0.735846
9928.000000;0.735587
9927.000000;0.734602
9926.000000;0.733539
9925.000000;0.733175
9924.000000;0.733709
9923.000000;0.734536
9922.000000;0.734792
9921.000000;0.734112
9920.000000;0.732852
9919.000000;0.731737
9918.000000;0.731306
9917.000000;0.731536
9916.000000;0.731928
9915.000000;0.732065
9914.000000;0.732022
9913.000000;0.732066
9912.000000;0.732152
9911.000000;0.732053
9910.000000;0.731903
9909.000000;0.732144
9908.000000;0.732832
9907.000000;0.733383
9906.000000;0.733199
9905.000000;0.732271
9904.000000;0.731090
9903.000000;0.730226
9902.000000;0.730073
9901.000000;0.730623
9900.000000;0.731325
9899.000000;0.731474
9898.000000;0.730954
9897.000000;0.730345
9896.000000;0.730203
9895.000000;0.730536
9894.000000;0.731031
9893.000000;0.731414
9892.000000;0.731451
9891.000000;0.730966
9890.000000;0.730118
9889.000000;0.729364
9888.000000;0.728957
9887.000000;0.728799
9886.000000;0.728869
9885.000000;0.729353
9884.000000;0.730106
9883.000000;0.730457
9882.000000;0.729963
9881.000000;0.729045
9880.000000;0.728469
9879.000000;0.728492
9878.000000;0.728851
9877.000000;0.729290
9876.000000;0.729670
9875.000000;0.729757
9874.000000;0.729375
9873.000000;0.728767
9872.000000;0.728452
9871.000000;0.728694
9870.000000;0.729289
9869.000000;0.729793
9868.000000;0.729818
9867.000000;0.729245
9866.000000;0.728369
9865.000000;0.727743
9864.000000;0.727680
9863.000000;0.727941
9862.000000;0.728015
9861.000000;0.727653
9860.000000;0.727067
9859.000000;0.726705
9858.000000;0.726880
9857.000000;0.727445
9856.000000;0.727762
9855.000000;0.727291
9854.000000;0.726324
9853.000000;0.725837
9852.000000;0.726416
9851.000000;0.727549
9850.000000;0.728191
9849.000000;0.727857
9848.000000;0.726952
9847.000000;0.726144
9846.000000;0.725728
9845.000000;0.725600
9844.000000;0.725594
9843.000000;0.725722
9842.000000;0.726074
9841.000000;0.726572
9840.000000;0.726960
9839.000000;0.727107
9838.000000;0.727162
9837.000000;0.727248
9836.000000;0.727214
9835.000000;0.726985
9834.000000;0.726923
9833.000000;0.727370
9832.000000;0.727936
9831.000000;0.727744
9830.000000;0.726521
9829.000000;0.724982
9828.000000;0.724009
9827.000000;0.723902
9826.000000;0.724523
9825.000000;0.725632
9824.000000;0.726791
9823.000000;0.727391
9822.000000;0.727198
9821.000000;0.726633
9820.000000;0.726234
9819.000000;0.726070
9818.000000;0.725887
9817.000000;0.725552
9816.000000;0.725082
9815.000000;0.724508
9814.000000;0.723961
9813.000000;0.723705
9812.000000;0.723888
9811.000000;0.724389
9810.000000;0.725012
9809.000000;0.725624
9808.000000;0.725989
9807.000000;0.725783
9806.000000;0.724972
9805.000000;0.723959
9804.000000;0.723178
9803.000000;0.722769
9802.000000;0.722705
9801.000000;0.722920
9800.000000;0.723183
9799.000000;0.723194
9798.000000;0.722981
9797.000000;0.722919
9796.000000;0.723195
9795.000000;0.723572
9794.000000;0.723778
9793.000000;0.723767
9792.000000;0.723508
9791.000000;0.722965
9790.000000;0.722455
9789.000000;0.722483
9788.000000;0.722978
9787.000000;0.723190
9786.000000;0.722717
9785.000000;0.722100
9784.000000;0.721960
9783.000000;0.722038
9782.000000;0.721692
9781.000000;0.721030
9780.000000;0.720829
9779.000000;0.721442
9778.000000;0.722354
9777.000000;0.722823
9776.000000;0.722580
9775.000000;0.721865
9774.000000;0.721113
9773.000000;0.720657
9772.000000;0.720513
9771.000000;0.720469
9770.000000;0.720455
9769.000000;0.720638
9768.000000;0.720996
9767.000000;0.721140
9766.000000;0.720852
9765.000000;0.720505
9764.000000;0.720543
9763.000000;0.720798
9762.000000;0.720760
9761.000000;0.720387
9760.000000;0.720159
9759.000000;0.720400
9758.000000;0.720955
9757.000000;0.721517
9756.000000;0.721854
9755.000000;0.721740
9754.000000;0.721058
9753.000000;0.720080
9752.000000;0.719312
9751.000000;0.719008
9750.000000;0.719030
9749.000000;0.719186
9748.000000;0.719437
9747.000000;0.719723
9746.000000;0.719871
9745.000000;0.719785
9744.000000;0.719548
9743.000000;0.719264
9742.000000;0.718941
9741.000000;0.718639
9740.000000;0.718617
9739.000000;0.719171
9738.000000;0.720265
9737.000000;0.721305
9736.000000;0.721484
9735.000000;0.720592
9734.000000;0.719462
9733.000000;0.719241
9732.000000;0.720124
9731.000000;0.721049
9730.000000;0.720863
9729.000000;0.719621
9728.000000;0.718411
9727.000000;0.718066
9726.000000;0.718400
9725.000000;0.718646
9724.000000;0.718329
9723.000000;0.717652
9722.000000;0.717215
9721.000000;0.717440
9720.000000;0.718172
9719.000000;0.718825
9718.000000;0.718933
9717.000000;0.718521
9716.000000;0.717977
9715.000000;0.717725
9714.000000;0.718037
9713.000000;0.718865
9712.000000;0.719676
9711.000000;0.719676
9710.000000;0.718523
9709.000000;0.716791
9708.000000;0.715508
9707.000000;0.715238
9706.000000;0.715713
9705.000000;0.716210
9704.000000;0.716167
9703.000000;0.715531
9702.000000;0.714708
9701.000000;0.714177
9700.000000;0.714083
9699.000000;0.714192
9698.000000;0.714261
9697.000000;0.714371
9696.000000;0.714805
9695.000000;0.715657
9694.000000;0.716596
9693.000000;0.717012
9692.000000;0.716527
9691.000000;0.715484
9690.000000;0.714789
9689.000000;0.715025
9688.000000;0.715794
9687.000000;0.716225
9686.000000;0.716101
9685.000000;0.716046
9684.000000;0.716483
9683.000000;0.716921
9682.000000;0.716585
9681.000000;0.715440
9680.000000;0.714199
9679.000000;0.713506
9678.000000;0.713486
9677.000000;0.713913
9676.000000;0.714415
9675.000000;0.714585
9674.000000;0.714247
9673.000000;0.713706
9672.000000;0.713533
9671.000000;0.714007
9670.000000;0.714856
9669.000000;0.715517
9668.000000;0.715588
9667.000000;0.715106
9666.000000;0.714485
9665.000000;0.714118
9664.000000;0.713991
9663.000000;0.713730
9662.000000;0.713098
9661.000000;0.712330
9660.000000;0.711902
9659.000000;0.712082
9658.000000;0.712748
9657.000000;0.713504
9656.000000;0.713880
9655.000000;0.713642
9654.000000;0.713067
9653.000000;0.712768
9652.000000;0.713094
9651.000000;0.713754
9650.000000;0.714132
9649.000000;0.713877
9648.000000;0.713138
9647.000000;0.712374
9646.000000;0.712029
9645.000000;0.712223
9644.000000;0.712589
9643.000000;0.712551
9642.000000;0.711924
9641.000000;0.711142
9640.000000;0.710773
9639.000000;0.710902
9638.000000;0.711118
9637.000000;0.711025
9636.000000;0.710622
9635.000000;0.710249
9634.000000;0.710281
9633.000000;0.710809
9632.000000;0.711561
9631.000000;0.712141
9630.000000;0.712370
9629.000000;0.712323
9628.000000;0.712080
9627.000000;0.711661
9626.000000;0.711231
9625.000000;0.711090
9624.000000;0.711326
9623.000000;0.711625
9622.000000;0.711606
9621.000000;0.711230
9620.000000;0.710775
9619.000000;0.710521
9618.000000;0.710560
9617.000000;0.710815
9616.000000;0.711085
9615.000000;0.711173
9614.000000;0.711042
9613.000000;0.710830
9612.000000;0.710677
9611.000000;0.710630
9610.000000;0.710683
9609.000000;0.710764
9608.000000;0.710680
9607.000000;0.710284
9606.000000;0.709720
9605.000000;0.709301
9604.000000;0.709114
9603.000000;0.708953
9602.000000;0.708714
9601.000000;0.708594
9600.000000;0.708778
9599.000000;0.709122
9598.000000;0.709310
9597.000000;0.709237
9596.000000;0.709116
9595.000000;0.709261
9594.000000;0.709794
9593.000000;0.710434
9592.000000;0.710633
9591.000000;0.710114
9590.000000;0.709318
9589.000000;0.709003
9588.000000;0.709388
9587.000000;0.709930
9586.000000;0.710038
9585.000000;0.709683
9584.000000;0.709149
9583.000000;0.708507
9582.000000;0.707666
9581.000000;0.706758
9580.000000;0.706127
9579.000000;0.705978
9578.000000;0.706210
9577.000000;0.706579
9576.000000;0.706869
9575.000000;0.706941
9574.000000;0.706790
9573.000000;0.706570
9572.000000;0.706477
9571.000000;0.706635
9570.000000;0.707053
9569.000000;0.707612
9568.000000;0.708046
9567.000000;0.708066
9566.000000;0.707596
9565.000000;0.706875
9564.000000;0.706294
9563.000000;0.706142
9562.000000;0.706404
9561.000000;0.706723
9560.000000;0.706661
9559.000000;0.706177
9558.000000;0.705755
9557.000000;0.705885
9556.000000;0.706498
9555.000000;0.707095
9554.000000;0.707323
9553.000000;0.707130
9552.000000;0.706529
9551.000000;0.705616
9550.000000;0.704819
9549.000000;0.704660
9548.000000;0.705165
9547.000000;0.705825
9546.000000;0.706227
9545.000000;0.706365
9544.000000;0.706269
9543.000000;0.705810
9542.000000;0.705090
9541.000000;0.704593
9540.000000;0.704625
9539.000000;0.704916
9538.000000;0.705091
9537.000000;0.705260
9536.000000;0.705759
9535.000000;0.706506
9534.000000;0.706967
9533.000000;0.706738
9532.000000;0.705881
9531.000000;0.704754
9530.000000;0.703774
9529.000000;0.703302
9528.000000;0.703471
9527.000000;0.704036
9526.000000;0.704528
9525.000000;0.704627
9524.000000;0.704387
9523.000000;0.704087
9522.000000;0.703892
9521.000000;0.703663
9520.000000;0.703156
9519.000000;0.702448
9518.000000;0.701997
9517.000000;0.702119
9516.000000;0.702583
9515.000000;0.702986
9514.000000;0.703382
9513.000000;0.704124
9512.000000;0.705075
9511.000000;0.705504
9510.000000;0.704925
9509.000000;0.703698
9508.000000;0.702585
9507.000000;0.702069
9506.000000;0.702245
9505.000000;0.702946
9504.000000;0.703670
9503.000000;0.703768
9502.000000;0.703139
9501.000000;0.702519
9500.000000;0.702702
9499.000000;0.703578
9498.000000;0.704239
9497.000000;0.703973
9496.000000;0.702893
9495.000000;0.701659
9494.000000;0.700904
9493.000000;0.700912
9492.000000;0.701565
9491.000000;0.702459
9490.000000;0.703134
9489.000000;0.703287
9488.000000;0.702823
9487.000000;0.701892
9486.000000;0.700924
9485.000000;0.700448
9484.000000;0.700668
9483.000000;0.701293
9482.000000;0.701855
9481.000000;0.702113
9480.000000;0.702077
9479.000000;0.701796
9478.000000;0.701295
9477.000000;0.700656
9476.000000;0.700065
9475.000000;0.699769
9474.000000;0.699923
9473.000000;0.700375
9472.000000;0.700658
9471.000000;0.700450
9470.000000;0.700016
9469.000000;0.699959
9468.000000;0.700479
9467.000000;0.701148
9466.000000;0.701454
9465.000000;0.701307
9464.000000;0.700936
9463.000000;0.700574
9462.000000;0.700404
9461.000000;0.700519
9460.000000;0.700790
9459.000000;0.700962
9458.000000;0.701006
9457.000000;0.701090
9456.000000;0.701136
9455.000000;0.700795
9454.000000;0.700103
9453.000000;0.699747
9452.000000;0.700276
9451.000000;0.701275
9450.000000;0.701758
9449.000000;0.701305
9448.000000;0.700475
9447.000000;0.700067
9446.000000;0.700285
9445.000000;0.700688
9444.000000;0.700748
9443.000000;0.700364
9442.000000;0.699843
9441.000000;0.699415
9440.000000;0.698919
9439.000000;0.698144
9438.000000;0.697396
9437.000000;0.697321
9436.000000;0.698062
9435.000000;0.698933
9434.000000;0.699163
9433.000000;0.698736
9432.000000;0.698218
9431.000000;0.698018
9430.000000;0.698136
9429.000000;0.698420
9428.000000;0.698700
9427.000000;0.698763
9426.000000;0.698544
9425.000000;0.698302
9424.000000;0.698305
9423.000000;0.698415
9422.000000;0.698271
9421.000000;0.697847
9420.000000;0.697501
9419.000000;0.697427
9418.000000;0.697341
9417.000000;0.696873
9416.000000;0.696097
9415.000000;0.695498
9414.000000;0.695467
9413.000000;0.695922
9412.000000;0.696384
9411.000000;0.696469
9410.000000;0.696283
9409.000000;0.696260
9408.000000;0.696598
9407.000000;0.696973
9406.000000;0.696926
9405.000000;0.696454
9404.000000;0.696096
9403.000000;0.696390
9402.000000;0.697317
9401.000000;0.698223
9400.000000;0.698343
9399.000000;0.697501
9398.000000;0.696298
9397.000000;0.695520
9396.000000;0.695395
9395.000000;0.695547
9394.000000;0.695613
9393.000000;0.695620
9392.000000;0.695724
9391.000000;0.695870
9390.000000;0.695942
9389.000000;0.696006
9388.000000;0.696148
9387.000000;0.696216
9386.000000;0.695990
9385.000000;0.695555
9384.000000;0.695238
9383.000000;0.695176
9382.000000;0.695150
9381.000000;0.694901
9380.000000;0.694456
9379.000000;0.694044
9378.000000;0.693788
9377.000000;0.693613
9376.000000;0.693443
9375.000000;0.693380
9374.000000;0.693556
9373.000000;0.693836
9372.000000;0.693856
9371.000000;0.693500
9370.000000;0.693187
9369.000000;0.693446
9368.000000;0.694246
9367.000000;0.694951
9366.000000;0.694979
9365.000000;0.694370
9364.000000;0.693665
9363.000000;0.693388
9362.000000;0.693669
9361.000000;0.694163
9360.000000;0.694295
9359.000000;0.693779
9358.000000;0.692977
9357.000000;0.692553
9356.000000;0.692758
9355.000000;0.693248
9354.000000;0.693622
9353.000000;0.693876
9352.000000;0.694183
9351.000000;0.694456
9350.000000;0.694362
9349.000000;0.693732
9348.000000;0.692833
9347.000000;0.692253
9346.000000;0.692449
9345.000000;0.693291
9344.000000;0.694065
9343.000000;0.694127
9342.000000;0.693557
9341.000000;0.692934
9340.000000;0.692527
9339.000000;0.692085
9338.000000;0.691472
9337.000000;0.691060
9336.000000;0.691247
9335.000000;0.691873
9334.000000;0.692410
9333.000000;0.692522
9332.000000;0.692219
9331.000000;0.691665
9330.000000;0.691134
9329.000000;0.690996
9328.000000;0.691427
9327.000000;0.692110
9326.000000;0.692446
9325.000000;0.692087
9324.000000;0.691210
9323.000000;0.690355
9322.000000;0.690073
9321.000000;0.690549
9320.000000;0.691388
9319.000000;0.691886
9318.000000;0.691700
9317.000000;0.691185
9316.000000;0.690950
9315.000000;0.691218
9314.000000;0.691747
9313.000000;0.692191
9312.000000;0.692304
9311.000000;0.691949
9310.000000;0.691206
9309.000000;0.690440
9308.000000;0.690039
9307.000000;0.690043
9306.000000;0.690170
9305.000000;0.690188
9304.000000;0.690113
9303.000000;0.690040
9302.000000;0.689955
9301.000000;0.689760
9300.000000;0.689412
9299.000000;0.689007
9298.000000;0.688755
9297.000000;0.688832
9296.000000;0.689202
9295.000000;0.689634
9294.000000;0.689921
9293.000000;0.690024
9292.000000;0.689973
9291.000000;0.689740
9290.000000;0.689314
9289.000000;0.688814
9288.000000;0.688417
9287.000000;0.688220
9286.000000;0.688211
9285.000000;0.688322
9284.000000;0.688454
9283.000000;0.688531
9282.000000;0.688592
9281.000000;0.688777
9280.000000;0.689134
9279.000000;0.689489
9278.000000;0.689552
9277.000000;0.689156
9276.000000;0.688409
9275.000000;0.687694
9274.000000;0.687491
9273.000000;0.688022
9272.000000;0.688975
9271.000000;0.689670
9270.000000;0.689595
9269.000000;0.688807
9268.000000;0.687834
9267.000000;0.687263
9266.000000;0.687355
9265.000000;0.687860
9264.000000;0.688216
9263.000000;0.688097
9262.000000;0.687754
9261.000000;0.687643
9260.000000;0.687775
9259.000000;0.687701
9258.000000;0.687199
9257.000000;0.686645
9256.000000;0.686539
9255.000000;0.686876
9254.000000;0.687171
9253.000000;0.687005
9252.000000;0.686437
9251.000000;0.685959
9250.000000;0.686105
9249.000000;0.686934
9248.000000;0.687857
9247.000000;0.688138
9246.000000;0.687651
9245.000000;0.686932
9244.000000;0.686468
9243.000000;0.686249
9242.000000;0.686102
9241.000000;0.686088
9240.000000;0.686282
9239.000000;0.686423
9238.000000;0.686199
9237.000000;0.685749
9236.000000;0.685542
9235.000000;0.685761
9234.000000;0.686103
9233.000000;0.686183
9232.000000;0.685913
9231.000000;0.685473
9230.000000;0.685112
9229.000000;0.685029
9228.000000;0.685248
9227.000000;0.685542
9226.000000;0.685630
9225.000000;0.685516
9224.000000;0.685495
9223.000000;0.685738
9222.000000;0.685980
9221.000000;0.685755
9220.000000;0.684973
9219.000000;0.684134
9218.000000;0.683887
9217.000000;0.684371
9216.000000;0.685066
9215.000000;0.685310
9214.000000;0.684929
9213.000000;0.684308
9212.000000;0.683945
9211.000000;0.684078
9210.000000;0.684623
9209.000000;0.685228
9208.000000;0.685416
9207.000000;0.684946
9206.000000;0.684131
9205.000000;0.683610
9204.000000;0.683718
9203.000000;0.684203
9202.000000;0.684585
9201.000000;0.684612
9200.000000;0.684330
9199.000000;0.683929
9198.000000;0.683692
9197.000000;0.683881
9196.000000;0.684443
9195.000000;0.684946
9194.000000;0.684996
9193.000000;0.684685
9192.000000;0.684435
9191.000000;0.684456
9190.000000;0.684513
9189.000000;0.684232
9188.000000;0.683553
9187.000000;0.682841
9186.000000;0.682566
9185.000000;0.682838
9184.000000;0.683232
9183.000000;0.683160
9182.000000;0.682479
9181.000000;0.681668
9180.000000;0.681325
9179.000000;0.681622
9178.000000;0.682261
9177.000000;0.682843
9176.000000;0.683148
9175.000000;0.683150
9174.000000;0.682911
9173.000000;0.682518
9172.000000;0.682094
9171.000000;0.681810
9170.000000;0.681793
9169.000000;0.681957
9168.000000;0.682031
9167.000000;0.681877
9166.000000;0.681723
9165.000000;0.681864
9164.000000;0.682193
9163.000000;0.682263
9162.000000;0.681869
9161.000000;0.681301
9160.000000;0.680930
9159.000000;0.680779
9158.000000;0.680682
9157.000000;0.680651
9156.000000;0.680840
9155.000000;0.681253
9154.000000;0.681702
9153.000000;0.682004
9152.000000;0.682060
9151.000000;0.681802
9150.000000;0.681227
9149.000000;0.680499
9148.000000;0.679859
9147.000000;0.679455
9146.000000;0.679326
9145.000000;0.679489
9144.000000;0.679898
9143.000000;0.680325
9142.000000;0.680428
9141.000000;0.680050
9140.000000;0.679395
9139.000000;0.678881
9138.000000;0.678800
9137.000000;0.679144
9136.000000;0.679708
9135.000000;0.680311
9134.000000;0.680858
9133.000000;0.681218
9132.000000;0.681182
9131.000000;0.680680
9130.000000;0.679956
9129.000000;0.679402
9128.000000;0.679220
9127.000000;0.679337
9126.000000;0.679608
9125.000000;0.679921
9124.000000;0.680105
9123.000000;0.679943
9122.000000;0.679397
9121.000000;0.678744
9120.000000;0.678384
9119.000000;0.678540
9118.000000;0.679100
9117.000000;0.679696
9116.000000;0.679939
9115.000000;0.679707
9114.000000;0.679210
9113.000000;0.678709
9112.000000;0.678237
9111.000000;0.677724
9110.000000;0.677314
9109.000000;0.677320
9108.000000;0.677808
9107.000000;0.678401
9106.000000;0.678610
9105.000000;0.678260
9104.000000;0.677583
9103.000000;0.677002
9102.000000;0.676889
9101.000000;0.677331
9100.000000;0.678004
9099.000000;0.678360
9098.000000;0.678080
9097.000000;0.677366
9096.000000;0.676779
9095.000000;0.676808
9094.000000;0.677527
9093.000000;0.678515
9092.000000;0.679118
9091.000000;0.678968
9090.000000;0.678279
9089.000000;0.677549
9088.000000;0.677036
9087.000000;0.676677
9086.000000;0.676443
9085.000000;0.676458
9084.000000;0.676732
9083.000000;0.677014
9082.000000;0.677054
9081.000000;0.676847
9080.000000;0.676548
9079.000000;0.676301
9078.000000;0.676215
9077.000000;0.676279
9076.000000;0.676242
9075.000000;0.675821
9074.000000;0.675181
9073.000000;0.674953
9072.000000;0.675534
9071.000000;0.676531
9070.000000;0.677149
9069.000000;0.677035
9068.000000;0.676501
9067.000000;0.675971
9066.000000;0.675553
9065.000000;0.675192
9064.000000;0.674982
9063.000000;0.675118
9062.000000;0.675577
9061.000000;0.676029
9060.000000;0.676122
9059.000000;0.675856
9058.000000;0.675586
9057.000000;0.675617
9056.000000;0.675853
9055.000000;0.675932
9054.000000;0.675672
9053.000000;0.675248
9052.000000;0.674925
9051.000000;0.674771
9050.000000;0.674696
9049.000000;0.674651
9048.000000;0.674657
9047.000000;0.674720
9046.000000;0.674802
9045.000000;0.674835
9044.000000;0.674720
9043.000000;0.674391
9042.000000;0.673963
9041.000000;0.673730
9040.000000;0.673897
9039.000000;0.674329
9038.000000;0.674669
9037.000000;0.674708
9036.000000;0.674591
9035.000000;0.674626
9034.000000;0.674914
9033.000000;0.675182
9032.000000;0.675003
9031.000000;0.674193
9030.000000;0.673017
9029.000000;0.672035
9028.000000;0.671790
9027.000000;0.672505
9026.000000;0.673909
9025.000000;0.675252
9024.000000;0.675708
9023.000000;0.675003
9022.000000;0.673684
9021.000000;0.672649
9020.000000;0.672432
9019.000000;0.672939
9018.000000;0.673707
9017.000000;0.674284
9016.000000;0.674447
9015.000000;0.674284
9014.000000;0.674063
9013.000000;0.673916
9012.000000;0.673700
9011.000000;0.673244
9010.000000;0.672652
9009.000000;0.672177
9008.000000;0.671911
9007.000000;0.671793
9006.000000;0.671848
9005.000000;0.672139
9004.000000;0.672524
9003.000000;0.672726
9002.000000;0.672705
9001.000000;0.672693
9000.000000;0.672789
8999.000000;0.672787
8998.000000;0.672514
8997.000000;0.672115
8996.000000;0.671842
8995.000000;0.671766
8994.000000;0.671839
8993.000000;0.672054
8992.000000;0.672334
8991.000000;0.672404
8990.000000;0.672005
8989.000000;0.671226
8988.000000;0.670492
8987.000000;0.670214
8986.000000;0.670515
8985.000000;0.671198
8984.000000;0.671878
8983.000000;0.672208
8982.000000;0.672107
8981.000000;0.671783
8980.000000;0.671479
8979.000000;0.671214
8978.000000;0.670867
8977.000000;0.670452
8976.000000;0.670214
8975.000000;0.670399
8974.000000;0.670973
8973.000000;0.671595
8972.000000;0.671876
8971.000000;0.671669
8970.000000;0.671107
8969.000000;0.670459
8968.000000;0.670012
8967.000000;0.670005
8966.000000;0.670464
8965.000000;0.671054
8964.000000;0.671277
8963.000000;0.670974
8962.000000;0.670478
8961.000000;0.670180
8960.000000;0.670112
8959.000000;0.670101
8958.000000;0.670121
8957.000000;0.670221
8956.000000;0.670239
8955.000000;0.669913
8954.000000;0.669294
8953.000000;0.668764
8952.000000;0.668636
8951.000000;0.668940
8950.000000;0.669544
8949.000000;0.670215
8948.000000;0.670566
8947.000000;0.670307
8946.000000;0.669643
8945.000000;0.669139
8944.000000;0.669071
8943.000000;0.669143
8942.000000;0.668984
8941.000000;0.668680
8940.000000;0.668616
8939.000000;0.668936
8938.000000;0.669359
8937.000000;0.669462
8936.000000;0.669055
8935.000000;0.668358
8934.000000;0.667857
8933.000000;0.667882
8932.000000;0.668270
8931.000000;0.668567
8930.000000;0.668606
8929.000000;0.668696
8928.000000;0.669150
8927.000000;0.669798
8926.000000;0.670157
8925.000000;0.669959
8924.000000;0.669356
8923.000000;0.668687
8922.000000;0.668202
8921.000000;0.667985
8920.000000;0.667951
8919.000000;0.667919
8918.000000;0.667751
8917.000000;0.667456
8916.000000;0.667149
8915.000000;0.666951
8914.000000;0.666939
8913.000000;0.667132
8912.000000;0.667454
8911.000000;0.667730
8910.000000;0.667777
8909.000000;0.667528
8908.000000;0.667113
8907.000000;0.666827
8906.000000;0.666900
8905.000000;0.667227
8904.000000;0.667403
8903.000000;0.667193
8902.000000;0.666858
8901.000000;0.666854
8900.000000;0.667202
8899.000000;0.667408
8898.000000;0.667040
8897.000000;0.666221
8896.000000;0.665450
8895.000000;0.665105
8894.000000;0.665207
8893.000000;0.665553
8892.000000;0.665937
8891.000000;0.666283
8890.000000;0.666608
8889.000000;0.666844
8888.000000;0.666806
8887.000000;0.666451
8886.000000;0.666116
8885.000000;0.666241
8884.000000;0.666821
8883.000000;0.667302
8882.000000;0.667144
8881.000000;0.666349
8880.000000;0.665366
8879.000000;0.664638
8878.000000;0.664345
8877.000000;0.664440
8876.000000;0.664741
8875.000000;0.665021
8874.000000;0.665111
8873.000000;0.664963
8872.000000;0.664648
8871.000000;0.664355
8870.000000;0.664348
8869.000000;0.664760
8868.000000;0.665375
8867.000000;0.665736
8866.000000;0.665574
8865.000000;0.665092
8864.000000;0.664753
8863.000000;0.664824
8862.000000;0.665169
8861.000000;0.665432
8860.000000;0.665385
8859.000000;0.665113
8858.000000;0.664819
8857.000000;0.664519
8856.000000;0.664090
8855.000000;0.663664
8854.000000;0.663730
8853.000000;0.664575
8852.000000;0.665723
8851.000000;0.666251
8850.000000;0.665730
8849.000000;0.664632
8848.000000;0.663750
8847.000000;0.663488
8846.000000;0.663755
8845.000000;0.664258
8844.000000;0.664700
8843.000000;0.664854
8842.000000;0.664642
8841.000000;0.664159
8840.000000;0.663597
8839.000000;0.663202
8838.000000;0.663231
8837.000000;0.663736
8836.000000;0.664355
8835.000000;0.664518
8834.000000;0.664043
8833.000000;0.663380
8832.000000;0.663158
8831.000000;0.663591
8830.000000;0.664379
8829.000000;0.665045
8828.000000;0.665256
8827.000000;0.664946
8826.000000;0.664308
8825.000000;0.663704
8824.000000;0.663474
8823.000000;0.663733
8822.000000;0.664269
8821.000000;0.664609
8820.000000;0.664314
8819.000000;0.663382
8818.000000;0.662322
8817.000000;0.661746
8816.000000;0.661868
8815.000000;0.662476
8814.000000;0.663253
8813.000000;0.663938
8812.000000;0.664256
8811.000000;0.664012
8810.000000;0.663364
8809.000000;0.662789
8808.000000;0.662646
8807.000000;0.662854
8806.000000;0.663042
8805.000000;0.662933
8804.000000;0.662552
8803.000000;0.662184
8802.000000;0.662130
8801.000000;0.662391
8800.000000;0.662616
8799.000000;0.662487
8798.000000;0.662148
8797.000000;0.662020
8796.000000;0.662242
8795.000000;0.662532
8794.000000;0.662641
8793.000000;0.662659
8792.000000;0.662770
8791.000000;0.662936
8790.000000;0.663009
8789.000000;0.662950
8788.000000;0.662788
8787.000000;0.662489
8786.000000;0.662067
8785.000000;0.661705
8784.000000;0.661602
8783.000000;0.661740
8782.000000;0.661921
8781.000000;0.661979
8780.000000;0.661872
8779.000000;0.661649
8778.000000;0.661439
8777.000000;0.661438
8776.000000;0.661788
8775.000000;0.662439
8774.000000;0.663120
8773.000000;0.663427
8772.000000;0.663076
8771.000000;0.662229
8770.000000;0.661503
8769.000000;0.661422
8768.000000;0.661813
8767.000000;0.661968
8766.000000;0.661512
8765.000000;0.660874
8764.000000;0.660742
8763.000000;0.661216
8762.000000;0.661741
8761.000000;0.661769
8760.000000;0.661302
8759.000000;0.660800
8758.000000;0.660717
8757.000000;0.661151
8756.000000;0.661822
8755.000000;0.662320
8754.000000;0.662403
8753.000000;0.662103
8752.000000;0.661609
8751.000000;0.661133
8750.000000;0.660836
8749.000000;0.660749
8748.000000;0.660742
8747.000000;0.660672
8746.000000;0.660579
8745.000000;0.660603
8744.000000;0.660709
8743.000000;0.660678
8742.000000;0.660435
8741.000000;0.660239
8740.000000;0.660424
8739.000000;0.661019
8738.000000;0.661699
8737.000000;0.662055
8736.000000;0.661899
8735.000000;0.661408
8734.000000;0.660995
8733.000000;0.660955
8732.000000;0.661166
8731.000000;0.661205
8730.000000;0.660830
8729.000000;0.660254
8728.000000;0.659917
8727.000000;0.660063
8726.000000;0.660559
8725.000000;0.661035
8724.000000;0.661189
8723.000000;0.661032
8722.000000;0.660865
8721.000000;0.660950
8720.000000;0.661216
8719.000000;0.661357
8718.000000;0.661168
8717.000000;0.660695
8716.000000;0.660148
8715.000000;0.659819
8714.000000;0.659963
8713.000000;0.660511
8712.000000;0.660921
8711.000000;0.660647
8710.000000;0.659846
8709.000000;0.659312
8708.000000;0.659573
8707.000000;0.660297
8706.000000;0.660757
8705.000000;0.660679
8704.000000;0.660390
8703.000000;0.660295
8702.000000;0.660455
8701.000000;0.660632
8700.000000;0.660555
8699.000000;0.660206
8698.000000;0.659933
8697.000000;0.660157
8696.000000;0.660798
8695.000000;0.661161
8694.000000;0.660667
8693.000000;0.659649
8692.000000;0.659094
8691.000000;0.659544
8690.000000;0.660510
8689.000000;0.661070
8688.000000;0.660885
8687.000000;0.660409
8686.000000;0.660207
8685.000000;0.660351
8684.000000;0.660551
8683.000000;0.660653
8682.000000;0.660770
8681.000000;0.660961
8680.000000;0.661038
8679.000000;0.660792
8678.000000;0.660270
8677.000000;0.659691
8676.000000;0.659194
8675.000000;0.658824
8674.000000;0.658678
8673.000000;0.658856
8672.000000;0.659232
8671.000000;0.659481
8670.000000;0.659389
8669.000000;0.659068
8668.000000;0.658788
8667.000000;0.658724
8666.000000;0.658882
8665.000000;0.659155
8664.000000;0.659363
8663.000000;0.659330
8662.000000;0.659024
8661.000000;0.658634
8660.000000;0.658439
8659.000000;0.658585
8658.000000;0.658971
8657.000000;0.659314
8656.000000;0.659359
8655.000000;0.659071
8654.000000;0.658631
8653.000000;0.658239
8652.000000;0.657979
8651.000000;0.657881
8650.000000;0.657983
8649.000000;0.658226
8648.000000;0.658404
8647.000000;0.658368
8646.000000;0.658202
8645.000000;0.658084
8644.000000;0.658029
8643.000000;0.657904
8642.000000;0.657650
8641.000000;0.657320
8640.000000;0.656950
8639.000000;0.656571
8638.000000;0.656288
8637.000000;0.656191
8636.000000;0.656192
8635.000000;0.656131
8634.000000;0.656007
8633.000000;0.655937
8632.000000;0.655925
8631.000000;0.655876
8630.000000;0.655834
8629.000000;0.655955
8628.000000;0.656209
8627.000000;0.656320
8626.000000;0.656099
8625.000000;0.655681
8624.000000;0.655356
8623.000000;0.655304
8622.000000;0.655518
8621.000000;0.655859
8620.000000;0.656113
8619.000000;0.656111
8618.000000;0.655858
8617.000000;0.655476
8616.000000;0.655064
8615.000000;0.654729
8614.000000;0.654653
8613.000000;0.654932
8612.000000;0.655339
8611.000000;0.655478
8610.000000;0.655209
8609.000000;0.654718
8608.000000;0.654170
8607.000000;0.653552
8606.000000;0.652923
8605.000000;0.652527
8604.000000;0.652518
8603.000000;0.652749
8602.000000;0.652980
8601.000000;0.653121
8600.000000;0.653153
8599.000000;0.652993
8598.000000;0.652619
8597.000000;0.652234
8596.000000;0.652114
8595.000000;0.652308
8594.000000;0.652557
8593.000000;0.652504
8592.000000;0.652011
8591.000000;0.651353
8590.000000;0.651074
8589.000000;0.651490
8588.000000;0.652287
8587.000000;0.652764
8586.000000;0.652542
8585.000000;0.651894
8584.000000;0.651329
8583.000000;0.651065
8582.000000;0.651000
8581.000000;0.651018
8580.000000;0.651113
8579.000000;0.651292
8578.000000;0.651489
8577.000000;0.651561
8576.000000;0.651352
8575.000000;0.650852
8574.000000;0.650325
8573.000000;0.650136
8572.000000;0.650372
8571.000000;0.650712
8570.000000;0.650737
8569.000000;0.650298
8568.000000;0.649575
8567.000000;0.648908
8566.000000;0.648620
8565.000000;0.648838
8564.000000;0.649358
8563.000000;0.649766
8562.000000;0.649777
8561.000000;0.649425
8560.000000;0.648943
8559.000000;0.648584
8558.000000;0.648509
8557.000000;0.648639
8556.000000;0.648616
8555.000000;0.648158
8554.000000;0.647519
8553.000000;0.647315
8552.000000;0.647782
8551.000000;0.648411
8550.000000;0.648530
8549.000000;0.648032
8548.000000;0.647342
8547.000000;0.646851
8546.000000;0.646658
8545.000000;0.646748
8544.000000;0.647114
8543.000000;0.647648
8542.000000;0.648116
8541.000000;0.648297
8540.000000;0.648096
8539.000000;0.647583
8538.000000;0.647023
8537.000000;0.646766
8536.000000;0.646953
8535.000000;0.647310
8534.000000;0.647387
8533.000000;0.646993
8532.000000;0.646348
8531.000000;0.645805
8530.000000;0.645555
8529.000000;0.645563
8528.000000;0.645677
8527.000000;0.645759
8526.000000;0.645768
8525.000000;0.645751
8524.000000;0.645742
8523.000000;0.645712
8522.000000;0.645634
8521.000000;0.645549
8520.000000;0.645492
8519.000000;0.645410
8518.000000;0.645212
8517.000000;0.644907
8516.000000;0.644645
8515.000000;0.644594
8514.000000;0.644775
8513.000000;0.644987
8512.000000;0.644940
8511.000000;0.644537
8510.000000;0.644042
8509.000000;0.643867
8508.000000;0.644159
8507.000000;0.644653
8506.000000;0.644935
8505.000000;0.644798
8504.000000;0.644339
8503.000000;0.643825
8502.000000;0.643499
8501.000000;0.643437
8500.000000;0.643501
8499.000000;0.643459
8498.000000;0.643217
8497.000000;0.642899
8496.000000;0.642707
8495.000000;0.642745
8494.000000;0.642927
8493.000000;0.642993
8492.000000;0.642644
8491.000000;0.641832
8490.000000;0.640931
8489.000000;0.640490
8488.000000;0.640717
8487.000000;0.641298
8486.000000;0.641740
8485.000000;0.641835
8484.000000;0.641746
8483.000000;0.641733
8482.000000;0.641893
8481.000000;0.642092
8480.000000;0.642080
8479.000000;0.641732
8478.000000;0.641221
8477.000000;0.640881
8476.000000;0.640865
8475.000000;0.641002
8474.000000;0.641028
8473.000000;0.640865
8472.000000;0.640622
8471.000000;0.640412
8470.000000;0.640258
8469.000000;0.640144
8468.000000;0.640064
8467.000000;0.640022
8466.000000;0.640004
8465.000000;0.639955
8464.000000;0.639822
8463.000000;0.639656
8462.000000;0.639636
8461.000000;0.639868
8460.000000;0.640152
8459.000000;0.640086
8458.000000;0.639493
8457.000000;0.638674
8456.000000;0.638155
8455.000000;0.638190
8454.000000;0.638536
8453.000000;0.638705
8452.000000;0.638456
8451.000000;0.638046
8450.000000;0.637956
8449.000000;0.638337
8448.000000;0.638786
8447.000000;0.638790
8446.000000;0.638316
8445.000000;0.637833
8444.000000;0.637787
8443.000000;0.638191
8442.000000;0.638695
8441.000000;0.638880
8440.000000;0.638502
8439.000000;0.637676
8438.000000;0.636890
8437.000000;0.636638
8436.000000;0.636949
8435.000000;0.637386
8434.000000;0.637563
8433.000000;0.637496
8432.000000;0.637378
8431.000000;0.637225
8430.000000;0.636932
8429.000000;0.636544
8428.000000;0.636270
8427.000000;0.636256
8426.000000;0.636480
8425.000000;0.636797
8424.000000;0.636974
8423.000000;0.636779
8422.000000;0.636214
8421.000000;0.635635
8420.000000;0.635452
8419.000000;0.635663
8418.000000;0.635819
8417.000000;0.635533
8416.000000;0.634957
8415.000000;0.634634
8414.000000;0.634897
8413.000000;0.635514
8412.000000;0.635963
8411.000000;0.635989
8410.000000;0.635773
8409.000000;0.635566
8408.000000;0.635357
8407.000000;0.635022
8406.000000;0.634663
8405.000000;0.634556
8404.000000;0.634750
8403.000000;0.634965
8402.000000;0.634960
8401.000000;0.634840
8400.000000;0.634843
8399.000000;0.634978
8398.000000;0.635038
8397.000000;0.634924
8396.000000;0.634767
8395.000000;0.634708
8394.000000;0.634698
8393.000000;0.634559
8392.000000;0.634203
8391.000000;0.633733
8390.000000;0.633370
8389.000000;0.633284
8388.000000;0.633464
8387.000000;0.633700
8386.000000;0.633704
8385.000000;0.633326
8384.000000;0.632714
8383.000000;0.632257
8382.000000;0.632283
8381.000000;0.632735
8380.000000;0.633168
8379.000000;0.633130
8378.000000;0.632579
8377.000000;0.631909
8376.000000;0.631593
8375.000000;0.631804
8374.000000;0.632316
8373.000000;0.632697
8372.000000;0.632650
8371.000000;0.632226
8370.000000;0.631723
8369.000000;0.631383
8368.000000;0.631257
8367.000000;0.631333
8366.000000;0.631620
8365.000000;0.632012
8364.000000;0.632219
8363.000000;0.632022
8362.000000;0.631545
8361.000000;0.631107
8360.000000;0.630837
8359.000000;0.630599
8358.000000;0.630257
8357.000000;0.629845
8356.000000;0.629489
8355.000000;0.629330
8354.000000;0.629512
8353.000000;0.630055
8352.000000;0.630699
8351.000000;0.631061
8350.000000;0.631021
8349.000000;0.630828
8348.000000;0.630749
8347.000000;0.630745
8346.000000;0.630589
8345.000000;0.630185
8344.000000;0.629685
8343.000000;0.629343
8342.000000;0.629307
8341.000000;0.629488
8340.000000;0.629614
8339.000000;0.629483
8338.000000;0.629189
8337.000000;0.628994
8336.000000;0.628984
8335.000000;0.628994
8334.000000;0.628892
8333.000000;0.628764
8332.000000;0.628742
8331.000000;0.628792
8330.000000;0.628810
8329.000000;0.628820
8328.000000;0.628910
8327.000000;0.629022
8326.000000;0.628948
8325.000000;0.628579
8324.000000;0.628075
8323.000000;0.627730
8322.000000;0.627688
8321.000000;0.627807
8320.000000;0.627833
8319.000000;0.627701
8318.000000;0.627613
8317.000000;0.627795
8316.000000;0.628191
8315.000000;0.628490
8314.000000;0.628413
8313.000000;0.627933
8312.000000;0.627237
8311.000000;0.626582
8310.000000;0.626171
8309.000000;0.626054
8308.000000;0.626119
8307.000000;0.626226
8306.000000;0.626346
8305.000000;0.626484
8304.000000;0.626550
8303.000000;0.626459
8302.000000;0.626291
8301.000000;0.626202
8300.000000;0.626187
8299.000000;0.626154
8298.000000;0.626211
8297.000000;0.626598
8296.000000;0.627230
8295.000000;0.627565
8294.000000;0.627169
8293.000000;0.626263
8292.000000;0.625496
8291.000000;0.625278
8290.000000;0.625498
8289.000000;0.625813
8288.000000;0.625947
8287.000000;0.625746
8286.000000;0.625192
8285.000000;0.624503
8284.000000;0.624085
8283.000000;0.624228
8282.000000;0.624832
8281.000000;0.625443
8280.000000;0.625613
8279.000000;0.625243
8278.000000;0.624634
8277.000000;0.624191
8276.000000;0.624062
8275.000000;0.624047
8274.000000;0.623858
8273.000000;0.623457
8272.000000;0.623111
8271.000000;0.623122
8270.000000;0.623535
8269.000000;0.624073
8268.000000;0.624366
8267.000000;0.624257
8266.000000;0.623921
8265.000000;0.623662
8264.000000;0.623606
8263.000000;0.623645
8262.000000;0.623633
8261.000000;0.623581
8260.000000;0.623598
8259.000000;0.623710
8258.000000;0.623786
8257.000000;0.623661
8256.000000;0.623316
8255.000000;0.622946
8254.000000;0.622819
8253.000000;0.623033
8252.000000;0.623399
8251.000000;0.623574
8250.000000;0.623358
8249.000000;0.622842
8248.000000;0.622287
8247.000000;0.621907
8246.000000;0.621742
8245.000000;0.621688
8244.000000;0.621607
8243.000000;0.621463
8242.000000;0.621347
8241.000000;0.621365
8240.000000;0.621475
8239.000000;0.621514
8238.000000;0.621379
8237.000000;0.621167
8236.000000;0.621065
8235.000000;0.621158
8234.000000;0.621352
8233.000000;0.621505
8232.000000;0.621579
8231.000000;0.621651
8230.000000;0.621759
8229.000000;0.621785
8228.000000;0.621555
8227.000000;0.621049
8226.000000;0.620478
8225.000000;0.620103
8224.000000;0.620038
8223.000000;0.620219
8222.000000;0.620502
8221.000000;0.620721
8220.000000;0.620730
8219.000000;0.620510
8218.000000;0.620225
8217.000000;0.620110
8216.000000;0.620266
8215.000000;0.620569
8214.000000;0.620786
8213.000000;0.620768
8212.000000;0.620574
8211.000000;0.620414
8210.000000;0.620430
8209.000000;0.620489
8208.000000;0.620274
8207.000000;0.619624
8206.000000;0.618752
8205.000000;0.618077
8204.000000;0.617885
8203.000000;0.618163
8202.000000;0.618655
8201.000000;0.619049
8200.000000;0.619191
8199.000000;0.619210
8198.000000;0.619333
8197.000000;0.619521
8196.000000;0.619426
8195.000000;0.618852
8194.000000;0.618133
8193.000000;0.617829
8192.000000;0.618098
8191.000000;0.618543
8190.000000;0.618680
8189.000000;0.618395
8188.000000;0.617922
8187.000000;0.617570
8186.000000;0.617536
8185.000000;0.617814
8184.000000;0.618167
8183.000000;0.618260
8182.000000;0.617970
8181.000000;0.617538
8180.000000;0.617366
8179.000000;0.617634
8178.000000;0.618134
8177.000000;0.618459
8176.000000;0.618383
8175.000000;0.618072
8174.000000;0.617896
8173.000000;0.617992
8172.000000;0.618080
8171.000000;0.617796
8170.000000;0.617141
8169.000000;0.616483
8168.000000;0.616141
8167.000000;0.616132
8166.000000;0.616296
8165.000000;0.616521
8164.000000;0.616750
8163.000000;0.616880
8162.000000;0.616782
8161.000000;0.616444
8160.000000;0.616040
8159.000000;0.615834
8158.000000;0.615994
8157.000000;0.616439
8156.000000;0.616870
8155.000000;0.616978
8154.000000;0.616673
8153.000000;0.616131
8152.000000;0.615657
8151.000000;0.615485
8150.000000;0.615599
8149.000000;0.615736
8148.000000;0.615621
8147.000000;0.615269
8146.000000;0.614962
8145.000000;0.614910
8144.000000;0.615050
8143.000000;0.615242
8142.000000;0.615479
8141.000000;0.615775
8140.000000;0.615951
8139.000000;0.615759
8138.000000;0.615193
8137.000000;0.614523
8136.000000;0.614057
8135.000000;0.613967
8134.000000;0.614274
8133.000000;0.614812
8132.000000;0.615249
8131.000000;0.615326
8130.000000;0.615084
8129.000000;0.614732
8128.000000;0.614369
8127.000000;0.614026
8126.000000;0.613871
8125.000000;0.614071
8124.000000;0.614444
8123.000000;0.614535
8122.000000;0.614171
8121.000000;0.613675
8120.000000;0.613394
8119.000000;0.613265
8118.000000;0.613053
8117.000000;0.612836
8116.000000;0.612942
8115.000000;0.613461
8114.000000;0.614032
8113.000000;0.614215
8112.000000;0.613951
8111.000000;0.613591
8110.000000;0.613506
8109.000000;0.613709
8108.000000;0.613868
8107.000000;0.613673
8106.000000;0.613174
8105.000000;0.612708
8104.000000;0.612523
8103.000000;0.612546
8102.000000;0.612523
8101.000000;0.612312
8100.000000;0.612002
8099.000000;0.611798
8098.000000;0.611832
8097.000000;0.612037
8096.000000;0.612199
8095.000000;0.612193
8094.000000;0.612120
8093.000000;0.612151
8092.000000;0.612252
8091.000000;0.612224
8090.000000;0.612029
8089.000000;0.611928
8088.000000;0.612191
8087.000000;0.612706
8086.000000;0.612999
8085.000000;0.612678
8084.000000;0.611844
8083.000000;0.611053
8082.000000;0.610838
8081.000000;0.611223
8080.000000;0.611726
8079.000000;0.611877
8078.000000;0.611678
8077.000000;0.611443
8076.000000;0.611322
8075.000000;0.611163
8074.000000;0.610846
8073.000000;0.610516
8072.000000;0.610384
8071.000000;0.610450
8070.000000;0.610557
8069.000000;0.610613
8068.000000;0.610652
8067.000000;0.610737
8066.000000;0.610907
8065.000000;0.611168
8064.000000;0.611440
8063.000000;0.611553
8062.000000;0.611375
8061.000000;0.610954
8060.000000;0.610467
8059.000000;0.610052
8058.000000;0.609737
8057.000000;0.609513
8056.000000;0.609419
8055.000000;0.609507
8054.000000;0.609728
8053.000000;0.609875
8052.000000;0.609740
8051.000000;0.609368
8050.000000;0.609101
8049.000000;0.609240
8048.000000;0.609684
8047.000000;0.610008
8046.000000;0.609927
8045.000000;0.609610
8044.000000;0.609454
8043.000000;0.609630
8042.000000;0.609904
8041.000000;0.609876
8040.000000;0.609380
8039.000000;0.608664
8038.000000;0.608180
8037.000000;0.608191
8036.000000;0.608588
8035.000000;0.609060
8034.000000;0.609369
8033.000000;0.609420
8032.000000;0.609194
8031.000000;0.608785
8030.000000;0.608451
8029.000000;0.608432
8028.000000;0.608673
8027.000000;0.608860
8026.000000;0.608798
8025.000000;0.608608
8024.000000;0.608484
8023.000000;0.608376
8022.000000;0.608069
8021.000000;0.607501
8020.000000;0.606901
8019.000000;0.606592
8018.000000;0.606726
8017.000000;0.607181
8016.000000;0.607674
8015.000000;0.607990
8014.000000;0.608126
8013.000000;0.608194
8012.000000;0.608235
8011.000000;0.608201
8010.000000;0.608112
8009.000000;0.608095
8008.000000;0.608211
8007.000000;0.608326
8006.000000;0.608261
8005.000000;0.607998
8004.000000;0.607677
8003.000000;0.607432
8002.000000;0.607295
8001.000000;0.607220
8000.000000;0.607134
7999.000000;0.607010
7998.000000;0.606941
7997.000000;0.607065
7996.000000;0.607334
7995.000000;0.607436
7994.000000;0.607099
7993.000000;0.606485
7992.000000;0.606120
7991.000000;0.606338
7990.000000;0.606883
7989.000000;0.607169
7988.000000;0.606908
7987.000000;0.606393
7986.000000;0.606118
7985.000000;0.606244
7984.000000;0.606487
7983.000000;0.606481
7982.000000;0.606147
7981.000000;0.605701
7980.000000;0.605424
7979.000000;0.605457
7978.000000;0.605765
7977.000000;0.606185
7976.000000;0.606507
7975.000000;0.606554
7974.000000;0.606244
7973.000000;0.605645
7972.000000;0.605008
7971.000000;0.604679
7970.000000;0.604847
7969.000000;0.605321
7968.000000;0.605668
7967.000000;0.605643
7966.000000;0.605404
7965.000000;0.605252
7964.000000;0.605270
7963.000000;0.605326
7962.000000;0.605318
7961.000000;0.605245
7960.000000;0.605087
7959.000000;0.604809
7958.000000;0.604504
7957.000000;0.604373
7956.000000;0.604486
7955.000000;0.604671
7954.000000;0.604726
7953.000000;0.604641
7952.000000;0.604553
7951.000000;0.604535
7950.000000;0.604525
7949.000000;0.604431
7948.000000;0.604251
7947.000000;0.604086
7946.000000;0.604067
7945.000000;0.604228
7944.000000;0.604444
7943.000000;0.604523
7942.000000;0.604401
7941.000000;0.604215
7940.000000;0.604146
7939.000000;0.604210
7938.000000;0.604236
7937.000000;0.604067
7936.000000;0.603718
7935.000000;0.603323
7934.000000;0.602974
7933.000000;0.602683
7932.000000;0.602506
7931.000000;0.602583
7930.000000;0.602981
7929.000000;0.603514
7928.000000;0.603862
7927.000000;0.603888
7926.000000;0.603724
7925.000000;0.603548
7924.000000;0.603376
7923.000000;0.603167
7922.000000;0.602992
7921.000000;0.602963
7920.000000;0.603056
7919.000000;0.603122
7918.000000;0.603042
7917.000000;0.602810
7916.000000;0.602494
7915.000000;0.602212
7914.000000;0.602108
7913.000000;0.602220
7912.000000;0.602400
7911.000000;0.602449
7910.000000;0.602344
7909.000000;0.602236
7908.000000;0.602231
7907.000000;0.602266
7906.000000;0.602224
7905.000000;0.602079
7904.000000;0.601907
7903.000000;0.601829
7902.000000;0.601945
7901.000000;0.602253
7900.000000;0.602562
7899.000000;0.602578
7898.000000;0.602154
7897.000000;0.601485
7896.000000;0.601029
7895.000000;0.601168
7894.000000;0.601874
7893.000000;0.602639
7892.000000;0.602843
7891.000000;0.602296
7890.000000;0.601424
7889.000000;0.600861
7888.000000;0.600878
7887.000000;0.601239
7886.000000;0.601515
7885.000000;0.601470
7884.000000;0.601172
7883.000000;0.600854
7882.000000;0.600706
7881.000000;0.600734
7880.000000;0.600787
7879.000000;0.600732
7878.000000;0.600585
7877.000000;0.600455
7876.000000;0.600420
7875.000000;0.600479
7874.000000;0.600580
7873.000000;0.600629
7872.000000;0.600545
7871.000000;0.600383
7870.000000;0.600313
7869.000000;0.600379
7868.000000;0.600366
7867.000000;0.600074
7866.000000;0.599664
7865.000000;0.599543
7864.000000;0.599859
7863.000000;0.600287
7862.000000;0.600402
7861.000000;0.600156
7860.000000;0.599901
7859.000000;0.599970
7858.000000;0.600340
7857.000000;0.600651
7856.000000;0.600549
7855.000000;0.600025
7854.000000;0.599423
7853.000000;0.599112
7852.000000;0.599150
7851.000000;0.599316
7850.000000;0.599404
7849.000000;0.599403
7848.000000;0.599412
7847.000000;0.599473
7846.000000;0.599541
7845.000000;0.599525
7844.000000;0.599349
7843.000000;0.599025
7842.000000;0.598694
7841.000000;0.598524
7840.000000;0.598554
7839.000000;0.598659
7838.000000;0.598704
7837.000000;0.598683
7836.000000;0.598712
7835.000000;0.598888
7834.000000;0.599149
7833.000000;0.599263
7832.000000;0.599027
7831.000000;0.598522
7830.000000;0.598116
7829.000000;0.598098
7828.000000;0.598356
7827.000000;0.598506
7826.000000;0.598347
7825.000000;0.598068
7824.000000;0.597996
7823.000000;0.598244
7822.000000;0.598628
7821.000000;0.598847
7820.000000;0.598702
7819.000000;0.598239
7818.000000;0.597733
7817.000000;0.597480
7816.000000;0.597558
7815.000000;0.597806
7814.000000;0.598016
7813.000000;0.598127
7812.000000;0.598211
7811.000000;0.598318
7810.000000;0.598362
7809.000000;0.598181
7808.000000;0.597728
7807.000000;0.597222
7806.000000;0.597010
7805.000000;0.597209
7804.000000;0.597521
7803.000000;0.597530
7802.000000;0.597170
7801.000000;0.596769
7800.000000;0.596623
7799.000000;0.596663
7798.000000;0.596618
7797.000000;0.596402
7796.000000;0.596239
7795.000000;0.596390
7794.000000;0.596810
7793.000000;0.597130
7792.000000;0.597010
7791.000000;0.596526
7790.000000;0.596125
7789.000000;0.596160
7788.000000;0.596520
7787.000000;0.596800
7786.000000;0.596775
7785.000000;0.596597
7784.000000;0.596534
7783.000000;0.596648
7782.000000;0.596765
7781.000000;0.596684
7780.000000;0.596360
7779.000000;0.595947
7778.000000;0.595698
7777.000000;0.595755
7776.000000;0.596002
7775.000000;0.596170
7774.000000;0.596108
7773.000000;0.595929
7772.000000;0.595842
7771.000000;0.595899
7770.000000;0.595947
7769.000000;0.595808
7768.000000;0.595491
7767.000000;0.595193
7766.000000;0.595105
7765.000000;0.595219
7764.000000;0.595372
7763.000000;0.595448
7762.000000;0.595482
7761.000000;0.595524
7760.000000;0.595514
7759.000000;0.595382
7758.000000;0.595201
7757.000000;0.595106
7756.000000;0.595091
7755.000000;0.595015
7754.000000;0.594808
7753.000000;0.594576
7752.000000;0.594452
7751.000000;0.594437
7750.000000;0.594434
7749.000000;0.594364
7748.000000;0.594220
7747.000000;0.594067
7746.000000;0.594015
7745.000000;0.594116
7744.000000;0.594274
7743.000000;0.594306
7742.000000;0.594154
7741.000000;0.593979
7740.000000;0.593999
7739.000000;0.594254
7738.000000;0.594554
7737.000000;0.594661
7736.000000;0.594505
7735.000000;0.594227
7734.000000;0.594016
7733.000000;0.593926
7732.000000;0.593867
7731.000000;0.593752
7730.000000;0.593588
7729.000000;0.593414
7728.000000;0.593261
7727.000000;0.593210
7726.000000;0.593387
7725.000000;0.593773
7724.000000;0.594103
7723.000000;0.594078
7722.000000;0.593713
7721.000000;0.593331
7720.000000;0.593225
7719.000000;0.593378
7718.000000;0.593543
7717.000000;0.593500
7716.000000;0.593242
7715.000000;0.592972
7714.000000;0.592903
7713.000000;0.593011
7712.000000;0.593009
7711.000000;0.592649
7710.000000;0.592054
7709.000000;0.591640
7708.000000;0.591686
7707.000000;0.592083
7706.000000;0.592511
7705.000000;0.592748
7704.000000;0.592767
7703.000000;0.592616
7702.000000;0.592341
7701.000000;0.592022
7700.000000;0.591803
7699.000000;0.591820
7698.000000;0.592076
7697.000000;0.592394
7696.000000;0.592541
7695.000000;0.592453
7694.000000;0.592295
7693.000000;0.592244
7692.000000;0.592257
7691.000000;0.592124
7690.000000;0.591745
7689.000000;0.591263
7688.000000;0.590930
7687.000000;0.590901
7686.000000;0.591142
7685.000000;0.591464
7684.000000;0.591624
7683.000000;0.591519
7682.000000;0.591299
7681.000000;0.591233
7680.000000;0.591415
7679.000000;0.591643
7678.000000;0.591627
7677.000000;0.591273
7676.000000;0.590761
7675.000000;0.590383
7674.000000;0.590339
7673.000000;0.590613
7672.000000;0.590997
7671.000000;0.591237
7670.000000;0.591223
7669.000000;0.591026
7668.000000;0.590767
7667.000000;0.590485
7666.000000;0.590162
7665.000000;0.589847
7664.000000;0.589677
7663.000000;0.589724
7662.000000;0.589845
7661.000000;0.589795
7660.000000;0.589533
7659.000000;0.589354
7658.000000;0.589583
7657.000000;0.590133
7656.000000;0.590504
7655.000000;0.590300
7654.000000;0.589681
7653.000000;0.589181
7652.000000;0.589148
7651.000000;0.589462
7650.000000;0.589766
7649.000000;0.589866
7648.000000;0.589854
7647.000000;0.589916
7646.000000;0.590070
7645.000000;0.590120
7644.000000;0.589865
7643.000000;0.589377
7642.000000;0.588988
7641.000000;0.588979
7640.000000;0.589326
7639.000000;0.589760
7638.000000;0.590022
7637.000000;0.589992
7636.000000;0.589685
7635.000000;0.589224
7634.000000;0.588810
7633.000000;0.588593
7632.000000;0.588548
7631.000000;0.588543
7630.000000;0.588509
7629.000000;0.588505
7628.000000;0.588623
7627.000000;0.588878
7626.000000;0.589167
7625.000000;0.589300
7624.000000;0.589110
7623.000000;0.588627
7622.000000;0.588115
7621.000000;0.587869
7620.000000;0.587989
7619.000000;0.588346
7618.000000;0.588716
7617.000000;0.588902
7616.000000;0.588813
7615.000000;0.588543
7614.000000;0.588305
7613.000000;0.588222
7612.000000;0.588214
7611.000000;0.588174
7610.000000;0.588179
7609.000000;0.588364
7608.000000;0.588652
7607.000000;0.588776
7606.000000;0.588604
7605.000000;0.588288
7604.000000;0.588060
7603.000000;0.587983
7602.000000;0.587973
7601.000000;0.587938
7600.000000;0.587830
7599.000000;0.587621
7598.000000;0.587329
7597.000000;0.587064
7596.000000;0.586987
7595.000000;0.587189
7594.000000;0.587577
7593.000000;0.587902
7592.000000;0.587966
7591.000000;0.587830
7590.000000;0.587733
7589.000000;0.587767
7588.000000;0.587745
7587.000000;0.587505
7586.000000;0.587216
7585.000000;0.587181
7584.000000;0.587392
7583.000000;0.587490
7582.000000;0.587217
7581.000000;0.586760
7580.000000;0.586534
7579.000000;0.586752
7578.000000;0.587244
7577.000000;0.587641
7576.000000;0.587669
7575.000000;0.587357
7574.000000;0.587018
7573.000000;0.586957
7572.000000;0.587173
7571.000000;0.587376
7570.000000;0.587310
7569.000000;0.587001
7568.000000;0.586673
7567.000000;0.586500
7566.000000;0.586488
7565.000000;0.586528
7564.000000;0.586499
7563.000000;0.586358
7562.000000;0.586176
7561.000000;0.586074
7560.000000;0.586116
7559.000000;0.586272
7558.000000;0.586472
7557.000000;0.586638
7556.000000;0.586695
7555.000000;0.586624
7554.000000;0.586527
7553.000000;0.586542
7552.000000;0.586683
7551.000000;0.586806
7550.000000;0.586773
7549.000000;0.586594
7548.000000;0.586389
7547.000000;0.586260
7546.000000;0.586222
7545.000000;0.586227
7544.000000;0.586221
7543.000000;0.586184
7542.000000;0.586149
7541.000000;0.586168
7540.000000;0.586251
7539.000000;0.586343
7538.000000;0.586352
7537.000000;0.586202
7536.000000;0.585910
7535.000000;0.585617
7534.000000;0.585494
7533.000000;0.585577
7532.000000;0.585754
7531.000000;0.585925
7530.000000;0.586087
7529.000000;0.586212
7528.000000;0.586167
7527.000000;0.585904
7526.000000;0.585627
7525.000000;0.585597
7524.000000;0.585799
7523.000000;0.585972
7522.000000;0.585972
7521.000000;0.585923
7520.000000;0.585974
7519.000000;0.586079
7518.000000;0.586118
7517.000000;0.586086
7516.000000;0.586061
7515.000000;0.586058
7514.000000;0.586040
7513.000000;0.585990
7512.000000;0.585913
7511.000000;0.585802
7510.000000;0.585699
7509.000000;0.585704
7508.000000;0.585821
7507.000000;0.585837
7506.000000;0.585524
7505.000000;0.584993
7504.000000;0.584699
7503.000000;0.584982
7502.000000;0.585673
7501.000000;0.586237
7500.000000;0.586264
7499.000000;0.585858
7498.000000;0.585407
7497.000000;0.585192
7496.000000;0.585236
7495.000000;0.585443
7494.000000;0.585701
7493.000000;0.585851
7492.000000;0.585753
7491.000000;0.585436
7490.000000;0.585128
7489.000000;0.585041
7488.000000;0.585180
7487.000000;0.585401
7486.000000;0.585574
7485.000000;0.585640
7484.000000;0.585612
7483.000000;0.585569
7482.000000;0.585604
7481.000000;0.585697
7480.000000;0.585733
7479.000000;0.585688
7478.000000;0.585692
7477.000000;0.585789
7476.000000;0.585781
7475.000000;0.585461
7474.000000;0.584943
7473.000000;0.584587
7472.000000;0.584614
7471.000000;0.584939
7470.000000;0.585347
7469.000000;0.585685
7468.000000;0.585870
7467.000000;0.585880
7466.000000;0.585797
7465.000000;0.585743
7464.000000;0.585747
7463.000000;0.585753
7462.000000;0.585756
7461.000000;0.585822
7460.000000;0.585950
7459.000000;0.586027
7458.000000;0.585978
7457.000000;0.585855
7456.000000;0.585744
7455.000000;0.585656
7454.000000;0.585563
7453.000000;0.585454
7452.000000;0.585314
7451.000000;0.585129
7450.000000;0.584969
7449.000000;0.585000
7448.000000;0.585313
7447.000000;0.585753
7446.000000;0.585993
7445.000000;0.585825
7444.000000;0.585380
7443.000000;0.585026
7442.000000;0.585048
7441.000000;0.585390
7440.000000;0.585752
7439.000000;0.585903
7438.000000;0.585868
7437.000000;0.585805
7436.000000;0.585786
7435.000000;0.585773
7434.000000;0.585723
7433.000000;0.585645
7432.000000;0.585587
7431.000000;0.585633
7430.000000;0.585842
7429.000000;0.586135
7428.000000;0.586304
7427.000000;0.586237
7426.000000;0.586062
7425.000000;0.585942
7424.000000;0.585831
7423.000000;0.585572
7422.000000;0.585205
7421.000000;0.584995
7420.000000;0.585127
7419.000000;0.585531
7418.000000;0.586029
7417.000000;0.586493
7416.000000;0.586796
7415.000000;0.586768
7414.000000;0.586344
7413.000000;0.585725
7412.000000;0.585281
7411.000000;0.585255
7410.000000;0.585567
7409.000000;0.585881
7408.000000;0.585914
7407.000000;0.585698
7406.000000;0.585539
7405.000000;0.585669
7404.000000;0.585991
7403.000000;0.586230
7402.000000;0.586290
7401.000000;0.586330
7400.000000;0.586498
7399.000000;0.586727
7398.000000;0.586855
7397.000000;0.586826
7396.000000;0.586717
7395.000000;0.586639
7394.000000;0.586649
7393.000000;0.586723
7392.000000;0.586742
7391.000000;0.586575
7390.000000;0.586218
7389.000000;0.585851
7388.000000;0.585723
7387.000000;0.585956
7386.000000;0.586422
7385.000000;0.586799
7384.000000;0.586810
7383.000000;0.586504
7382.000000;0.586264
7381.000000;0.586470
7380.000000;0.587141
7379.000000;0.587927
7378.000000;0.588436
7377.000000;0.588519
7376.000000;0.588254
7375.000000;0.587800
7374.000000;0.587278
7373.000000;0.586777
7372.000000;0.586420
7371.000000;0.586382
7370.000000;0.586758
7369.000000;0.587359
7368.000000;0.587762
7367.000000;0.587707
7366.000000;0.587405
7365.000000;0.587311
7364.000000;0.587594
7363.000000;0.587980
7362.000000;0.588085
7361.000000;0.587825
7360.000000;0.587465
7359.000000;0.587351
7358.000000;0.587603
7357.000000;0.588030
7356.000000;0.588316
7355.000000;0.588330
7354.000000;0.588271
7353.000000;0.588426
7352.000000;0.588843
7351.000000;0.589300
7350.000000;0.589566
7349.000000;0.589597
7348.000000;0.589505
7347.000000;0.589424
7346.000000;0.589423
7345.000000;0.589478
7344.000000;0.589535
7343.000000;0.589604
7342.000000;0.589744
7341.000000;0.589891
7340.000000;0.589835
7339.000000;0.589487
7338.000000;0.589088
7337.000000;0.588983
7336.000000;0.589236
7335.000000;0.589618
7334.000000;0.589926
7333.000000;0.590142
7332.000000;0.590308
7331.000000;0.590421
7330.000000;0.590469
7329.000000;0.590448
7328.000000;0.590339
7327.000000;0.590153
7326.000000;0.590002
7325.000000;0.589990
7324.000000;0.590044
7323.000000;0.590021
7322.000000;0.589942
7321.000000;0.589973
7320.000000;0.590166
7319.000000;0.590432
7318.000000;0.590761
7317.000000;0.591241
7316.000000;0.591789
7315.000000;0.592110
7314.000000;0.592054
7313.000000;0.591863
7312.000000;0.591902
7311.000000;0.592258
7310.000000;0.592720
7309.000000;0.593080
7308.000000;0.593308
7307.000000;0.593439
7306.000000;0.593448
7305.000000;0.593300
7304.000000;0.593065
7303.000000;0.592912
7302.000000;0.592994
7301.000000;0.593314
7300.000000;0.593728
7299.000000;0.594112
7298.000000;0.594485
7297.000000;0.594880
7296.000000;0.595151
7295.000000;0.595081
7294.000000;0.594721
7293.000000;0.594454
7292.000000;0.594588
7291.000000;0.594983
7290.000000;0.595233
7289.000000;0.595154
7288.000000;0.594965
7287.000000;0.594978
7286.000000;0.595216
7285.000000;0.595392
7284.000000;0.595259
7283.000000;0.594941
7282.000000;0.594875
7281.000000;0.595365
7280.000000;0.596223
7279.000000;0.596933
7278.000000;0.597189
7277.000000;0.597146
7276.000000;0.597141
7275.000000;0.597280
7274.000000;0.597419
7273.000000;0.597447
7272.000000;0.597473
7271.000000;0.597707
7270.000000;0.598243
7269.000000;0.598960
7268.000000;0.599614
7267.000000;0.600020
7266.000000;0.600196
7265.000000;0.600305
7264.000000;0.600464
7263.000000;0.600642
7262.000000;0.600755
7261.000000;0.600783
7260.000000;0.600762
7259.000000;0.600740
7258.000000;0.600828
7257.000000;0.601244
7256.000000;0.602133
7255.000000;0.603302
7254.000000;0.604204
7253.000000;0.604391
7252.000000;0.604008
7251.000000;0.603719
7250.000000;0.604027
7249.000000;0.604779
7248.000000;0.605445
7247.000000;0.605789
7246.000000;0.606100
7245.000000;0.606707
7244.000000;0.607482
7243.000000;0.607982
7242.000000;0.607974
7241.000000;0.607658
7240.000000;0.607363
7239.000000;0.607259
7238.000000;0.607410
7237.000000;0.607891
7236.000000;0.608721
7235.000000;0.609782
7234.000000;0.610839
7233.000000;0.611596
7232.000000;0.611831
7231.000000;0.611615
7230.000000;0.611358
7229.000000;0.611472
7228.000000;0.612010
7227.000000;0.612667
7226.000000;0.613104
7225.000000;0.613212
7224.000000;0.613140
7223.000000;0.613161
7222.000000;0.613490
7221.000000;0.614142
7220.000000;0.614930
7219.000000;0.615671
7218.000000;0.616348
7217.000000;0.616990
7216.000000;0.617482
7215.000000;0.617715
7214.000000;0.617869
7213.000000;0.618314
7212.000000;0.619138
7211.000000;0.619991
7210.000000;0.620487
7209.000000;0.620629
7208.000000;0.620735
7207.000000;0.621080
7206.000000;0.621722
7205.000000;0.622573
7204.000000;0.623496
7203.000000;0.624331
7202.000000;0.624933
7201.000000;0.625230
7200.000000;0.625292
7199.000000;0.625373
7198.000000;0.625804
7197.000000;0.626698
7196.000000;0.627732
7195.000000;0.628403
7194.000000;0.628586
7193.000000;0.628771
7192.000000;0.629603
7191.000000;0.631201
7190.000000;0.632930
7189.000000;0.633894
7188.000000;0.633773
7187.000000;0.633204
7186.000000;0.633201
7185.000000;0.634103
7184.000000;0.635237
7183.000000;0.635759
7182.000000;0.635676
7181.000000;0.635759
7180.000000;0.636514
7179.000000;0.637648
7178.000000;0.638576
7177.000000;0.639062
7176.000000;0.639232
7175.000000;0.639336
7174.000000;0.639667
7173.000000;0.640501
7172.000000;0.641856
7171.000000;0.643377
7170.000000;0.644563
7169.000000;0.645083
7168.000000;0.644974
7167.000000;0.644803
7166.000000;0.645500
7165.000000;0.647558
7164.000000;0.650221
7163.000000;0.651834
7162.000000;0.651410
7161.000000;0.649701
7160.000000;0.648435
7159.000000;0.648670
7158.000000;0.650217
7157.000000;0.652342
7156.000000;0.654446
7155.000000;0.656095
7154.000000;0.656937
7153.000000;0.656905
7152.000000;0.656439
7151.000000;0.656320
7150.000000;0.657163
7149.000000;0.658877
7148.000000;0.660515
7147.000000;0.660877
7146.000000;0.659566
7145.000000;0.657517
7144.000000;0.656362
7143.000000;0.657128
7142.000000;0.659372
7141.000000;0.661536
7140.000000;0.662314
7139.000000;0.661857
7138.000000;0.661472
7137.000000;0.662127
7136.000000;0.663594
7135.000000;0.665146
7134.000000;0.666581
7133.000000;0.668121
7132.000000;0.669627
7131.000000;0.670552
7130.000000;0.670617
7129.000000;0.670046
7128.000000;0.669228
7127.000000;0.668677
7126.000000;0.669126
7125.000000;0.670869
7124.000000;0.672915
7123.000000;0.673645
7122.000000;0.672652
7121.000000;0.671190
7120.000000;0.670497
7119.000000;0.670528
7118.000000;0.670725
7117.000000;0.671131
7116.000000;0.671937
7115.000000;0.672513
7114.000000;0.671966
7113.000000;0.670537
7112.000000;0.669637
7111.000000;0.670384
7110.000000;0.672445
7109.000000;0.674272
7108.000000;0.674387
7107.000000;0.672778
7106.000000;0.671055
7105.000000;0.670834
7104.000000;0.671862
7103.000000;0.672192
7102.000000;0.670643
7101.000000;0.668517
7100.000000;0.668051
7099.000000;0.669634
7098.000000;0.671297
7097.000000;0.670921
7096.000000;0.668536
7095.000000;0.666043
7094.000000;0.664924
7093.000000;0.664779
7092.000000;0.664248
7091.000000;0.663014
7090.000000;0.662291
7089.000000;0.663116
7088.000000;0.664786
7087.000000;0.665599
7086.000000;0.664952
7085.000000;0.663800
7084.000000;0.662945
7083.000000;0.662035
7082.000000;0.660626
7081.000000;0.659192
7080.000000;0.658240
7079.000000;0.657120
7078.000000;0.654751
7077.000000;0.651341
7076.000000;0.648477
7075.000000;0.647467
7074.000000;0.648162
7073.000000;0.649348
7072.000000;0.649844
7071.000000;0.649236
7070.000000;0.647851
7069.000000;0.646110
7068.000000;0.644055
7067.000000;0.641781
7066.000000;0.640124
7065.000000;0.640157
7064.000000;0.641596
7063.000000;0.642284
7062.000000;0.640145
7061.000000;0.635694
7060.000000;0.631647
7059.000000;0.629854
7058.000000;0.629241
7057.000000;0.627205
7056.000000;0.623028
7055.000000;0.619136
7054.000000;0.618454
7053.000000;0.620956
7052.000000;0.623221
7051.000000;0.621944
7050.000000;0.617651
7049.000000;0.613751
7048.000000;0.612453
7047.000000;0.612676
7046.000000;0.611661
7045.000000;0.608058
7044.000000;0.603033
7043.000000;0.598758
7042.000000;0.596580
7041.000000;0.596351
7040.000000;0.596884
7039.000000;0.596836
7038.000000;0.595176
7037.000000;0.591272
7036.000000;0.585559
7035.000000;0.580282
7034.000000;0.578193
7033.000000;0.579347
7032.000000;0.579835
7031.000000;0.575651
7030.000000;0.568149
7029.000000;0.563201
7028.000000;0.564532
7027.000000;0.569667
7026.000000;0.572637
7025.000000;0.570171
7024.000000;0.564137
7023.000000;0.558129
7022.000000;0.553831
7021.000000;0.550807
7020.000000;0.548299
7019.000000;0.546458
7018.000000;0.545969
7017.000000;0.546778
7016.000000;0.547328
7015.000000;0.545515
7014.000000;0.540830
7013.000000;0.535055
7012.000000;0.530243
7011.000000;0.526726
7010.000000;0.523639
7009.000000;0.520741
7008.000000;0.518789
7007.000000;0.518094
7006.000000;0.517528
7005.000000;0.515590
7004.000000;0.512172
7003.000000;0.508507
7002.000000;0.505464
7001.000000;0.502771
7000.000000;0.500023
6999.000000;0.497570
6998.000000;0.495772
6997.000000;0.493963
6996.000000;0.491093
6995.000000;0.487194
6994.000000;0.483154
6993.000000;0.479264
6992.000000;0.475223
6991.000000;0.471558
6990.000000;0.469515
6989.000000;0.468985
6988.000000;0.467939
6987.000000;0.465071
6986.000000;0.461786
6985.000000;0.460291
6984.000000;0.460530
6983.000000;0.459965
6982.000000;0.456160
6981.000000;0.449035
6980.000000;0.440896
6979.000000;0.434889
6978.000000;0.432790
6977.000000;0.433390
6976.000000;0.433685
6975.000000;0.432543
6974.000000;0.431934
6973.000000;0.433305
6972.000000;0.434285
6971.000000;0.431143
6970.000000;0.423932
6969.000000;0.416416
6968.000000;0.411413
6967.000000;0.408854
6966.000000;0.407886
6965.000000;0.408170
6964.000000;0.408459
6963.000000;0.406336
6962.000000;0.401180
6961.000000;0.395948
6960.000000;0.394154
6959.000000;0.395962
6958.000000;0.397867
6957.000000;0.396040
6956.000000;0.390021
6955.000000;0.382621
6954.000000;0.376936
6953.000000;0.374297
6952.000000;0.374146
6951.000000;0.375044
6950.000000;0.375504
6949.000000;0.374033
6948.000000;0.369586
6947.000000;0.362936
6946.000000;0.356824
6945.000000;0.353538
6944.000000;0.352560
6943.000000;0.351454
6942.000000;0.348871
6941.000000;0.345613
6940.000000;0.342817
6939.000000;0.340595
6938.000000;0.338865
6937.000000;0.338232
6936.000000;0.339076
6935.000000;0.340083
6934.000000;0.338568
6933.000000;0.333004
6932.000000;0.325160
6931.000000;0.319200
6930.000000;0.318347
6929.000000;0.321808
6928.000000;0.325080
6927.000000;0.324423
6926.000000;0.320722
6925.000000;0.317741
6924.000000;0.317465
6923.000000;0.318326
6922.000000;0.317451
6921.000000;0.313647
6920.000000;0.307965
6919.000000;0.302303
6918.000000;0.298129
6917.000000;0.295848
6916.000000;0.294752
6915.000000;0.293758
6914.000000;0.292316
6913.000000;0.290501
6912.000000;0.288680
6911.000000;0.287472
6910.000000;0.287437
6909.000000;0.288064
6908.000000;0.287542
6907.000000;0.284515
6906.000000;0.279945
6905.000000;0.276539
6904.000000;0.276441
6903.000000;0.279622
6902.000000;0.283625
6901.000000;0.284628
6900.000000;0.280430
6899.000000;0.273135
6898.000000;0.267498
6897.000000;0.266199
6896.000000;0.267425
6895.000000;0.267354
6894.000000;0.264655
6893.000000;0.261180
6892.000000;0.258528
6891.000000;0.256364
6890.000000;0.254254
6889.000000;0.252986
6888.000000;0.253201
6887.000000;0.253920
6886.000000;0.253368
6885.000000;0.251138
6884.000000;0.248951
6883.000000;0.248991
6882.000000;0.251725
6881.000000;0.255089
6880.000000;0.255861
6879.000000;0.252844
6878.000000;0.248532
6877.000000;0.246419
6876.000000;0.247028
6875.000000;0.247514
6874.000000;0.245064
6873.000000;0.240201
6872.000000;0.236480
6871.000000;0.237227
6870.000000;0.242319
6869.000000;0.247246
6868.000000;0.246472
6867.000000;0.239495
6866.000000;0.231935
6865.000000;0.229436
6864.000000;0.232270
6863.000000;0.236141
6862.000000;0.237263
6861.000000;0.235906
6860.000000;0.234640
6859.000000;0.234650
6858.000000;0.234693
6857.000000;0.232802
6856.000000;0.228809
6855.000000;0.225080
6854.000000;0.224207
6853.000000;0.225979
6852.000000;0.227454
6851.000000;0.226602
6850.000000;0.224943
6849.000000;0.225252
6848.000000;0.227558
6847.000000;0.229062
6846.000000;0.227887
6845.000000;0.225290
6844.000000;0.223878
6843.000000;0.225106
6842.000000;0.228629
6841.000000;0.232702
6840.000000;0.235075
6839.000000;0.234524
6838.000000;0.231691
6837.000000;0.228034
6836.000000;0.224512
6835.000000;0.221799
6834.000000;0.220931
6833.000000;0.222463
6832.000000;0.225245
6831.000000;0.227187
6830.000000;0.227400
6829.000000;0.226705
6828.000000;0.226005
6827.000000;0.225132
6826.000000;0.223411
6825.000000;0.220748
6824.000000;0.218252
6823.000000;0.218006
6822.000000;0.221503
6821.000000;0.227423
6820.000000;0.231544
6819.000000;0.230866
6818.000000;0.227486
6817.000000;0.226050
6816.000000;0.228203
6815.000000;0.231357
6814.000000;0.232449
6813.000000;0.231454
6812.000000;0.230462
6811.000000;0.230709
6810.000000;0.231722
6809.000000;0.232456
6808.000000;0.232388
6807.000000;0.231848
6806.000000;0.231725
6805.000000;0.232556
6804.000000;0.233720
6803.000000;0.234083
6802.000000;0.233704
6801.000000;0.234087
6800.000000;0.236269
6799.000000;0.239290
6798.000000;0.241032
6797.000000;0.240456
6796.000000;0.238639
6795.000000;0.237573
6794.000000;0.238321
6793.000000;0.240287
6792.000000;0.242025
6791.000000;0.242882
6790.000000;0.243494
6789.000000;0.244391
6788.000000;0.244786
6787.000000;0.243575
6786.000000;0.241216
6785.000000;0.239635
6784.000000;0.240317
6783.000000;0.243149
6782.000000;0.246959
6781.000000;0.250400
6780.000000;0.252250
6779.000000;0.251827
6778.000000;0.249741
6777.000000;0.247676
6776.000000;0.246935
6775.000000;0.247499
6774.000000;0.248549
6773.000000;0.249439
6772.000000;0.249949
6771.000000;0.250079
6770.000000;0.250010
6769.000000;0.250153
6768.000000;0.250971
6767.000000;0.252715
6766.000000;0.255195
6765.000000;0.257646
6764.000000;0.259059
6763.000000;0.259098
6762.000000;0.258641
6761.000000;0.258936
6760.000000;0.260236
6759.000000;0.261707
6758.000000;0.262688
6757.000000;0.263513
6756.000000;0.264816
6755.000000;0.266480
6754.000000;0.267625
6753.000000;0.267492
6752.000000;0.266170
6751.000000;0.264588
6750.000000;0.263871
6749.000000;0.264515
6748.000000;0.265968
6747.000000;0.267131
6746.000000;0.267481
6745.000000;0.267660
6744.000000;0.268723
6743.000000;0.270889
6742.000000;0.273151
6741.000000;0.274108
6740.000000;0.273308
6739.000000;0.271758
6738.000000;0.271024
6737.000000;0.271928
6736.000000;0.274095
6735.000000;0.276525
6734.000000;0.278440
6733.000000;0.279613
6732.000000;0.280199
6731.000000;0.280533
6730.000000;0.280992
6729.000000;0.281801
6728.000000;0.282911
6727.000000;0.284014
6726.000000;0.284697
6725.000000;0.284780
6724.000000;0.284676
6723.000000;0.285198
6722.000000;0.286569
6721.000000;0.287804
6720.000000;0.287712
6719.000000;0.286551
6718.000000;0.285855
6717.000000;0.286435
6716.000000;0.287459
6715.000000;0.287920
6714.000000;0.288231
6713.000000;0.289480
6712.000000;0.291636
6711.000000;0.293490
6710.000000;0.294310
6709.000000;0.294639
6708.000000;0.295388
6707.000000;0.296597
6706.000000;0.297695
6705.000000;0.298212
6704.000000;0.298139
6703.000000;0.297926
6702.000000;0.298127
6701.000000;0.298910
6700.000000;0.299835
6699.000000;0.300359
6698.000000;0.300542
6697.000000;0.300949
6696.000000;0.301887
6695.000000;0.303085
6694.000000;0.304133
6693.000000;0.304937
6692.000000;0.305625
6691.000000;0.306241
6690.000000;0.306659
6689.000000;0.306730
6688.000000;0.306498
6687.000000;0.306305
6686.000000;0.306579
6685.000000;0.307426
6684.000000;0.308541
6683.000000;0.309593
6682.000000;0.310519
6681.000000;0.311319
6680.000000;0.311866
6679.000000;0.312182
6678.000000;0.312625
6677.000000;0.313447
6676.000000;0.314384
6675.000000;0.315020
6674.000000;0.315416
6673.000000;0.315981
6672.000000;0.316866
6671.000000;0.317882
6670.000000;0.318897
6669.000000;0.319892
6668.000000;0.320653
6667.000000;0.320912
6666.000000;0.320842
6665.000000;0.321009
6664.000000;0.321686
6663.000000;0.322524
6662.000000;0.323030
6661.000000;0.323165
6660.000000;0.323321
6659.000000;0.323860
6658.000000;0.324710
6657.000000;0.325354
6656.000000;0.325311
6655.000000;0.324793
6654.000000;0.324697
6653.000000;0.325678
6652.000000;0.327373
6651.000000;0.328868
6650.000000;0.329800
6649.000000;0.330582
6648.000000;0.331557
6647.000000;0.332461
6646.000000;0.332901
6645.000000;0.332955
6644.000000;0.333055
6643.000000;0.333511
6642.000000;0.334334
6641.000000;0.335293
6640.000000;0.335993
6639.000000;0.336104
6638.000000;0.335757
6637.000000;0.335550
6636.000000;0.335991
6635.000000;0.337015
6634.000000;0.338167
6633.000000;0.339150
6632.000000;0.340035
6631.000000;0.340972
6630.000000;0.341878
6629.000000;0.342482
6628.000000;0.342611
6627.000000;0.342378
6626.000000;0.342089
6625.000000;0.342025
6624.000000;0.342400
6623.000000;0.343410
6622.000000;0.345084
6621.000000;0.346968
6620.000000;0.348174
6619.000000;0.348083
6618.000000;0.347014
6617.000000;0.346010
6616.000000;0.345977
6615.000000;0.347058
6614.000000;0.348668
6613.000000;0.349963
6612.000000;0.350412
6611.000000;0.350165
6610.000000;0.349852
6609.000000;0.349916
6608.000000;0.350214
6607.000000;0.350394
6606.000000;0.350510
6605.000000;0.351022
6604.000000;0.352245
6603.000000;0.354010
6602.000000;0.355804
6601.000000;0.357039
6600.000000;0.357298
6599.000000;0.356662
6598.000000;0.355842
6597.000000;0.355696
6596.000000;0.356489
6595.000000;0.357769
6594.000000;0.358979
6593.000000;0.359974
6592.000000;0.360831
6591.000000;0.361406
6590.000000;0.361433
6589.000000;0.360969
6588.000000;0.360500
6587.000000;0.360486
6586.000000;0.360953
6585.000000;0.361605
6584.000000;0.362272
6583.000000;0.363066
6582.000000;0.364062
6581.000000;0.365010
6580.000000;0.365572
6579.000000;0.365821
6578.000000;0.366201
6577.000000;0.366931
6576.000000;0.367686
6575.000000;0.368044
6574.000000;0.368052
6573.000000;0.368104
6572.000000;0.368411
6571.000000;0.368878
6570.000000;0.369411
6569.000000;0.370007
6568.000000;0.370539
6567.000000;0.370747
6566.000000;0.370583
6565.000000;0.370384
6564.000000;0.370545
6563.000000;0.371131
6562.000000;0.371854
6561.000000;0.372378
6560.000000;0.372603
6559.000000;0.372741
6558.000000;0.373135
6557.000000;0.373937
6556.000000;0.374963
6555.000000;0.375901
6554.000000;0.376652
6553.000000;0.377335
6552.000000;0.377999
6551.000000;0.378478
6550.000000;0.378596
6549.000000;0.378463
6548.000000;0.378486
6547.000000;0.379047
6546.000000;0.380100
6545.000000;0.381087
6544.000000;0.381418
6543.000000;0.381138
6542.000000;0.380949
6541.000000;0.381421
6540.000000;0.382333
6539.000000;0.382980
6538.000000;0.383034
6537.000000;0.382866
6536.000000;0.383008
6535.000000;0.383597
6534.000000;0.384397
6533.000000;0.385127
6532.000000;0.385642
6531.000000;0.385932
6530.000000;0.386099
6529.000000;0.386284
6528.000000;0.386550
6527.000000;0.386873
6526.000000;0.387233
6525.000000;0.387635
6524.000000;0.388014
6523.000000;0.388271
6522.000000;0.388429
6521.000000;0.388692
6520.000000;0.389254
6519.000000;0.390056
6518.000000;0.390770
6517.000000;0.391053
6516.000000;0.390896
6515.000000;0.390731
6514.000000;0.391084
6513.000000;0.391995
6512.000000;0.392888
6511.000000;0.393163
6510.000000;0.392878
6509.000000;0.392665
6508.000000;0.393025
6507.000000;0.393893
6506.000000;0.394886
6505.000000;0.395744
6504.000000;0.396418
6503.000000;0.396876
6502.000000;0.397012
6501.000000;0.396782
6500.000000;0.396380
6499.000000;0.396232
6498.000000;0.396704
6497.000000;0.397706
6496.000000;0.398643
6495.000000;0.398928
6494.000000;0.398572
6493.000000;0.398136
6492.000000;0.398132
6491.000000;0.398604
6490.000000;0.399305
6489.000000;0.400040
6488.000000;0.400728
6487.000000;0.401295
6486.000000;0.401713
6485.000000;0.402098
6484.000000;0.402596
6483.000000;0.403140
6482.000000;0.403427
6481.000000;0.403233
6480.000000;0.402724
6479.000000;0.402400
6478.000000;0.402689
6477.000000;0.403588
6476.000000;0.404695
6475.000000;0.405558
6474.000000;0.405954
6473.000000;0.405914
6472.000000;0.405638
6471.000000;0.405445
6470.000000;0.405607
6469.000000;0.406086
6468.000000;0.406489
6467.000000;0.406484
6466.000000;0.406233
6465.000000;0.406269
6464.000000;0.406936
6463.000000;0.408057
6462.000000;0.409135
6461.000000;0.409772
6460.000000;0.409908
6459.000000;0.409769
6458.000000;0.409653
6457.000000;0.409731
6456.000000;0.410001
6455.000000;0.410404
6454.000000;0.410904
6453.000000;0.411401
6452.000000;0.411691
6451.000000;0.411667
6450.000000;0.411537
6449.000000;0.411665
6448.000000;0.412198
6447.000000;0.412947
6446.000000;0.413620
6445.000000;0.414054
6444.000000;0.414218
6443.000000;0.414173
6442.000000;0.414098
6441.000000;0.414200
6440.000000;0.414501
6439.000000;0.414794
6438.000000;0.414902
6437.000000;0.414924
6436.000000;0.415124
6435.000000;0.415614
6434.000000;0.416222
6433.000000;0.416670
6432.000000;0.416860
6431.000000;0.416963
6430.000000;0.417209
6429.000000;0.417606
6428.000000;0.417914
6427.000000;0.417960
6426.000000;0.417918
6425.000000;0.418135
6424.000000;0.418696
6423.000000;0.419260
6422.000000;0.419415
6421.000000;0.419123
6420.000000;0.418781
6419.000000;0.418844
6418.000000;0.419424
6417.000000;0.420219
6416.000000;0.420817
6415.000000;0.421062
6414.000000;0.421117
6413.000000;0.421183
6412.000000;0.421272
6411.000000;0.421323
6410.000000;0.421413
6409.000000;0.421687
6408.000000;0.422124
6407.000000;0.422526
6406.000000;0.422764
6405.000000;0.422924
6404.000000;0.423157
6403.000000;0.423493
6402.000000;0.423813
6401.000000;0.423953
6400.000000;0.423819
6399.000000;0.423529
6398.000000;0.423414
6397.000000;0.423740
6396.000000;0.424396
6395.000000;0.424957
6394.000000;0.425134
6393.000000;0.425062
6392.000000;0.425079
6391.000000;0.425306
6390.000000;0.425575
6389.000000;0.425714
6388.000000;0.425792
6387.000000;0.426052
6386.000000;0.426642
6385.000000;0.427431
6384.000000;0.428073
6383.000000;0.428302
6382.000000;0.428138
6381.000000;0.427806
6380.000000;0.427492
6379.000000;0.427287
6378.000000;0.427313
6377.000000;0.427734
6376.000000;0.428515
6375.000000;0.429278
6374.000000;0.429568
6373.000000;0.429305
6372.000000;0.428892
6371.000000;0.428836
6370.000000;0.429289
6369.000000;0.429971
6368.000000;0.430499
6367.000000;0.430737
6366.000000;0.430821
6365.000000;0.430890
6364.000000;0.430912
6363.000000;0.430800
6362.000000;0.430609
6361.000000;0.430515
6360.000000;0.430614
6359.000000;0.430843
6358.000000;0.431097
6357.000000;0.431333
6356.000000;0.431554
6355.000000;0.431761
6354.000000;0.431959
6353.000000;0.432157
6352.000000;0.432332
6351.000000;0.432428
6350.000000;0.432432
6349.000000;0.432418
6348.000000;0.432480
6347.000000;0.432643
6346.000000;0.432852
6345.000000;0.433030
6344.000000;0.433139
6343.000000;0.433204
6342.000000;0.433284
6341.000000;0.433427
6340.000000;0.433644
6339.000000;0.433931
6338.000000;0.434264
6337.000000;0.434574
6336.000000;0.434757
6335.000000;0.434780
6334.000000;0.434739
6333.000000;0.434773
6332.000000;0.434907
6331.000000;0.435042
6330.000000;0.435083
6329.000000;0.435028
6328.000000;0.434955
6327.000000;0.434947
6326.000000;0.435039
6325.000000;0.435212
6324.000000;0.435428
6323.000000;0.435687
6322.000000;0.436004
6321.000000;0.436322
6320.000000;0.436497
6319.000000;0.436451
6318.000000;0.436296
6317.000000;0.436243
6316.000000;0.436392
6315.000000;0.436656
6314.000000;0.436868
6313.000000;0.436912
6312.000000;0.436782
6311.000000;0.436606
6310.000000;0.436577
6309.000000;0.436779
6308.000000;0.437088
6307.000000;0.437309
6306.000000;0.437411
6305.000000;0.437518
6304.000000;0.437697
6303.000000;0.437876
6302.000000;0.438001
6301.000000;0.438150
6300.000000;0.438414
6299.000000;0.438742
6298.000000;0.438973
6297.000000;0.438986
6296.000000;0.438793
6295.000000;0.438508
6294.000000;0.438280
6293.000000;0.438207
6292.000000;0.438286
6291.000000;0.438462
6290.000000;0.438700
6289.000000;0.438971
6288.000000;0.439165
6287.000000;0.439136
6286.000000;0.438909
6285.000000;0.438768
6284.000000;0.439014
6283.000000;0.439650
6282.000000;0.440348
6281.000000;0.440726
6280.000000;0.440640
6279.000000;0.440247
6278.000000;0.439842
6277.000000;0.439652
6276.000000;0.439725
6275.000000;0.439942
6274.000000;0.440141
6273.000000;0.440240
6272.000000;0.440265
6271.000000;0.440291
6270.000000;0.440370
6269.000000;0.440501
6268.000000;0.440654
6267.000000;0.440791
6266.000000;0.440882
6265.000000;0.440893
6264.000000;0.440810
6263.000000;0.440676
6262.000000;0.440586
6261.000000;0.440635
6260.000000;0.440839
6259.000000;0.441108
6258.000000;0.441291
6257.000000;0.441270
6256.000000;0.441077
6255.000000;0.440890
6254.000000;0.440908
6253.000000;0.441192
6252.000000;0.441641
6251.000000;0.442096
6250.000000;0.442405
6249.000000;0.442445
6248.000000;0.442195
6247.000000;0.441840
6246.000000;0.441686
6245.000000;0.441856
6244.000000;0.442138
6243.000000;0.442222
6242.000000;0.442057
6241.000000;0.441849
6240.000000;0.441772
6239.000000;0.441817
6238.000000;0.441938
6237.000000;0.442184
6236.000000;0.442577
6235.000000;0.442966
6234.000000;0.443110
6233.000000;0.442918
6232.000000;0.442563
6231.000000;0.442335
6230.000000;0.442403
6229.000000;0.442690
6228.000000;0.442933
6227.000000;0.442909
6226.000000;0.442617
6225.000000;0.442257
6224.000000;0.442012
6223.000000;0.441897
6222.000000;0.441829
6221.000000;0.441810
6220.000000;0.441972
6219.000000;0.442399
6218.000000;0.442956
6217.000000;0.443352
6216.000000;0.443402
6215.000000;0.443202
6214.000000;0.443011
6213.000000;0.442971
6212.000000;0.443021
6211.000000;0.443048
6210.000000;0.443051
6209.000000;0.443104
6208.000000;0.443238
6207.000000;0.443417
6206.000000;0.443604
6205.000000;0.443766
6204.000000;0.443858
6203.000000;0.443834
6202.000000;0.443693
6201.000000;0.443492
6200.000000;0.443325
6199.000000;0.443286
6198.000000;0.443401
6197.000000;0.443561
6196.000000;0.443589
6195.000000;0.443423
6194.000000;0.443206
6193.000000;0.443146
6192.000000;0.443306
6191.000000;0.443568
6190.000000;0.443749
6189.000000;0.443720
6188.000000;0.443478
6187.000000;0.443184
6186.000000;0.443099
6185.000000;0.443365
6184.000000;0.443841
6183.000000;0.444218
6182.000000;0.444305
6181.000000;0.444144
6180.000000;0.443886
6179.000000;0.443641
6178.000000;0.443454
6177.000000;0.443329
6176.000000;0.443260
6175.000000;0.443269
6174.000000;0.443430
6173.000000;0.443780
6172.000000;0.444206
6171.000000;0.444495
6170.000000;0.444529
6169.000000;0.444367
6168.000000;0.444127
6167.000000;0.443877
6166.000000;0.443658
6165.000000;0.443550
6164.000000;0.443625
6163.000000;0.443860
6162.000000;0.444146
6161.000000;0.444358
6160.000000;0.444403
6159.000000;0.444244
6158.000000;0.443942
6157.000000;0.443651
6156.000000;0.443527
6155.000000;0.443614
6154.000000;0.443818
6153.000000;0.443981
6152.000000;0.444000
6151.000000;0.443902
6150.000000;0.443806
6149.000000;0.443799
6148.000000;0.443843
6147.000000;0.443830
6146.000000;0.443731
6145.000000;0.443655
6144.000000;0.443730
6143.000000;0.443935
6142.000000;0.444088
6141.000000;0.444021
6140.000000;0.443773
6139.000000;0.443574
6138.000000;0.443621
6137.000000;0.443888
6136.000000;0.444166
6135.000000;0.444285
6134.000000;0.444250
6133.000000;0.444164
6132.000000;0.444094
6131.000000;0.444048
6130.000000;0.444011
6129.000000;0.443958
6128.000000;0.443872
6127.000000;0.443798
6126.000000;0.443840
6125.000000;0.444043
6124.000000;0.444301
6123.000000;0.444443
6122.000000;0.444397
6121.000000;0.444234
6120.000000;0.444079
6119.000000;0.444016
6118.000000;0.444040
6117.000000;0.444050
6116.000000;0.443927
6115.000000;0.443681
6114.000000;0.443513
6113.000000;0.443613
6112.000000;0.443919
6111.000000;0.444149
6110.000000;0.444094
6109.000000;0.443825
6108.000000;0.443589
6107.000000;0.443587
6106.000000;0.443843
6105.000000;0.444204
6104.000000;0.444445
6103.000000;0.444443
6102.000000;0.444299
6101.000000;0.444219
6100.000000;0.444258
6099.000000;0.444250
6098.000000;0.444061
6097.000000;0.443819
6096.000000;0.443783
6095.000000;0.444027
6094.000000;0.444342
6093.000000;0.444481
6092.000000;0.444404
6091.000000;0.444254
6090.000000;0.444148
6089.000000;0.444071
6088.000000;0.443972
6087.000000;0.443879
6086.000000;0.443875
6085.000000;0.443966
6084.000000;0.444030
6083.000000;0.443928
6082.000000;0.443663
6081.000000;0.443416
6080.000000;0.443421
6079.000000;0.443748
6078.000000;0.444195
6077.000000;0.444411
6076.000000;0.444220
6075.000000;0.443823
6074.000000;0.443626
6073.000000;0.443829
6072.000000;0.444243
6071.000000;0.444521
6070.000000;0.444527
6069.000000;0.444421
6068.000000;0.444434
6067.000000;0.444618
6066.000000;0.444811
6065.000000;0.444783
6064.000000;0.444442
6063.000000;0.443936
6062.000000;0.443552
6061.000000;0.443473
6060.000000;0.443646
6059.000000;0.443873
6058.000000;0.444001
6057.000000;0.443974
6056.000000;0.443791
6055.000000;0.443531
6054.000000;0.443375
6053.000000;0.443491
6052.000000;0.443844
6051.000000;0.444201
6050.000000;0.444380
6049.000000;0.444419
6048.000000;0.444467
6047.000000;0.444561
6046.000000;0.444600
6045.000000;0.444501
6044.000000;0.444328
6043.000000;0.444232
6042.000000;0.444280
6041.000000;0.444369
6040.000000;0.444333
6039.000000;0.444137
6038.000000;0.443938
6037.000000;0.443911
6036.000000;0.444054
6035.000000;0.444201
6034.000000;0.444233
6033.000000;0.444204
6032.000000;0.444232
6031.000000;0.444315
6030.000000;0.444325
6029.000000;0.444186
6028.000000;0.443998
6027.000000;0.443952
6026.000000;0.444127
6025.000000;0.444385
6024.000000;0.444509
6023.000000;0.444419
6022.000000;0.444249
6021.000000;0.444207
6020.000000;0.444383
6019.000000;0.444688
6018.000000;0.444938
6017.000000;0.444982
6016.000000;0.444807
6015.000000;0.444548
6014.000000;0.444390
6013.000000;0.444413
6012.000000;0.444551
6011.000000;0.444688
6010.000000;0.444758
6009.000000;0.444736
6008.000000;0.444593
6007.000000;0.444336
6006.000000;0.444069
6005.000000;0.443939
6004.000000;0.444002
6003.000000;0.444178
6002.000000;0.444345
6001.000000;0.444452
6000.000000;0.444529
5999.000000;0.444605
5998.000000;0.444633
5997.000000;0.444539
5996.000000;0.444361
5995.000000;0.444290
5994.000000;0.444484
5993.000000;0.444843
5992.000000;0.445067
5991.000000;0.444982
5990.000000;0.444742
5989.000000;0.444621
5988.000000;0.444685
5987.000000;0.444755
5986.000000;0.444652
5985.000000;0.444403
5984.000000;0.444204
5983.000000;0.444249
5982.000000;0.444567
5981.000000;0.444970
5980.000000;0.445189
5979.000000;0.445116
5978.000000;0.444903
5977.000000;0.444778
5976.000000;0.444793
5975.000000;0.444821
5974.000000;0.444755
5973.000000;0.444627
5972.000000;0.444545
5971.000000;0.444602
5970.000000;0.444819
5969.000000;0.445099
5968.000000;0.445236
5967.000000;0.445099
5966.000000;0.444813
5965.000000;0.444648
5964.000000;0.444710
5963.000000;0.444837
5962.000000;0.444864
5961.000000;0.444854
5960.000000;0.444979
5959.000000;0.445239
5958.000000;0.445431
5957.000000;0.445395
5956.000000;0.445203
5955.000000;0.445064
5954.000000;0.445095
5953.000000;0.445221
5952.000000;0.445287
5951.000000;0.445232
5950.000000;0.445134
5949.000000;0.445105
5948.000000;0.445167
5947.000000;0.445257
5946.000000;0.445303
5945.000000;0.445288
5944.000000;0.445235
5943.000000;0.445181
5942.000000;0.445162
5941.000000;0.445181
5940.000000;0.445211
5939.000000;0.445241
5938.000000;0.445300
5937.000000;0.445426
5936.000000;0.445617
5935.000000;0.445843
5934.000000;0.446073
5933.000000;0.446253
5932.000000;0.446300
5931.000000;0.446186
5930.000000;0.446008
5929.000000;0.445915
5928.000000;0.445953
5927.000000;0.446042
5926.000000;0.446083
5925.000000;0.446037
5924.000000;0.445915
5923.000000;0.445757
5922.000000;0.445647
5921.000000;0.445659
5920.000000;0.445771
5919.000000;0.445888
5918.000000;0.445972
5917.000000;0.446095
5916.000000;0.446301
5915.000000;0.446472
5914.000000;0.446435
5913.000000;0.446180
5912.000000;0.445922
5911.000000;0.445887
5910.000000;0.446066
5909.000000;0.446208
5908.000000;0.446075
5907.000000;0.445705
5906.000000;0.445387
5905.000000;0.445394
5904.000000;0.445758
5903.000000;0.446289
5902.000000;0.446757
5901.000000;0.447015
5900.000000;0.447021
5899.000000;0.446830
5898.000000;0.446582
5897.000000;0.446438
5896.000000;0.446482
5895.000000;0.446674
5894.000000;0.446885
5893.000000;0.446984
5892.000000;0.446931
5891.000000;0.446807
5890.000000;0.446721
5889.000000;0.446680
5888.000000;0.446595
5887.000000;0.446423
5886.000000;0.446251
5885.000000;0.446172
5884.000000;0.446145
5883.000000;0.446078
5882.000000;0.446003
5881.000000;0.446071
5880.000000;0.446356
5879.000000;0.446745
5878.000000;0.447045
5877.000000;0.447127
5876.000000;0.446984
5875.000000;0.446732
5874.000000;0.446580
5873.000000;0.446681
5872.000000;0.446952
5871.000000;0.447095
5870.000000;0.446905
5869.000000;0.446519
5868.000000;0.446308
5867.000000;0.446505
5866.000000;0.446967
5865.000000;0.447313
5864.000000;0.447275
5863.000000;0.446931
5862.000000;0.446610
5861.000000;0.446554
5860.000000;0.446711
5859.000000;0.446854
5858.000000;0.446867
5857.000000;0.446837
5856.000000;0.446875
5855.000000;0.446947
5854.000000;0.446943
5853.000000;0.446858
5852.000000;0.446807
5851.000000;0.446886
5850.000000;0.447074
5849.000000;0.447289
5848.000000;0.447487
5847.000000;0.447654
5846.000000;0.447755
5845.000000;0.447746
5844.000000;0.447647
5843.000000;0.447559
5842.000000;0.447564
5841.000000;0.447631
5840.000000;0.447647
5839.000000;0.447550
5838.000000;0.447398
5837.000000;0.447294
5836.000000;0.447279
5835.000000;0.447318
5834.000000;0.447364
5833.000000;0.447407
5832.000000;0.447463
5831.000000;0.447540
5830.000000;0.447620
5829.000000;0.447652
5828.000000;0.447591
5827.000000;0.447448
5826.000000;0.447284
5825.000000;0.447174
5824.000000;0.447189
5823.000000;0.447390
5822.000000;0.447752
5821.000000;0.448108
5820.000000;0.448237
5819.000000;0.448085
5818.000000;0.447839
5817.000000;0.447750
5816.000000;0.447917
5815.000000;0.448251
5814.000000;0.448571
5813.000000;0.448701
5812.000000;0.448574
5811.000000;0.448320
5810.000000;0.448193
5809.000000;0.448305
5808.000000;0.448477
5807.000000;0.448446
5806.000000;0.448174
5805.000000;0.447859
5804.000000;0.447670
5803.000000;0.447605
5802.000000;0.447613
5801.000000;0.447699
5800.000000;0.447867
5799.000000;0.448036
5798.000000;0.448107
5797.000000;0.448061
5796.000000;0.447950
5795.000000;0.447853
5794.000000;0.447844
5793.000000;0.447964
5792.000000;0.448159
5791.000000;0.448301
5790.000000;0.448329
5789.000000;0.448333
5788.000000;0.448454
5787.000000;0.448697
5786.000000;0.448904
5785.000000;0.448939
5784.000000;0.448856
5783.000000;0.448853
5782.000000;0.449031
5781.000000;0.449246
5780.000000;0.449258
5779.000000;0.449036
5778.000000;0.448813
5777.000000;0.448799
5776.000000;0.448904
5775.000000;0.448840
5774.000000;0.448494
5773.000000;0.448086
5772.000000;0.447948
5771.000000;0.448183
5770.000000;0.448579
5769.000000;0.448820
5768.000000;0.448785
5767.000000;0.448643
5766.000000;0.448636
5765.000000;0.448773
5764.000000;0.448813
5763.000000;0.448594
5762.000000;0.448288
5761.000000;0.448227
5760.000000;0.448514
5759.000000;0.448914
5758.000000;0.449124
5757.000000;0.449050
5756.000000;0.448810
5755.000000;0.448618
5754.000000;0.448659
5753.000000;0.448984
5752.000000;0.449421
5751.000000;0.449682
5750.000000;0.449605
5749.000000;0.449269
5748.000000;0.448871
5747.000000;0.448573
5746.000000;0.448487
5745.000000;0.448663
5744.000000;0.448994
5743.000000;0.449218
5742.000000;0.449143
5741.000000;0.448845
5740.000000;0.448553
5739.000000;0.448393
5738.000000;0.448316
5737.000000;0.448264
5736.000000;0.448266
5735.000000;0.448354
5734.000000;0.448488
5733.000000;0.448617
5732.000000;0.448767
5731.000000;0.449001
5730.000000;0.449282
5729.000000;0.449449
5728.000000;0.449372
5727.000000;0.449120
5726.000000;0.448926
5725.000000;0.448974
5724.000000;0.449217
5723.000000;0.449440
5722.000000;0.449488
5721.000000;0.449385
5720.000000;0.449234
5719.000000;0.449073
5718.000000;0.448868
5717.000000;0.448632
5716.000000;0.448473
5715.000000;0.448491
5714.000000;0.448651
5713.000000;0.448788
5712.000000;0.448745
5711.000000;0.448509
5710.000000;0.448224
5709.000000;0.448080
5708.000000;0.448201
5707.000000;0.448584
5706.000000;0.449082
5705.000000;0.449458
5704.000000;0.449519
5703.000000;0.449259
5702.000000;0.448863
5701.000000;0.448585
5700.000000;0.448523
5699.000000;0.448636
5698.000000;0.448818
5697.000000;0.448989
5696.000000;0.449123
5695.000000;0.449233
5694.000000;0.449331
5693.000000;0.449407
5692.000000;0.449449
5691.000000;0.449477
5690.000000;0.449507
5689.000000;0.449488
5688.000000;0.449342
5687.000000;0.449100
5686.000000;0.448922
5685.000000;0.448921
5684.000000;0.449018
5683.000000;0.449048
5682.000000;0.448962
5681.000000;0.448867
5680.000000;0.448861
5679.000000;0.448921
5678.000000;0.448954
5677.000000;0.448917
5676.000000;0.448877
5675.000000;0.448966
5674.000000;0.449246
5673.000000;0.449610
5672.000000;0.449843
5671.000000;0.449824
5670.000000;0.449630
5669.000000;0.449413
5668.000000;0.449256
5667.000000;0.449203
5666.000000;0.449330
5665.000000;0.449630
5664.000000;0.449907
5663.000000;0.449948
5662.000000;0.449817
5661.000000;0.449827
5660.000000;0.450148
5659.000000;0.450560
5658.000000;0.450682
5657.000000;0.450380
5656.000000;0.449879
5655.000000;0.449533
5654.000000;0.449550
5653.000000;0.449898
5652.000000;0.450380
5651.000000;0.450774
5650.000000;0.450944
5649.000000;0.450878
5648.000000;0.450675
5647.000000;0.450504
5646.000000;0.450521
5645.000000;0.450743
5644.000000;0.451017
5643.000000;0.451162
5642.000000;0.451150
5641.000000;0.451113
5640.000000;0.451170
5639.000000;0.451321
5638.000000;0.451473
5637.000000;0.451519
5636.000000;0.451413
5635.000000;0.451242
5634.000000;0.451224
5633.000000;0.451509
5632.000000;0.451983
5631.000000;0.452359
5630.000000;0.452512
5629.000000;0.452594
5628.000000;0.452763
5627.000000;0.452931
5626.000000;0.452916
5625.000000;0.452758
5624.000000;0.452729
5623.000000;0.453008
5622.000000;0.453481
5621.000000;0.453890
5620.000000;0.454082
5619.000000;0.454079
5618.000000;0.453985
5617.000000;0.453906
5616.000000;0.453930
5615.000000;0.454077
5614.000000;0.454282
5613.000000;0.454469
5612.000000;0.454638
5611.000000;0.454824
5610.000000;0.454996
5609.000000;0.455067
5608.000000;0.455063
5607.000000;0.455162
5606.000000;0.455478
5605.000000;0.455880
5604.000000;0.456122
5603.000000;0.456149
5602.000000;0.456129
5601.000000;0.456189
5600.000000;0.456282
5599.000000;0.456354
5598.000000;0.456481
5597.000000;0.456709
5596.000000;0.456873
5595.000000;0.456767
5594.000000;0.456454
5593.000000;0.456258
5592.000000;0.456422
5591.000000;0.456896
5590.000000;0.457449
5589.000000;0.457874
5588.000000;0.458074
5587.000000;0.458064
5586.000000;0.457995
5585.000000;0.458078
5584.000000;0.458398
5583.000000;0.458831
5582.000000;0.459189
5581.000000;0.459417
5580.000000;0.459593
5579.000000;0.459764
5578.000000;0.459865
5577.000000;0.459821
5576.000000;0.459676
5575.000000;0.459603
5574.000000;0.459769
5573.000000;0.460197
5572.000000;0.460727
5571.000000;0.461099
5570.000000;0.461126
5569.000000;0.460885
5568.000000;0.460723
5567.000000;0.460974
5566.000000;0.461586
5565.000000;0.462088
5564.000000;0.462047
5563.000000;0.461553
5562.000000;0.461110
5561.000000;0.461079
5560.000000;0.461388
5559.000000;0.461797
5558.000000;0.462216
5557.000000;0.462653
5556.000000;0.462999
5555.000000;0.463088
5554.000000;0.462920
5553.000000;0.462656
5552.000000;0.462418
5551.000000;0.462254
5550.000000;0.462251
5549.000000;0.462513
5548.000000;0.462984
5547.000000;0.463410
5546.000000;0.463556
5545.000000;0.463400
5544.000000;0.463129
5543.000000;0.463011
5542.000000;0.463231
5541.000000;0.463740
5540.000000;0.464227
5539.000000;0.464375
5538.000000;0.464182
5537.000000;0.463980
5536.000000;0.464119
5535.000000;0.464684
5534.000000;0.465473
5533.000000;0.466147
5532.000000;0.466420
5531.000000;0.466238
5530.000000;0.465826
5529.000000;0.465496
5528.000000;0.465375
5527.000000;0.465375
5526.000000;0.465411
5525.000000;0.465500
5524.000000;0.465655
5523.000000;0.465776
5522.000000;0.465729
5521.000000;0.465482
5520.000000;0.465146
5519.000000;0.464963
5518.000000;0.465210
5517.000000;0.465957
5516.000000;0.466859
5515.000000;0.467341
5514.000000;0.467140
5513.000000;0.466594
5512.000000;0.466282
5511.000000;0.466456
5510.000000;0.466917
5509.000000;0.467337
5508.000000;0.467570
5507.000000;0.467660
5506.000000;0.467707
5505.000000;0.467769
5504.000000;0.467846
5503.000000;0.467920
5502.000000;0.468020
5501.000000;0.468205
5500.000000;0.468450
5499.000000;0.468583
5498.000000;0.468458
5497.000000;0.468190
5496.000000;0.468124
5495.000000;0.468493
5494.000000;0.469175
5493.000000;0.469795
5492.000000;0.470070
5491.000000;0.470009
5490.000000;0.469815
5489.000000;0.469659
5488.000000;0.469575
5487.000000;0.469497
5486.000000;0.469362
5485.000000;0.469232
5484.000000;0.469312
5483.000000;0.469787
5482.000000;0.470569
5481.000000;0.471268
5480.000000;0.471535
5479.000000;0.471415
5478.000000;0.471274
5477.000000;0.471335
5476.000000;0.471434
5475.000000;0.471261
5474.000000;0.470790
5473.000000;0.470353
5472.000000;0.470304
5471.000000;0.470682
5470.000000;0.471202
5469.000000;0.471515
5468.000000;0.471502
5467.000000;0.471376
5466.000000;0.471494
5465.000000;0.472008
5464.000000;0.472669
5463.000000;0.473044
5462.000000;0.472976
5461.000000;0.472784
5460.000000;0.472928
5459.000000;0.473497
5458.000000;0.474107
5457.000000;0.474272
5456.000000;0.473861
5455.000000;0.473215
5454.000000;0.472872
5453.000000;0.473146
5452.000000;0.473861
5451.000000;0.474494
5450.000000;0.474658
5449.000000;0.474493
5448.000000;0.474508
5447.000000;0.475023
5446.000000;0.475849
5445.000000;0.476528
5444.000000;0.476799
5443.000000;0.476757
5442.000000;0.476593
5441.000000;0.476393
5440.000000;0.476211
5439.000000;0.476173
5438.000000;0.476400
5437.000000;0.476868
5436.000000;0.477416
5435.000000;0.477883
5434.000000;0.478187
5433.000000;0.478290
5432.000000;0.478166
5431.000000;0.477880
5430.000000;0.477622
5429.000000;0.477612
5428.000000;0.477915
5427.000000;0.478398
5426.000000;0.478864
5425.000000;0.479155
5424.000000;0.479199
5423.000000;0.479088
5422.000000;0.479084
5421.000000;0.479392
5420.000000;0.479939
5419.000000;0.480455
5418.000000;0.480785
5417.000000;0.481026
5416.000000;0.481311
5415.000000;0.481612
5414.000000;0.481830
5413.000000;0.482013
5412.000000;0.482343
5411.000000;0.482885
5410.000000;0.483474
5409.000000;0.483911
5408.000000;0.484206
5407.000000;0.484564
5406.000000;0.485117
5405.000000;0.485716
5404.000000;0.486044
5403.000000;0.485962
5402.000000;0.485716
5401.000000;0.485726
5400.000000;0.486182
5399.000000;0.486913
5398.000000;0.487647
5397.000000;0.488294
5396.000000;0.488928
5395.000000;0.489577
5394.000000;0.490127
5393.000000;0.490386
5392.000000;0.490287
5391.000000;0.490041
5390.000000;0.490072
5389.000000;0.490775
5388.000000;0.492158
5387.000000;0.493703
5386.000000;0.494714
5385.000000;0.494970
5384.000000;0.494948
5383.000000;0.495307
5382.000000;0.496210
5381.000000;0.497267
5380.000000;0.498036
5379.000000;0.498423
5378.000000;0.498656
5377.000000;0.499036
5376.000000;0.499729
5375.000000;0.500622
5374.000000;0.501389
5373.000000;0.501821
5372.000000;0.502143
5371.000000;0.502870
5370.000000;0.504200
5369.000000;0.505680
5368.000000;0.506649
5367.000000;0.507003
5366.000000;0.507283
5365.000000;0.508054
5364.000000;0.509451
5363.000000;0.511322
5362.000000;0.513487
5361.000000;0.515657
5360.000000;0.517364
5359.000000;0.518299
5358.000000;0.518727
5357.000000;0.519300
5356.000000;0.520393
5355.000000;0.521789
5354.000000;0.523040
5353.000000;0.524034
5352.000000;0.525126
5351.000000;0.526754
5350.000000;0.528944
5349.000000;0.531254
5348.000000;0.533226
5347.000000;0.534815
5346.000000;0.536308
5345.000000;0.537899
5344.000000;0.539562
5343.000000;0.541285
5342.000000;0.543095
5341.000000;0.544786
5340.000000;0.545999
5339.000000;0.546820
5338.000000;0.547993
5337.000000;0.550127
5336.000000;0.552900
5335.000000;0.555466
5334.000000;0.557377
5333.000000;0.558791
5332.000000;0.560154
5331.000000;0.561962
5330.000000;0.564404
5329.000000;0.566881
5328.000000;0.568355
5327.000000;0.568754
5326.000000;0.569520
5325.000000;0.571881
5324.000000;0.575120
5323.000000;0.577367
5322.000000;0.577753
5321.000000;0.577051
5320.000000;0.576445
5319.000000;0.576576
5318.000000;0.577431
5317.000000;0.578070
5316.000000;0.576579
5315.000000;0.571825
5314.000000;0.565271
5313.000000;0.559104
5312.000000;0.552942
5311.000000;0.544160
5310.000000;0.531703
5309.000000;0.518194
5308.000000;0.507567
5307.000000;0.501659
5306.000000;0.498224
5305.000000;0.491125
5304.000000;0.475447
5303.000000;0.454505
5302.000000;0.437745
5301.000000;0.430780
5300.000000;0.428754
5299.000000;0.422142
5298.000000;0.413548
5297.000000;0.418394
5296.000000;0.444893
5295.000000;0.483287
5294.000000;0.518886
5293.000000;0.548419
5292.000000;0.573111
5291.000000;0.593596
5290.000000;0.618182
5289.000000;0.656855
5288.000000;0.703725
5287.000000;0.734671
5286.000000;0.736692
5285.000000;0.725337
5284.000000;0.718835
5283.000000;0.725410
5282.000000;0.751299
5281.000000;0.801521
5280.000000;0.871575
5279.000000;0.937910
5278.000000;0.964945
5277.000000;0.944785
5276.000000;0.903394
5275.000000;0.869173
5274.000000;0.862180
5273.000000;0.886076
5272.000000;0.924625
5271.000000;0.954309
5270.000000;0.962140
5269.000000;0.948925
5268.000000;0.926242
5267.000000;0.913907
5266.000000;0.925806
5265.000000;0.956298
5264.000000;0.982190
5263.000000;0.988008
5262.000000;0.992023
5261.000000;1.017948
5260.000000;1.051535
5259.000000;1.056096
5258.000000;1.025687
5257.000000;0.990146
5256.000000;0.975000
5255.000000;0.979016
5254.000000;0.982656
5253.000000;0.967056
5252.000000;0.934236
5251.000000;0.911787
5250.000000;0.923715
5249.000000;0.963725
5248.000000;0.988745
5247.000000;0.958353
5246.000000;0.900842
5245.000000;0.869345
5244.000000;0.881441
5243.000000;0.918109
5242.000000;0.935452
5241.000000;0.914965
5240.000000;0.888868
5239.000000;0.884455
5238.000000;0.907374
5237.000000;0.942499
5236.000000;0.945440
5235.000000;0.911846
5234.000000;0.899412
5233.000000;0.937632
5232.000000;1.001904
5231.000000;1.025842
5230.000000;0.991995
5229.000000;0.966799
5228.000000;0.984800
5227.000000;1.025629
5226.000000;1.060826
5225.000000;1.068702
5224.000000;1.026840
5223.000000;0.960922
5222.000000;0.917679
5221.000000;0.913657
5220.000000;0.940041
5219.000000;0.958705
5218.000000;0.936330
5217.000000;0.897364
5216.000000;0.874467
5215.000000;0.879824
5214.000000;0.919242
5213.000000;0.975768
5212.000000;0.996162
5211.000000;0.961030
5210.000000;0.918347
5209.000000;0.907116
5208.000000;0.933227
5207.000000;0.970768
5206.000000;0.980743
5205.000000;0.962390
5204.000000;0.939868
5203.000000;0.919604
5202.000000;0.904471
5201.000000;0.908869
5200.000000;0.944779
5199.000000;1.002078
5198.000000;1.042495
5197.000000;1.031359
5196.000000;0.982178
5195.000000;0.937414
5194.000000;0.925202
5193.000000;0.944324
5192.000000;0.964615
5191.000000;0.954377
5190.000000;0.925907
5189.000000;0.918376
5188.000000;0.949197
5187.000000;0.995264
5186.000000;1.006331
5185.000000;0.978099
5184.000000;0.961519
5183.000000;0.986858
5182.000000;1.041452
5181.000000;1.059693
5180.000000;0.992039
5179.000000;0.898551
5178.000000;0.841786
5177.000000;0.834026
5176.000000;0.860254
5175.000000;0.893328
5174.000000;0.913814
5173.000000;0.920221
5172.000000;0.921112
5171.000000;0.929765
5170.000000;0.956371
5169.000000;0.992611
5168.000000;1.010845
5167.000000;0.990942
5166.000000;0.946537
5165.000000;0.907013
5164.000000;0.883694
5163.000000;0.872779
5162.000000;0.872468
5161.000000;0.879880
5160.000000;0.889636
5159.000000;0.907542
5158.000000;0.950000
5157.000000;1.010178
5156.000000;1.031625
5155.000000;0.993434
5154.000000;0.944155
5153.000000;0.911159
5152.000000;0.904302
5151.000000;0.926788
5150.000000;0.962724
5149.000000;0.984377
5148.000000;0.978301
5147.000000;0.954156
5146.000000;0.927366
5145.000000;0.908164
5144.000000;0.898981
5143.000000;0.898706
5142.000000;0.912281
5141.000000;0.949675
5140.000000;1.009092
5139.000000;1.058801
5138.000000;1.054724
5137.000000;1.002081
5136.000000;0.942979
5135.000000;0.905047
5134.000000;0.894704
5133.000000;0.901692
5132.000000;0.910690
5131.000000;0.921582
5130.000000;0.947973
5129.000000;0.990066
5128.000000;1.020030
5127.000000;1.011448
5126.000000;0.979961
5125.000000;0.951807
5124.000000;0.928878
5123.000000;0.908267
5122.000000;0.900279
5121.000000;0.914716
5120.000000;0.941245
5119.000000;0.951721
5118.000000;0.935800
5117.000000;0.915014
5116.000000;0.906667
5115.000000;0.908310
5114.000000;0.910657
5113.000000;0.908783
5112.000000;0.905154
5111.000000;0.909898
5110.000000;0.936270
5109.000000;0.988262
5108.000000;1.043888
5107.000000;1.052051
5106.000000;0.999699
5105.000000;0.936386
5104.000000;0.899713
5103.000000;0.899326
5102.000000;0.922017
5101.000000;0.935527
5100.000000;0.923987
5099.000000;0.910461
5098.000000;0.927129
5097.000000;0.979519
5096.000000;1.019908
5095.000000;0.991324
5094.000000;0.923791
5093.000000;0.874304
5092.000000;0.863111
5091.000000;0.888186
5090.000000;0.939014
5089.000000;1.002301
5088.000000;1.046886
5087.000000;1.030396
5086.000000;0.976009
5085.000000;0.936380
5084.000000;0.924503
5083.000000;0.933200
5082.000000;0.950352
5081.000000;0.956869
5080.000000;0.942250
5079.000000;0.918340
5078.000000;0.907354
5077.000000;0.921508
5076.000000;0.944751
5075.000000;0.943056
5074.000000;0.912820
5073.000000;0.885871
5072.000000;0.887245
5071.000000;0.918096
5070.000000;0.952733
5069.000000;0.958314
5068.000000;0.940907
5067.000000;0.930631
5066.000000;0.937657
5065.000000;0.945259
5064.000000;0.930769
5063.000000;0.902085
5062.000000;0.887397
5061.000000;0.895372
5060.000000;0.907202
5059.000000;0.902969
5058.000000;0.889913
5057.000000;0.888251
5056.000000;0.908506
5055.000000;0.952520
5054.000000;1.009042
5053.000000;1.046065
5052.000000;1.031559
5051.000000;0.973350
5050.000000;0.916134
5049.000000;0.886873
5048.000000;0.877141
5047.000000;0.868214
5046.000000;0.856382
5045.000000;0.851234
5044.000000;0.856458
5043.000000;0.867898
5042.000000;0.885067
5041.000000;0.912305
5040.000000;0.947276
5039.000000;0.977838
5038.000000;0.993007
5037.000000;0.984615
5036.000000;0.949158
5035.000000;0.899774
5034.000000;0.860979
5033.000000;0.848562
5032.000000;0.860101
5031.000000;0.879286
5030.000000;0.884255
5029.000000;0.863754
5028.000000;0.828985
5027.000000;0.800616
5026.000000;0.794522
5025.000000;0.817971
5024.000000;0.864773
5023.000000;0.914156
5022.000000;0.950853
5021.000000;0.976286
5020.000000;0.980960
5019.000000;0.939617
5018.000000;0.857536
5017.000000;0.778223
5016.000000;0.735605
5015.000000;0.738015
5014.000000;0.776797
5013.000000;0.827938
5012.000000;0.858280
5011.000000;0.859738
5010.000000;0.855831
5009.000000;0.856270
5008.000000;0.847346
5007.000000;0.824986
5006.000000;0.808046
5005.000000;0.815311
5004.000000;0.843747
5003.000000;0.864917
5002.000000;0.850250
5001.000000;0.806919
5000.000000;0.761396
4999.000000;0.728985
4998.000000;0.716601
4997.000000;0.728138
4996.000000;0.760718
4995.000000;0.799676
4994.000000;0.814343
4993.000000;0.790999
4992.000000;0.757179
4991.000000;0.733587
4990.000000;0.715687
4989.000000;0.695972
4988.000000;0.678803
4987.000000;0.676529
4986.000000;0.691511
4985.000000;0.703472
4984.000000;0.690258
4983.000000;0.661935
4982.000000;0.644105
4981.000000;0.645919
4980.000000;0.652441
4979.000000;0.643805
4978.000000;0.626225
4977.000000;0.620502
4976.000000;0.633520
4975.000000;0.654271
4974.000000;0.664010
4973.000000;0.652412
4972.000000;0.626009
4971.000000;0.601546
4970.000000;0.593202
4969.000000;0.602305
4968.000000;0.616002
4967.000000;0.617791
4966.000000;0.605509
4965.000000;0.591474
4964.000000;0.582179
4963.000000;0.573285
4962.000000;0.561928
4961.000000;0.550647
4960.000000;0.539604
4959.000000;0.525260
4958.000000;0.507945
4957.000000;0.493406
4956.000000;0.488292
4955.000000;0.495325
4954.000000;0.505706
4953.000000;0.501921
4952.000000;0.479292
4951.000000;0.452327
4950.000000;0.437854
4949.000000;0.443500
4948.000000;0.465248
4947.000000;0.490350
4946.000000;0.502675
4945.000000;0.489995
4944.000000;0.455667
4943.000000;0.418382
4942.000000;0.394351
4941.000000;0.385297
4940.000000;0.381276
4939.000000;0.374088
4938.000000;0.367529
4937.000000;0.369447
4936.000000;0.378973
4935.000000;0.387472
4934.000000;0.388091
4933.000000;0.379211
4932.000000;0.361862
4931.000000;0.340073
4930.000000;0.320042
4929.000000;0.304382
4928.000000;0.290201
4927.000000;0.276564
4926.000000;0.269047
4925.000000;0.271200
4924.000000;0.274447
4923.000000;0.264975
4922.000000;0.245331
4921.000000;0.231014
4920.000000;0.228028
4919.000000;0.230845
4918.000000;0.233341
4917.000000;0.234357
4916.000000;0.234297
4915.000000;0.230577
4914.000000;0.220082
4913.000000;0.204035
4912.000000;0.187015
4911.000000;0.172921
4910.000000;0.163506
4909.000000;0.157963
4908.000000;0.152949
4907.000000;0.144980
4906.000000;0.133674
4905.000000;0.121970
4904.000000;0.113185
4903.000000;0.108420
4902.000000;0.106322
4901.000000;0.103966
4900.000000;0.097671
4899.000000;0.085898
4898.000000;0.072024
4897.000000;0.060627
4896.000000;0.052547
4895.000000;0.046469
4894.000000;0.042181
4893.000000;0.039759
4892.000000;0.037665
4891.000000;0.034024
4890.000000;0.029153
4889.000000;0.024902
4888.000000;0.022065
4887.000000;0.020103
4886.000000;0.018467
4885.000000;0.016320
4884.000000;0.011739
4883.000000;0.003632
4882.000000;-0.005752
4881.000000;-0.012809
4880.000000;-0.016810
4879.000000;-0.020220
4878.000000;-0.025136
4877.000000;-0.030882
4876.000000;-0.035622
4875.000000;-0.039327
4874.000000;-0.044053
4873.000000;-0.051085
4872.000000;-0.058429
4871.000000;-0.062507
4870.000000;-0.062312
4869.000000;-0.060691
4868.000000;-0.060558
4867.000000;-0.060701
4866.000000;-0.058060
4865.000000;-0.052778
4864.000000;-0.048116
4863.000000;-0.046111
4862.000000;-0.045579
4861.000000;-0.045305
4860.000000;-0.046547
4859.000000;-0.050294
4858.000000;-0.054597
4857.000000;-0.056894
4856.000000;-0.056822
4855.000000;-0.054944
4854.000000;-0.050770
4853.000000;-0.043841
4852.000000;-0.035138
4851.000000;-0.025586
4850.000000;-0.015212
4849.000000;-0.006627
4848.000000;-0.006569
4847.000000;-0.017854
4846.000000;-0.032106
4845.000000;-0.037154
4844.000000;-0.029048
4843.000000;-0.015484
4842.000000;-0.008066
4841.000000;-0.009618
4840.000000;-0.013128
4839.000000;-0.012154
4838.000000;-0.006247
4837.000000;0.001372
4836.000000;0.007660
4835.000000;0.011375
4834.000000;0.012971
4833.000000;0.014075
4832.000000;0.016085
4831.000000;0.018934
4830.000000;0.021980
4829.000000;0.025793
4828.000000;0.031702
4827.000000;0.039273
4826.000000;0.045448
4825.000000;0.047388
4824.000000;0.045919
4823.000000;0.045020
4822.000000;0.047874
4821.000000;0.054180
4820.000000;0.061199
4819.000000;0.066845
4818.000000;0.071173
4817.000000;0.074879
4816.000000;0.077548
4815.000000;0.078167
4814.000000;0.076805
4813.000000;0.075102
4812.000000;0.075412
4811.000000;0.079570
4810.000000;0.087435
4809.000000;0.095944
4808.000000;0.100776
4807.000000;0.100560
4806.000000;0.098714
4805.000000;0.099675
4804.000000;0.104194
4803.000000;0.109110
4802.000000;0.111083
4801.000000;0.109740
4800.000000;0.107488
4799.000000;0.107569
4798.000000;0.112188
4797.000000;0.120774
4796.000000;0.129382
4795.000000;0.133384
4794.000000;0.132279
4793.000000;0.130446
4792.000000;0.132324
4791.000000;0.138359
4790.000000;0.145457
4789.000000;0.150268
4788.000000;0.152095
4787.000000;0.153020
4786.000000;0.155335
4785.000000;0.158831
4784.000000;0.160787
4783.000000;0.159306
4782.000000;0.156370
4781.000000;0.156190
4780.000000;0.160574
4779.000000;0.166837
4778.000000;0.170754
4777.000000;0.171508
4776.000000;0.172393
4775.000000;0.176422
4774.000000;0.182576
4773.000000;0.186728
4772.000000;0.186365
4771.000000;0.183801
4770.000000;0.183656
4769.000000;0.187945
4768.000000;0.194298
4767.000000;0.198732
4766.000000;0.199822
4765.000000;0.199471
4764.000000;0.200064
4763.000000;0.202209
4762.000000;0.204975
4761.000000;0.207165
4760.000000;0.208203
4759.000000;0.208618
4758.000000;0.209887
4757.000000;0.213118
4756.000000;0.217814
4755.000000;0.222458
4754.000000;0.226208
4753.000000;0.229137
4752.000000;0.230858
4751.000000;0.230304
4750.000000;0.227442
4749.000000;0.224160
4748.000000;0.222692
4747.000000;0.223785
4746.000000;0.226727
4745.000000;0.230399
4744.000000;0.233790
4743.000000;0.236178
4742.000000;0.237660
4741.000000;0.239290
4740.000000;0.241924
4739.000000;0.244972
4738.000000;0.246845
4737.000000;0.246834
4736.000000;0.246293
4735.000000;0.247599
4734.000000;0.251859
4733.000000;0.257610
4732.000000;0.261789
4731.000000;0.262477
4730.000000;0.260704
4729.000000;0.259037
4728.000000;0.258892
4727.000000;0.259864
4726.000000;0.261116
4725.000000;0.262521
4724.000000;0.264369
4723.000000;0.266682
4722.000000;0.269166
4721.000000;0.271381
4720.000000;0.272767
4719.000000;0.272990
4718.000000;0.272471
4717.000000;0.272083
4716.000000;0.272259
4715.000000;0.272951
4714.000000;0.274433
4713.000000;0.277253
4712.000000;0.281057
4711.000000;0.284301
4710.000000;0.285854
4709.000000;0.286373
4708.000000;0.287264
4707.000000;0.288744
4706.000000;0.289760
4705.000000;0.289586
4704.000000;0.288651
4703.000000;0.287765
4702.000000;0.287426
4701.000000;0.288064
4700.000000;0.290126
4699.000000;0.293423
4698.000000;0.296794
4697.000000;0.298980
4696.000000;0.299850
4695.000000;0.300411
4694.000000;0.301648
4693.000000;0.303584
4692.000000;0.305331
4691.000000;0.305952
4690.000000;0.305428
4689.000000;0.304749
4688.000000;0.304988
4687.000000;0.306421
4686.000000;0.308596
4685.000000;0.310988
4684.000000;0.313258
4683.000000;0.314858
4682.000000;0.314993
4681.000000;0.313545
4680.000000;0.311807
4679.000000;0.311607
4678.000000;0.313493
4677.000000;0.316081
4676.000000;0.317460
4675.000000;0.317204
4674.000000;0.316582
4673.000000;0.316979
4672.000000;0.318686
4671.000000;0.321069
4670.000000;0.323328
4669.000000;0.324901
4668.000000;0.325502
4667.000000;0.325173
4666.000000;0.324320
4665.000000;0.323521
4664.000000;0.323248
4663.000000;0.323725
4662.000000;0.324916
4661.000000;0.326637
4660.000000;0.328774
4659.000000;0.331358
4658.000000;0.334170
4657.000000;0.336323
4656.000000;0.336759
4655.000000;0.335461
4654.000000;0.333826
4653.000000;0.333486
4652.000000;0.334964
4651.000000;0.337524
4650.000000;0.339980
4649.000000;0.341422
4648.000000;0.341513
4647.000000;0.340571
4646.000000;0.339362
4645.000000;0.338535
4644.000000;0.338297
4643.000000;0.338682
4642.000000;0.339793
4641.000000;0.341442
4640.000000;0.342921
4639.000000;0.343702
4638.000000;0.344109
4637.000000;0.344738
4636.000000;0.345414
4635.000000;0.345466
4634.000000;0.345056
4633.000000;0.345452
4632.000000;0.347610
4631.000000;0.350908
4630.000000;0.353645
4629.000000;0.354655
4628.000000;0.354144
4627.000000;0.353066
4626.000000;0.352096
4625.000000;0.351346
4624.000000;0.350800
4623.000000;0.350664
4622.000000;0.351113
4621.000000;0.351878
4620.000000;0.352504
4619.000000;0.353130
4618.000000;0.354580
4617.000000;0.357280
4616.000000;0.360319
4615.000000;0.362103
4614.000000;0.361947
4613.000000;0.360618
4612.000000;0.359282
4611.000000;0.358471
4610.000000;0.358215
4609.000000;0.358654
4608.000000;0.360063
4607.000000;0.362289
4606.000000;0.364380
4605.000000;0.364992
4604.000000;0.363539
4603.000000;0.361104
4602.000000;0.359827
4601.000000;0.361027
4600.000000;0.363882
4599.000000;0.366134
4598.000000;0.366306
4597.000000;0.365074
4596.000000;0.364198
4595.000000;0.364599
4594.000000;0.365835
4593.000000;0.367011
4592.000000;0.367707
4591.000000;0.368031
4590.000000;0.368106
4589.000000;0.367839
4588.000000;0.367237
4587.000000;0.366768
4586.000000;0.367070
4585.000000;0.368205
4584.000000;0.369431
4583.000000;0.370080
4582.000000;0.370513
4581.000000;0.371754
4580.000000;0.374121
4579.000000;0.376632
4578.000000;0.377980
4577.000000;0.377878
4576.000000;0.377160
4575.000000;0.376705
4574.000000;0.376683
4573.000000;0.376737
4572.000000;0.376448
4571.000000;0.375577
4570.000000;0.374197
4569.000000;0.372844
4568.000000;0.372329
4567.000000;0.373009
4566.000000;0.374160
4565.000000;0.374401
4564.000000;0.373131
4563.000000;0.371450
4562.000000;0.371249
4561.000000;0.373361
4560.000000;0.376695
4559.000000;0.379189
4558.000000;0.379634
4557.000000;0.378655
4556.000000;0.377958
4555.000000;0.378631
4554.000000;0.380088
4553.000000;0.380676
4552.000000;0.379559
4551.000000;0.377825
4550.000000;0.377296
4549.000000;0.378395
4548.000000;0.379858
4547.000000;0.380496
4546.000000;0.380427
4545.000000;0.380217
4544.000000;0.379733
4543.000000;0.378685
4542.000000;0.377665
4541.000000;0.377644
4540.000000;0.378706
4539.000000;0.380047
4538.000000;0.381094
4537.000000;0.381840
4536.000000;0.382054
4535.000000;0.381220
4534.000000;0.379604
4533.000000;0.378522
4532.000000;0.379056
4531.000000;0.380993
4530.000000;0.383326
4529.000000;0.385296
4528.000000;0.386514
4527.000000;0.386652
4526.000000;0.385809
4525.000000;0.384931
4524.000000;0.385114
4523.000000;0.386367
4522.000000;0.387444
4521.000000;0.387059
4520.000000;0.385106
4519.000000;0.382708
4518.000000;0.381361
4517.000000;0.381971
4516.000000;0.384238
4515.000000;0.386691
4514.000000;0.387597
4513.000000;0.386378
4512.000000;0.384196
4511.000000;0.382780
4510.000000;0.382659
4509.000000;0.382876
4508.000000;0.382467
4507.000000;0.381775
4506.000000;0.381824
4505.000000;0.382632
4504.000000;0.382960
4503.000000;0.382032
4502.000000;0.380804
4501.000000;0.380784
4500.000000;0.382062
4499.000000;0.383333
4498.000000;0.383845
4497.000000;0.384533
4496.000000;0.386637
4495.000000;0.389688
4494.000000;0.391570
4493.000000;0.390791
4492.000000;0.388362
4491.000000;0.386884
4490.000000;0.387867
4489.000000;0.390298
4488.000000;0.391990
4487.000000;0.392069
4486.000000;0.391410
4485.000000;0.390667
4484.000000;0.389155
4483.000000;0.386397
4482.000000;0.383749
4481.000000;0.383178
4480.000000;0.384752
4479.000000;0.386341
4478.000000;0.386015
4477.000000;0.384120
4476.000000;0.382501
4475.000000;0.382479
4474.000000;0.384154
4473.000000;0.386959
4472.000000;0.390054
4471.000000;0.392412
4470.000000;0.393213
4469.000000;0.392384
4468.000000;0.390615
4467.000000;0.388914
4466.000000;0.388136
4465.000000;0.388405
4464.000000;0.388635
4463.000000;0.387074
4462.000000;0.383229
4461.000000;0.379170
4460.000000;0.377994
4459.000000;0.380894
4458.000000;0.386026
4457.000000;0.390192
4456.000000;0.391750
4455.000000;0.391637
4454.000000;0.391451
4453.000000;0.391383
4452.000000;0.390409
4451.000000;0.388005
4450.000000;0.385165
4449.000000;0.383611
4448.000000;0.384257
4447.000000;0.386532
4446.000000;0.389117
4445.000000;0.391304
4444.000000;0.393489
4443.000000;0.396045
4442.000000;0.397878
4441.000000;0.397031
4440.000000;0.393172
4439.000000;0.388482
4438.000000;0.385461
4437.000000;0.384652
4436.000000;0.385169
4435.000000;0.386879
4434.000000;0.390426
4433.000000;0.394774
4432.000000;0.396531
4431.000000;0.393384
4430.000000;0.387319
4429.000000;0.382598
4428.000000;0.381381
4427.000000;0.382460
4426.000000;0.383366
4425.000000;0.382851
4424.000000;0.381655
4423.000000;0.381561
4422.000000;0.383577
4421.000000;0.386486
4420.000000;0.387435
4419.000000;0.385059
4418.000000;0.381723
4417.000000;0.381021
4416.000000;0.383554
4415.000000;0.386510
4414.000000;0.387413
4413.000000;0.387176
4412.000000;0.388267
4411.000000;0.390723
4410.000000;0.391620
4409.000000;0.388760
4408.000000;0.383781
4407.000000;0.380633
4406.000000;0.381798
4405.000000;0.386236
4404.000000;0.390296
4403.000000;0.390854
4402.000000;0.387655
4401.000000;0.382746
4400.000000;0.378586
4399.000000;0.376646
4398.000000;0.376899
4397.000000;0.378228
4396.000000;0.379573
4395.000000;0.380717
4394.000000;0.381484
4393.000000;0.380683
4392.000000;0.377228
4391.000000;0.372238
4390.000000;0.368561
4389.000000;0.367900
4388.000000;0.369577
4387.000000;0.372563
4386.000000;0.377063
4385.000000;0.382549
4384.000000;0.385648
4383.000000;0.383060
4382.000000;0.376610
4381.000000;0.371855
4380.000000;0.371774
4379.000000;0.374104
4378.000000;0.374673
4377.000000;0.372112
4376.000000;0.368057
4375.000000;0.364243
4374.000000;0.361660
4373.000000;0.361344
4372.000000;0.363728
4371.000000;0.367098
4370.000000;0.368106
4369.000000;0.364731
4368.000000;0.358332
4367.000000;0.352323
4366.000000;0.349267
4365.000000;0.349407
4364.000000;0.351252
4363.000000;0.352889
4362.000000;0.352776
4361.000000;0.350186
4360.000000;0.346015
4359.000000;0.342935
4358.000000;0.343352
4357.000000;0.346554
4356.000000;0.348305
4355.000000;0.345215
4354.000000;0.339822
4353.000000;0.338528
4352.000000;0.344665
4351.000000;0.354636
4350.000000;0.360274
4349.000000;0.356191
4348.000000;0.344881
4347.000000;0.333554
4346.000000;0.327869
4345.000000;0.328910
4344.000000;0.333781
4343.000000;0.338256
4342.000000;0.339620
4341.000000;0.337650
4340.000000;0.333645
4339.000000;0.329604
4338.000000;0.327451
4337.000000;0.327210
4336.000000;0.326242
4335.000000;0.321791
4334.000000;0.314752
4333.000000;0.308890
4332.000000;0.306436
4331.000000;0.306494
4330.000000;0.307349
4329.000000;0.309539
4328.000000;0.315141
4327.000000;0.323167
4326.000000;0.327763
4325.000000;0.323146
4324.000000;0.310942
4323.000000;0.300542
4322.000000;0.300600
4321.000000;0.311045
4320.000000;0.322135
4319.000000;0.322430
4318.000000;0.311421
4317.000000;0.299617
4316.000000;0.294893
4315.000000;0.294812
4314.000000;0.291601
4313.000000;0.283472
4312.000000;0.277850
4311.000000;0.281591
4310.000000;0.293073
4309.000000;0.303836
4308.000000;0.306502
4307.000000;0.302269
4306.000000;0.297537
4305.000000;0.294917
4304.000000;0.292467
4303.000000;0.288722
4302.000000;0.285230
4301.000000;0.284946
4300.000000;0.289176
4299.000000;0.297260
4298.000000;0.308411
4297.000000;0.320601
4296.000000;0.328028
4295.000000;0.323556
4294.000000;0.305676
4293.000000;0.282767
4292.000000;0.268913
4291.000000;0.273390
4290.000000;0.291986
4289.000000;0.307313
4288.000000;0.303856
4287.000000;0.286310
4286.000000;0.272726
4285.000000;0.273326
4284.000000;0.281825
4283.000000;0.282181
4282.000000;0.266115
4281.000000;0.242157
4280.000000;0.224583
4279.000000;0.222198
4278.000000;0.236570
4277.000000;0.263407
4276.000000;0.293417
4275.000000;0.316142
4274.000000;0.328287
4273.000000;0.334246
4272.000000;0.338678
4271.000000;0.344312
4270.000000;0.351593
4269.000000;0.356958
4268.000000;0.357437
4267.000000;0.359688
4266.000000;0.377202
4265.000000;0.413746
4264.000000;0.448278
4263.000000;0.443927
4262.000000;0.398548
4261.000000;0.352678
4260.000000;0.336894
4259.000000;0.354851
4258.000000;0.392070
4257.000000;0.425257
4256.000000;0.436312
4255.000000;0.431370
4254.000000;0.433804
4253.000000;0.454816
4252.000000;0.482556
4251.000000;0.493834
4250.000000;0.480508
4249.000000;0.461178
4248.000000;0.456355
4247.000000;0.472376
4246.000000;0.506414
4245.000000;0.540868
4244.000000;0.542622
4243.000000;0.514658
4242.000000;0.497810
4241.000000;0.515370
4240.000000;0.563526
4239.000000;0.610487
4238.000000;0.615499
4237.000000;0.586750
4236.000000;0.566317
4235.000000;0.574260
4234.000000;0.603466
4233.000000;0.633501
4232.000000;0.651899
4231.000000;0.668376
4230.000000;0.700688
4229.000000;0.745423
4228.000000;0.766211
4227.000000;0.732329
4226.000000;0.671426
4225.000000;0.628195
4224.000000;0.617020
4223.000000;0.628785
4222.000000;0.649944
4221.000000;0.672155
4220.000000;0.687703
4219.000000;0.691573
4218.000000;0.694581
4217.000000;0.712956
4216.000000;0.746818
4215.000000;0.779451
4214.000000;0.798163
4213.000000;0.810479
4212.000000;0.828992
4211.000000;0.868207
4210.000000;0.953531
4209.000000;1.115396
4208.000000;1.246106
4207.000000;1.164547
4206.000000;1.020442
4205.000000;0.913281
4204.000000;0.881028
4203.000000;0.932535
4202.000000;1.007780
4201.000000;1.004890
4200.000000;0.965886
4199.000000;0.966699
4198.000000;1.011897
4197.000000;1.048611
4196.000000;1.034071
4195.000000;1.014326
4194.000000;1.019292
4193.000000;1.046629
4192.000000;1.084586
4191.000000;1.070343
4190.000000;0.991501
4189.000000;0.934200
4188.000000;0.920835
4187.000000;0.920956
4186.000000;0.899294
4185.000000;0.868412
4184.000000;0.872521
4183.000000;0.937812
4182.000000;1.056861
4181.000000;1.148668
4180.000000;1.151689
4179.000000;1.129450
4178.000000;1.140930
4177.000000;1.233537
4176.000000;1.484547
4175.000000;1.683536
4174.000000;1.467405
4173.000000;1.320980
4172.000000;1.236690
4171.000000;1.195111
4170.000000;1.234701
4169.000000;1.360678
4168.000000;1.366976
4167.000000;1.242236
4166.000000;1.198140
4165.000000;1.243725
4164.000000;1.348948
4163.000000;1.371922
4162.000000;1.242957
4161.000000;1.138360
4160.000000;1.109617
4159.000000;1.110852
4158.000000;1.107885
4157.000000;1.125264
4156.000000;1.189955
4155.000000;1.343786
4154.000000;1.680080
4153.000000;2.396215
4152.000000;2.382320
4151.000000;2.427815
4150.000000;1.761365
4149.000000;1.331675
4148.000000;1.134607
4147.000000;1.076606
4146.000000;1.137105
4145.000000;1.309512
4144.000000;1.617164
4143.000000;1.829261
4142.000000;1.603266
4141.000000;1.478593
4140.000000;1.444972
4139.000000;1.507815
4138.000000;1.579733
4137.000000;1.456457
4136.000000;1.362296
4135.000000;1.518443
4134.000000;1.880172
4133.000000;1.541309
4132.000000;1.326393
4131.000000;1.288628
4130.000000;1.321819
4129.000000;1.402807
4128.000000;1.511767
4127.000000;1.634356
4126.000000;1.692889
4125.000000;1.647560
4124.000000;1.608489
4123.000000;1.644084
4122.000000;1.733870
4121.000000;1.823056
4120.000000;1.657555
4119.000000;1.425491
4118.000000;1.344508
4117.000000;1.446426
4116.000000;1.836769
4115.000000;1.813688
4114.000000;1.486212
4113.000000;1.357677
4112.000000;1.327085
4111.000000;1.437094
4110.000000;1.574389
4109.000000;1.395500
4108.000000;1.280824
4107.000000;1.351631
4106.000000;1.561428
4105.000000;1.518245
4104.000000;1.382473
4103.000000;1.416448
4102.000000;1.746801
4101.000000;1.767629
4100.000000;1.439349
4099.000000;1.419223
4098.000000;1.655937
4097.000000;2.121372
4096.000000;1.666478
4095.000000;1.422382
4094.000000;1.340144
4093.000000;1.361660
4092.000000;1.530216
4091.000000;1.726037
4090.000000;1.637474
4089.000000;1.613542
4088.000000;1.844358
4087.000000;2.650854
4086.000000;1.627286
4085.000000;1.361119
4084.000000;1.242041
4083.000000;1.248880
4082.000000;1.379888
4081.000000;1.680428
4080.000000;1.760949
4079.000000;1.494110
4078.000000;1.416819
4077.000000;1.467063
4076.000000;1.537283
4075.000000;1.523796
4074.000000;1.583755
4073.000000;2.189819
4072.000000;2.215985
4071.000000;1.852128
4070.000000;1.628647
4069.000000;1.429846
4068.000000;1.439440
4067.000000;1.635310
4066.000000;2.025355
4065.000000;2.092652
4064.000000;2.044500
4063.000000;1.970516
4062.000000;1.939711
4061.000000;1.911033
4060.000000;1.687814
4059.000000;1.569293
4058.000000;1.630508
4057.000000;1.911007
4056.000000;2.005473
4055.000000;1.797219
4054.000000;2.093740
4053.000000;2.341585
4052.000000;1.867620
4051.000000;1.973139
4050.000000;2.007540
4049.000000;1.796092
4048.000000;1.717221
4047.000000;1.747373
4046.000000;1.832507
4045.000000;1.951457
4044.000000;1.930944
4043.000000;1.825448
4042.000000;1.853622
4041.000000;2.237937
4040.000000;2.245600
4039.000000;1.825853
4038.000000;1.685395
4037.000000;1.733438
4036.000000;1.923474
4035.000000;1.886954
4034.000000;1.650534
4033.000000;1.464149
4032.000000;1.353049
4031.000000;1.336763
4030.000000;1.438510
4029.000000;1.827750
4028.000000;1.963763
4027.000000;1.472369
4026.000000;1.382814
4025.000000;1.420533
4024.000000;1.531412
4023.000000;1.587957
4022.000000;1.723329
4021.000000;1.789160
4020.000000;1.639420
4019.000000;1.668597
4018.000000;2.100226
4017.000000;2.417583
4016.000000;2.314881
4015.000000;2.135579
4014.000000;1.658898
4013.000000;1.424854
4012.000000;1.361966
4011.000000;1.418838
4010.000000;1.556125
4009.000000;1.656443
4008.000000;1.581830
4007.000000;1.483088
4006.000000;1.474712
4005.000000;1.540862
4004.000000;1.631843
4003.000000;1.765640
4002.000000;1.776621
4001.000000;1.607805
4000.000000;1.599866
3999.000000;1.885313
3998.000000;2.231916
3997.000000;2.440215
3996.000000;2.390277
3995.000000;2.152327
3994.000000;2.260182
3993.000000;1.829360
3992.000000;1.785116
3991.000000;1.900066
3990.000000;1.617976
3989.000000;1.520398
3988.000000;1.799432
3987.000000;1.736364
3986.000000;1.419855
3985.000000;1.307304
3984.000000;1.306583
3983.000000;1.426861
3982.000000;1.858698
3981.000000;1.803515
3980.000000;1.404427
3979.000000;1.329658
3978.000000;1.452732
3977.000000;1.886149
3976.000000;2.223028
3975.000000;1.803263
3974.000000;1.834142
3973.000000;1.763827
3972.000000;1.589071
3971.000000;1.507703
3970.000000;1.594776
3969.000000;2.067193
3968.000000;1.902341
3967.000000;1.557068
3966.000000;1.536625
3965.000000;1.471641
3964.000000;1.363112
3963.000000;1.317958
3962.000000;1.358702
3961.000000;1.380995
3960.000000;1.383487
3959.000000;1.501476
3958.000000;1.765062
3957.000000;1.906257
3956.000000;1.764651
3955.000000;1.633114
3954.000000;1.527999
3953.000000;1.512638
3952.000000;1.649171
3951.000000;2.002545
3950.000000;2.561249
3949.000000;2.150744
3948.000000;1.961740
3947.000000;2.313866
3946.000000;2.508174
3945.000000;1.928517
3944.000000;1.870334
3943.000000;1.926690
3942.000000;2.120534
3941.000000;2.364369
3940.000000;2.281618
3939.000000;2.001130
3938.000000;1.809786
3937.000000;1.834732
3936.000000;1.882930
3935.000000;1.687763
3934.000000;1.540615
3933.000000;1.568802
3932.000000;1.978100
3931.000000;1.919202
3930.000000;1.524805
3929.000000;1.401871
3928.000000;1.374891
3927.000000;1.489976
3926.000000;1.891576
3925.000000;1.607157
3924.000000;1.290395
3923.000000;1.239958
3922.000000;1.334950
3921.000000;1.607032
3920.000000;2.042878
3919.000000;1.925385
3918.000000;1.759390
3917.000000;1.690742
3916.000000;1.616987
3915.000000;1.596586
3914.000000;1.631934
3913.000000;1.877937
3912.000000;2.086024
3911.000000;1.764089
3910.000000;1.611659
3909.000000;1.565967
3908.000000;1.571470
3907.000000;1.638412
3906.000000;1.780682
3905.000000;2.049017
3904.000000;2.002623
3903.000000;1.852491
3902.000000;1.825365
3901.000000;1.808725
3900.000000;1.693269
3899.000000;1.469663
3898.000000;1.343352
3897.000000;1.394070
3896.000000;1.722347
3895.000000;2.016849
3894.000000;1.684970
3893.000000;1.463567
3892.000000;1.249196
3891.000000;1.170608
3890.000000;1.318408
3889.000000;1.752203
3888.000000;2.278599
3887.000000;2.048848
3886.000000;1.983104
3885.000000;2.238859
3884.000000;1.822853
3883.000000;1.555372
3882.000000;1.508691
3881.000000;1.559611
3880.000000;1.674461
3879.000000;1.568693
3878.000000;1.474770
3877.000000;1.505647
3876.000000;1.686403
3875.000000;2.089665
3874.000000;1.744578
3873.000000;1.577596
3872.000000;1.527289
3871.000000;1.475463
3870.000000;1.634714
3869.000000;1.839622
3868.000000;1.718495
3867.000000;1.772899
3866.000000;1.867309
3865.000000;1.803685
3864.000000;1.926340
3863.000000;1.990532
3862.000000;1.807228
3861.000000;1.960775
3860.000000;1.702603
3859.000000;1.291513
3858.000000;1.203385
3857.000000;1.277443
3856.000000;1.478168
3855.000000;2.168437
3854.000000;1.801513
3853.000000;1.471687
3852.000000;1.615005
3851.000000;2.015887
3850.000000;2.623800
3849.000000;2.428851
3848.000000;2.052949
3847.000000;1.984342
3846.000000;2.211880
3845.000000;2.215269
3844.000000;1.694390
3843.000000;1.527791
3842.000000;1.581750
3841.000000;1.901906
3840.000000;1.955909
3839.000000;1.502347
3838.000000;1.340273
3837.000000;1.301232
3836.000000;1.513320
3835.000000;1.785693
3834.000000;1.465624
3833.000000;1.331174
3832.000000;1.448228
3831.000000;1.647343
3830.000000;1.701555
3829.000000;1.766256
3828.000000;1.871280
3827.000000;1.738792
3826.000000;1.571837
3825.000000;1.606212
3824.000000;1.929356
3823.000000;2.452064
3822.000000;1.692365
3821.000000;1.429717
3820.000000;1.379670
3819.000000;1.363870
3818.000000;1.336962
3817.000000;1.476127
3816.000000;1.970558
3815.000000;1.537155
3814.000000;1.317864
3813.000000;1.286335
3812.000000;1.287867
3811.000000;1.395092
3810.000000;1.672354
3809.000000;1.782865
3808.000000;1.439959
3807.000000;1.271652
3806.000000;1.282177
3805.000000;1.473637
3804.000000;1.842154
3803.000000;1.916942
3802.000000;1.659099
3801.000000;1.660119
3800.000000;1.877616
3799.000000;2.058022
3798.000000;1.945834
3797.000000;1.722349
3796.000000;1.550622
3795.000000;1.514956
3794.000000;1.593474
3793.000000;1.856082
3792.000000;2.501117
3791.000000;1.893503
3790.000000;1.581525
3789.000000;1.508048
3788.000000;1.573764
3787.000000;1.960750
3786.000000;2.599376
3785.000000;1.967882
3784.000000;1.817206
3783.000000;1.743780
3782.000000;1.742854
3781.000000;1.848787
3780.000000;2.006262
3779.000000;2.202432
3778.000000;1.967050
3777.000000;1.683566
3776.000000;1.548903
3775.000000;1.569825
3774.000000;1.877374
3773.000000;1.979776
3772.000000;1.672354
3771.000000;1.592651
3770.000000;1.607376
3769.000000;1.616011
3768.000000;1.609747
3767.000000;1.518149
3766.000000;1.414581
3765.000000;1.428787
3764.000000;1.694204
3763.000000;2.048640
3762.000000;1.766532
3761.000000;1.572611
3760.000000;1.544978
3759.000000;1.797072
3758.000000;1.653224
3757.000000;1.243566
3756.000000;1.177684
3755.000000;1.232580
3754.000000;1.303866
3753.000000;1.376910
3752.000000;1.479476
3751.000000;1.960448
3750.000000;1.754098
3749.000000;1.455308
3748.000000;1.567554
3747.000000;1.730556
3746.000000;1.675928
3745.000000;1.462752
3744.000000;1.453020
3743.000000;1.620005
3742.000000;1.819802
3741.000000;1.851555
3740.000000;2.018683
3739.000000;2.791843
3738.000000;2.059485
3737.000000;1.799981
3736.000000;1.710546
3735.000000;1.662878
3734.000000;1.681700
3733.000000;1.933074
3732.000000;2.298641
3731.000000;1.787452
3730.000000;1.584087
3729.000000;1.530640
3728.000000;1.499421
3727.000000;1.509582
3726.000000;1.611539
3725.000000;1.897110
3724.000000;1.961381
3723.000000;1.703404
3722.000000;1.582192
3721.000000;1.601679
3720.000000;1.722224
3719.000000;1.594418
3718.000000;1.366239
3717.000000;1.361858
3716.000000;1.515758
3715.000000;1.552143
3714.000000;1.536008
3713.000000;1.560168
3712.000000;1.565216
3711.000000;1.562058
3710.000000;1.691940
3709.000000;1.838952
3708.000000;1.546869
3707.000000;1.385254
3706.000000;1.366725
3705.000000;1.407347
3704.000000;1.441963
3703.000000;1.363080
3702.000000;1.262853
3701.000000;1.267176
3700.000000;1.409590
3699.000000;1.575907
3698.000000;1.636153
3697.000000;1.685462
3696.000000;1.796240
3695.000000;1.821181
3694.000000;1.608074
3693.000000;1.409145
3692.000000;1.322819
3691.000000;1.305603
3690.000000;1.378295
3689.000000;1.506509
3688.000000;1.464297
3687.000000;1.374717
3686.000000;1.288160
3685.000000;1.202246
3684.000000;1.199299
3683.000000;1.278824
3682.000000;1.453382
3681.000000;1.796503
3680.000000;1.730221
3679.000000;1.516033
3678.000000;1.508980
3677.000000;1.473433
3676.000000;1.466844
3675.000000;1.624730
3674.000000;1.776133
3673.000000;1.872109
3672.000000;2.058143
3671.000000;2.024453
3670.000000;1.788966
3669.000000;1.622090
3668.000000;1.723228
3667.000000;1.748066
3666.000000;1.407132
3665.000000;1.258587
3664.000000;1.283676
3663.000000;1.268753
3662.000000;1.165791
3661.000000;1.184848
3660.000000;1.357204
3659.000000;1.456503
3658.000000;1.418927
3657.000000;1.434782
3656.000000;1.536732
3655.000000;1.675549
3654.000000;1.836955
3653.000000;1.951239
3652.000000;1.977557
3651.000000;1.908719
3650.000000;1.769182
3649.000000;1.641266
3648.000000;1.686289
3647.000000;2.076722
3646.000000;1.756519
3645.000000;1.475195
3644.000000;1.493171
3643.000000;1.569910
3642.000000;1.644761
3641.000000;1.651487
3640.000000;1.905187
3639.000000;1.974167
3638.000000;1.494212
3637.000000;1.350593
3636.000000;1.366853
3635.000000;1.550498
3634.000000;1.641180
3633.000000;1.362643
3632.000000;1.322180
3631.000000;1.465393
3630.000000;1.766023
3629.000000;1.783677
3628.000000;1.512695
3627.000000;1.575352
3626.000000;1.695203
3625.000000;1.548219
3624.000000;1.365203
3623.000000;1.352631
3622.000000;1.492066
3621.000000;1.565756
3620.000000;1.528494
3619.000000;1.531364
3618.000000;1.615881
3617.000000;1.741568
3616.000000;1.841155
3615.000000;1.947018
3614.000000;1.790730
3613.000000;1.448840
3612.000000;1.295636
3611.000000;1.289162
3610.000000;1.347577
3609.000000;1.420746
3608.000000;1.514180
3607.000000;1.867772
3606.000000;1.884629
3605.000000;1.484081
3604.000000;1.436324
3603.000000;1.538279
3602.000000;1.670499
3601.000000;1.717581
3600.000000;1.893396
3599.000000;2.138524
3598.000000;1.663967
3597.000000;1.450669
3596.000000;1.392872
3595.000000;1.329950
3594.000000;1.215118
3593.000000;1.185876
3592.000000;1.307406
3591.000000;1.462301
3590.000000;1.606430
3589.000000;1.877276
3588.000000;2.558108
3587.000000;2.541475
3586.000000;2.040648
3585.000000;1.769422
3584.000000;1.646502
3583.000000;1.641177
3582.000000;1.571765
3581.000000;1.408340
3580.000000;1.335501
3579.000000;1.386346
3578.000000;1.625127
3577.000000;2.165136
3576.000000;1.717661
3575.000000;1.378368
3574.000000;1.355278
3573.000000;1.710789
3572.000000;1.843866
3571.000000;1.552256
3570.000000;1.672705
3569.000000;1.799541
3568.000000;1.770174
3567.000000;1.939931
3566.000000;2.210607
3565.000000;1.667928
3564.000000;1.442439
3563.000000;1.373940
3562.000000;1.379554
3561.000000;1.562190
3560.000000;1.546525
3559.000000;1.386616
3558.000000;1.573417
3557.000000;2.259901
3556.000000;2.013669
3555.000000;1.836732
3554.000000;1.805403
3553.000000;1.973136
3552.000000;2.806212
3551.000000;2.201530
3550.000000;1.699788
3549.000000;1.469458
3548.000000;1.433949
3547.000000;1.522772
3546.000000;1.636113
3545.000000;1.914802
3544.000000;1.939995
3543.000000;1.544708
3542.000000;1.403148
3541.000000;1.371641
3540.000000;1.398758
3539.000000;1.544967
3538.000000;1.581039
3537.000000;1.372204
3536.000000;1.221088
3535.000000;1.210926
3534.000000;1.295125
3533.000000;1.469698
3532.000000;1.931272
3531.000000;1.969282
3530.000000;1.552229
3529.000000;1.459644
3528.000000;1.538540
3527.000000;1.833843
3526.000000;1.987542
3525.000000;1.637870
3524.000000;1.433349
3523.000000;1.340684
3522.000000;1.380824
3521.000000;1.618090
3520.000000;1.648552
3519.000000;1.414385
3518.000000;1.327259
3517.000000;1.305644
3516.000000;1.322470
3515.000000;1.405169
3514.000000;1.648927
3513.000000;1.853178
3512.000000;1.585621
3511.000000;1.408048
3510.000000;1.311491
3509.000000;1.282705
3508.000000;1.369764
3507.000000;1.601185
3506.000000;1.920138
3505.000000;2.127362
3504.000000;1.956308
3503.000000;1.604229
3502.000000;1.273586
3501.000000;1.135773
3500.000000;1.148106
3499.000000;1.401672
3498.000000;2.075304
3497.000000;1.558835
3496.000000;1.322319
3495.000000;1.283115
3494.000000;1.280451
3493.000000;1.447448
3492.000000;1.712243
3491.000000;1.514152
3490.000000;1.282106
3489.000000;1.247568
3488.000000;1.310800
3487.000000;1.471007
3486.000000;1.565826
3485.000000;1.487801
3484.000000;1.425226
3483.000000;1.474064
3482.000000;1.744661
3481.000000;1.959061
3480.000000;1.863411
3479.000000;1.797043
3478.000000;1.554372
3477.000000;1.512117
3476.000000;1.637559
3475.000000;1.481948
3474.000000;1.372002
3473.000000;1.489661
3472.000000;1.530280
3471.000000;1.384264
3470.000000;1.423100
3469.000000;1.645664
3468.000000;1.662942
3467.000000;1.620714
3466.000000;1.619714
3465.000000;1.520728
3464.000000;1.420703
3463.000000;1.460844
3462.000000;1.769942
3461.000000;1.641102
3460.000000;1.319231
3459.000000;1.354183
3458.000000;1.586852
3457.000000;1.563701
3456.000000;1.380382
3455.000000;1.417768
3454.000000;1.851291
3453.000000;1.954043
3452.000000;1.569850
3451.000000;1.509100
3450.000000;1.509294
3449.000000;1.507089
3448.000000;1.692513
3447.000000;1.793649
3446.000000;1.338624
3445.000000;1.159680
3444.000000;1.156643
3443.000000;1.364644
3442.000000;1.772237
3441.000000;1.405191
3440.000000;1.263669
3439.000000;1.415169
3438.000000;1.595419
3437.000000;1.475949
3436.000000;1.454385
3435.000000;1.527662
3434.000000;1.467997
3433.000000;1.703162
3432.000000;2.055408
3431.000000;1.584343
3430.000000;1.402341
3429.000000;1.360358
3428.000000;1.335498
3427.000000;1.369640
3426.000000;1.445880
3425.000000;1.468425
3424.000000;1.449052
3423.000000;1.546999
3422.000000;1.606313
3421.000000;1.444267
3420.000000;1.549457
3419.000000;1.798801
3418.000000;1.359065
3417.000000;1.344720
3416.000000;1.835881
3415.000000;1.592667
3414.000000;1.406465
3413.000000;1.458936
3412.000000;1.339063
3411.000000;1.200042
3410.000000;1.387246
3409.000000;1.869396
3408.000000;1.412520
3407.000000;1.249208
3406.000000;1.288182
3405.000000;1.527855
3404.000000;1.771737
3403.000000;1.358779
3402.000000;1.188929
3401.000000;1.302607
3400.000000;1.479516
3399.000000;1.533154
3398.000000;1.847067
3397.000000;1.488868
3396.000000;1.196523
3395.000000;1.254617
3394.000000;1.627694
3393.000000;1.845201
3392.000000;1.389954
3391.000000;1.273272
3390.000000;1.298077
3389.000000;1.578785
3388.000000;2.256538
3387.000000;1.548125
3386.000000;1.348623
3385.000000;1.292344
3384.000000;1.264802
3383.000000;1.337929
3382.000000;1.500262
3381.000000;1.622669
3380.000000;1.514887
3379.000000;1.433793
3378.000000;1.660083
3377.000000;2.003777
3376.000000;1.556902
3375.000000;1.405937
3374.000000;1.435286
3373.000000;1.420792
3372.000000;1.420766
3371.000000;1.345745
3370.000000;1.448715
3369.000000;1.715026
3368.000000;1.197601
3367.000000;0.983927
3366.000000;1.033255
3365.000000;1.301194
3364.000000;1.695256
3363.000000;1.481549
3362.000000;1.568686
3361.000000;1.645765
3360.000000;1.343100
3359.000000;1.298001
3358.000000;1.537667
3357.000000;1.738965
3356.000000;1.480041
3355.000000;1.678025
3354.000000;1.798001
3353.000000;1.332056
3352.000000;1.212390
3351.000000;1.222324
3350.000000;1.361039
3349.000000;1.425020
3348.000000;1.281949
3347.000000;1.213811
3346.000000;1.366909
3345.000000;1.782031
3344.000000;1.386517
3343.000000;1.148094
3342.000000;1.209930
3341.000000;1.495067
3340.000000;1.722353
3339.000000;1.569259
3338.000000;1.762572
3337.000000;1.717938
3336.000000;1.327267
3335.000000;1.190260
3334.000000;1.208284
3333.000000;1.326750
3332.000000;1.710196
3331.000000;1.856602
3330.000000;1.346855
3329.000000;1.234854
3328.000000;1.369858
3327.000000;1.655962
3326.000000;1.542851
3325.000000;1.488821
3324.000000;1.621478
3323.000000;1.610955
3322.000000;1.531588
3321.000000;1.297399
3320.000000;1.165259
3319.000000;1.258638
3318.000000;1.662364
3317.000000;1.942175
3316.000000;1.829367
3315.000000;1.767186
3314.000000;1.463920
3313.000000;1.304144
3312.000000;1.307900
3311.000000;1.442062
3310.000000;1.619869
3309.000000;1.672260
3308.000000;1.655144
3307.000000;1.495771
3306.000000;1.344642
3305.000000;1.301267
3304.000000;1.469349
3303.000000;1.919701
3302.000000;1.675834
3301.000000;1.536900
3300.000000;1.626132
3299.000000;1.737497
3298.000000;1.951390
3297.000000;1.458977
3296.000000;1.147481
3295.000000;1.119068
3294.000000;1.235873
3293.000000;1.312351
3292.000000;1.291278
3291.000000;1.243834
3290.000000;1.152811
3289.000000;1.162375
3288.000000;1.375538
3287.000000;1.906983
3286.000000;2.121196
3285.000000;1.483942
3284.000000;1.253565
3283.000000;1.253783
3282.000000;1.451929
3281.000000;1.729395
3280.000000;1.659542
3279.000000;1.576797
3278.000000;1.860217
3277.000000;2.223195
3276.000000;1.548549
3275.000000;1.326189
3274.000000;1.365053
3273.000000;1.434846
3272.000000;1.225342
3271.000000;1.127183
3270.000000;1.262206
3269.000000;1.616675
3268.000000;1.711931
3267.000000;1.511712
3266.000000;1.485950
3265.000000;1.523206
3264.000000;1.632430
3263.000000;1.803742
3262.000000;2.016975
3261.000000;2.117553
3260.000000;2.095284
3259.000000;1.687808
3258.000000;1.438756
3257.000000;1.344993
3256.000000;1.291731
3255.000000;1.294524
3254.000000;1.534555
3253.000000;1.837812
3252.000000;1.364781
3251.000000;1.223876
3250.000000;1.289380
3249.000000;1.630291
3248.000000;1.662518
3247.000000;1.242490
3246.000000;1.179318
3245.000000;1.313889
3244.000000;1.684226
3243.000000;1.558272
3242.000000;1.191453
3241.000000;1.037789
3240.000000;0.973390
3239.000000;0.984245
3238.000000;1.031116
3237.000000;1.128352
3236.000000;1.229497
3235.000000;1.100465
3234.000000;0.953267
3233.000000;0.925743
3232.000000;1.000103
3231.000000;1.155768
3230.000000;1.353292
3229.000000;1.494475
3228.000000;1.442070
3227.000000;1.288263
3226.000000;1.070260
3225.000000;0.909070
3224.000000;0.873065
3223.000000;1.009934
3222.000000;1.324071
3221.000000;1.185494
3220.000000;0.932124
3219.000000;0.869274
3218.000000;0.911424
3217.000000;1.047383
3216.000000;1.249849
3215.000000;1.722403
3214.000000;1.738914
3213.000000;1.249959
3212.000000;1.076864
3211.000000;1.029646
3210.000000;1.074687
3209.000000;1.215741
3208.000000;1.579977
3207.000000;1.499839
3206.000000;1.266128
3205.000000;1.270371
3204.000000;1.416944
3203.000000;1.605167
3202.000000;1.550007
3201.000000;1.755271
3200.000000;1.776763
3199.000000;1.327356
3198.000000;1.455499
3197.000000;1.922119
3196.000000;1.310086
3195.000000;1.185851
3194.000000;1.360746
3193.000000;1.768569
3192.000000;1.478965
3191.000000;1.120682
3190.000000;0.986143
3189.000000;0.997188
3188.000000;1.177953
3187.000000;1.438271
3186.000000;1.593371
3185.000000;1.789359
3184.000000;1.556141
3183.000000;1.249255
3182.000000;1.286513
3181.000000;1.927210
3180.000000;1.330484
3179.000000;1.081248
3178.000000;1.198706
3177.000000;1.643548
3176.000000;1.863022
3175.000000;1.588476
3174.000000;1.571421
3173.000000;1.465114
3172.000000;1.347130
3171.000000;1.320602
3170.000000;1.373459
3169.000000;1.731238
3168.000000;2.339231
3167.000000;1.496245
3166.000000;1.316395
3165.000000;1.266843
3164.000000;1.468186
3163.000000;1.752890
3162.000000;1.320306
3161.000000;1.125386
3160.000000;1.154919
3159.000000;1.459395
3158.000000;1.879031
3157.000000;1.459353
3156.000000;1.292501
3155.000000;1.321445
3154.000000;1.441342
3153.000000;1.766214
3152.000000;1.908860
3151.000000;1.425866
3150.000000;1.192031
3149.000000;1.142180
3148.000000;1.225229
3147.000000;1.402090
3146.000000;1.553288
3145.000000;1.583287
3144.000000;1.613420
3143.000000;1.679025
3142.000000;1.744464
3141.000000;1.835416
3140.000000;1.849671
3139.000000;1.719827
3138.000000;1.496938
3137.000000;1.372935
3136.000000;1.457092
3135.000000;1.853472
3134.000000;1.795350
3133.000000;1.492996
3132.000000;1.424010
3131.000000;1.403619
3130.000000;1.413539
3129.000000;1.396380
3128.000000;1.428478
3127.000000;1.670832
3126.000000;2.144789
3125.000000;1.963786
3124.000000;1.838424
3123.000000;1.707420
3122.000000;1.725416
3121.000000;1.513647
3120.000000;1.275418
3119.000000;1.249637
3118.000000;1.522736
3117.000000;2.053109
3116.000000;1.543856
3115.000000;1.457223
3114.000000;1.252835
3113.000000;1.068410
3112.000000;1.040928
3111.000000;1.246836
3110.000000;1.720110
3109.000000;1.494254
3108.000000;1.328882
3107.000000;1.402723
3106.000000;1.505657
3105.000000;1.604000
3104.000000;1.693364
3103.000000;1.732554
3102.000000;1.912921
3101.000000;2.265608
3100.000000;1.832720
3099.000000;1.913995
3098.000000;1.720929
3097.000000;1.344093
3096.000000;1.197374
3095.000000;1.137940
3094.000000;1.117974
3093.000000;1.137843
3092.000000;1.132536
3091.000000;1.108774
3090.000000;1.238346
3089.000000;1.527602
3088.000000;1.373280
3087.000000;1.263943
3086.000000;1.341808
3085.000000;1.678561
3084.000000;2.060285
3083.000000;1.524562
3082.000000;1.422716
3081.000000;1.472247
3080.000000;1.302412
3079.000000;1.142843
3078.000000;1.186903
3077.000000;1.477652
3076.000000;1.899801
3075.000000;1.483995
3074.000000;1.217739
3073.000000;1.161769
3072.000000;1.266639
3071.000000;1.864003
3070.000000;1.468936
3069.000000;1.161706
3068.000000;1.135552
3067.000000;1.327766
3066.000000;1.902380
3065.000000;1.463199
3064.000000;1.286667
3063.000000;1.266875
3062.000000;1.399778
3061.000000;1.802420
3060.000000;1.402929
3059.000000;1.121577
3058.000000;1.130401
3057.000000;1.383996
3056.000000;1.745534
3055.000000;1.685100
3054.000000;1.693561
3053.000000;1.774737
3052.000000;1.522390
3051.000000;1.222609
3050.000000;1.136659
3049.000000;1.226823
3048.000000;1.448292
3047.000000;1.628591
3046.000000;1.641106
3045.000000;1.615461
3044.000000;1.450846
3043.000000;1.257370
3042.000000;1.208917
3041.000000;1.338605
3040.000000;1.457966
3039.000000;1.291675
3038.000000;1.231701
3037.000000;1.280541
3036.000000;1.334224
3035.000000;1.386181
3034.000000;1.396492
3033.000000;1.320690
3032.000000;1.315809
3031.000000;1.500443
3030.000000;1.663474
3029.000000;1.447162
3028.000000;1.344949
3027.000000;1.356377
3026.000000;1.421398
3025.000000;1.884462
3024.000000;1.732976
3023.000000;1.264229
3022.000000;1.126166
3021.000000;1.105602
3020.000000;1.184115
3019.000000;1.369250
3018.000000;1.550945
3017.000000;1.395724
3016.000000;1.326762
3015.000000;1.410374
3014.000000;1.434192
3013.000000;1.325386
3012.000000;1.265104
3011.000000;1.286001
3010.000000;1.354966
3009.000000;1.379410
3008.000000;1.359020
3007.000000;1.378067
3006.000000;1.391042
3005.000000;1.507757
3004.000000;1.510994
3003.000000;1.181067
3002.000000;0.980011
3001.000000;0.882705
3000.000000;0.900041
2999.000000;1.060530
2998.000000;1.467362
2997.000000;1.567801
2996.000000;1.301126
2995.000000;1.185033
2994.000000;1.153231
2993.000000;1.247860
2992.000000;1.399603
2991.000000;1.330113
2990.000000;1.234113
2989.000000;1.284463
2988.000000;1.425599
2987.000000;1.477321
2986.000000;1.469480
2985.000000;1.552995
2984.000000;1.692585
2983.000000;1.556136
2982.000000;1.402166
2981.000000;1.345508
2980.000000;1.344843
2979.000000;1.361629
2978.000000;1.357049
2977.000000;1.338552
2976.000000;1.380682
2975.000000;1.513630
2974.000000;1.444634
2973.000000;1.285543
2972.000000;1.342689
2971.000000;1.593628
2970.000000;2.330576
2969.000000;1.933589
2968.000000;1.441608
2967.000000;1.324655
2966.000000;1.394546
2965.000000;1.604084
2964.000000;2.182514
2963.000000;1.821055
2962.000000;1.437843
2961.000000;1.294233
2960.000000;1.253923
2959.000000;1.294835
2958.000000;1.444559
2957.000000;1.585002
2956.000000;1.660578
2955.000000;1.656470
2954.000000;1.545406
2953.000000;1.660965
2952.000000;1.435113
2951.000000;1.152590
2950.000000;1.080764
2949.000000;1.139381
2948.000000;1.322588
2947.000000;1.590045
2946.000000;1.641796
2945.000000;1.587034
2944.000000;1.664275
2943.000000;1.979685
2942.000000;1.836540
2941.000000;1.494127
2940.000000;1.471976
2939.000000;1.600607
2938.000000;1.411818
2937.000000;1.294944
2936.000000;1.215802
2935.000000;1.078069
2934.000000;1.025564
2933.000000;1.081091
2932.000000;1.212171
2931.000000;1.403884
2930.000000;1.801410
2929.000000;2.015784
2928.000000;1.437495
2927.000000;1.268453
2926.000000;1.168802
2925.000000;1.138155
2924.000000;1.183985
2923.000000;1.454031
2922.000000;1.568060
2921.000000;1.208427
2920.000000;1.105092
2919.000000;1.095727
2918.000000;1.168150
2917.000000;1.262861
2916.000000;1.702318
2915.000000;1.521457
2914.000000;1.109264
2913.000000;1.007311
2912.000000;1.040113
2911.000000;1.169629
2910.000000;1.386670
2909.000000;1.615890
2908.000000;1.602465
2907.000000;2.096311
2906.000000;1.575312
2905.000000;1.348674
2904.000000;1.398474
2903.000000;1.620410
2902.000000;1.894694
2901.000000;1.915306
2900.000000;1.650974
2899.000000;1.671704
2898.000000;1.930998
2897.000000;1.600011
2896.000000;1.372278
2895.000000;1.389022
2894.000000;1.359039
2893.000000;1.579091
2892.000000;1.731162
2891.000000;1.188508
2890.000000;1.034100
2889.000000;1.104671
2888.000000;1.418437
2887.000000;1.324400
2886.000000;1.142838
2885.000000;1.179296
2884.000000;1.261647
2883.000000;1.276007
2882.000000;1.283544
2881.000000;1.340841
2880.000000;1.470240
2879.000000;1.832362
2878.000000;1.846715
2877.000000;1.483274
2876.000000;1.312840
2875.000000;1.226581
2874.000000;1.226002
2873.000000;1.296606
2872.000000;1.410701
2871.000000;1.566237
2870.000000;1.648341
2869.000000;1.433739
2868.000000;1.267709
2867.000000;1.253257
2866.000000;1.551579
2865.000000;1.414844
2864.000000;1.068397
2863.000000;1.042369
2862.000000;1.158387
2861.000000;1.684938
2860.000000;1.549217
2859.000000;1.165200
2858.000000;1.065455
2857.000000;1.091109
2856.000000;1.182330
2855.000000;1.233321
2854.000000;1.320637
2853.000000;1.577296
2852.000000;1.528971
2851.000000;1.297048
2850.000000;1.240525
2849.000000;1.264315
2848.000000;1.332779
2847.000000;1.588330
2846.000000;1.876624
2845.000000;1.431914
2844.000000;1.323608
2843.000000;1.353341
2842.000000;1.706971
2841.000000;1.703540
2840.000000;1.249633
2839.000000;1.122995
2838.000000;1.085229
2837.000000;1.142702
2836.000000;1.321010
2835.000000;1.593674
2834.000000;1.410363
2833.000000;1.271912
2832.000000;1.342536
2831.000000;1.420962
2830.000000;1.250660
2829.000000;1.090134
2828.000000;1.058197
2827.000000;1.167005
2826.000000;1.612273
2825.000000;1.569330
2824.000000;1.250214
2823.000000;1.142637
2822.000000;1.104274
2821.000000;1.220519
2820.000000;1.636630
2819.000000;1.496074
2818.000000;1.153490
2817.000000;1.071311
2816.000000;1.064045
2815.000000;1.052684
2814.000000;1.039167
2813.000000;1.115145
2812.000000;1.317814
2811.000000;1.572029
2810.000000;1.712600
2809.000000;1.808170
2808.000000;1.654227
2807.000000;1.335741
2806.000000;1.127780
2805.000000;1.028753
2804.000000;0.992259
2803.000000;1.013568
2802.000000;1.115405
2801.000000;1.348302
2800.000000;1.356386
2799.000000;1.189999
2798.000000;1.192492
2797.000000;1.327310
2796.000000;1.576029
2795.000000;2.443143
2794.000000;1.313091
2793.000000;1.087953
2792.000000;1.043251
2791.000000;1.128639
2790.000000;1.273060
2789.000000;1.421912
2788.000000;1.357094
2787.000000;1.257532
2786.000000;1.258974
2785.000000;1.165392
2784.000000;1.119333
2783.000000;1.221887
2782.000000;1.753545
2781.000000;1.724448
2780.000000;1.366034
2779.000000;1.493492
2778.000000;1.530035
2777.000000;1.337668
2776.000000;1.343537
2775.000000;1.745003
2774.000000;1.708804
2773.000000;1.397290
2772.000000;1.280668
2771.000000;1.202812
2770.000000;1.102574
2769.000000;1.022083
2768.000000;1.019239
2767.000000;1.105233
2766.000000;1.252363
2765.000000;1.501227
2764.000000;1.675272
2763.000000;1.326316
2762.000000;1.119046
2761.000000;1.061409
2760.000000;1.128573
2759.000000;1.502153
2758.000000;1.569074
2757.000000;1.126085
2756.000000;0.979128
2755.000000;0.944501
2754.000000;1.048030
2753.000000;1.276278
2752.000000;1.394973
2751.000000;1.232016
2750.000000;1.162439
2749.000000;1.258557
2748.000000;2.093957
2747.000000;1.354051
2746.000000;1.066414
2745.000000;0.997401
2744.000000;1.008600
2743.000000;1.005353
2742.000000;0.945615
2741.000000;0.923420
2740.000000;1.033599
2739.000000;1.330618
2738.000000;1.307725
2737.000000;1.105836
2736.000000;1.136501
2735.000000;1.307478
2734.000000;1.500314
2733.000000;1.462498
2732.000000;1.359411
2731.000000;1.612366
2730.000000;1.778127
2729.000000;1.299646
2728.000000;1.146952
2727.000000;1.157911
2726.000000;1.286244
2725.000000;1.548893
2724.000000;1.864746
2723.000000;1.668221
2722.000000;1.547334
2721.000000;1.556237
2720.000000;1.396013
2719.000000;1.198261
2718.000000;1.126702
2717.000000;1.169782
2716.000000;1.272891
2715.000000;1.429327
2714.000000;1.775185
2713.000000;1.551707
2712.000000;1.178110
2711.000000;1.156907
2710.000000;1.447425
2709.000000;1.458149
2708.000000;1.204250
2707.000000;1.250798
2706.000000;1.211249
2705.000000;1.177600
2704.000000;1.366284
2703.000000;1.465131
2702.000000;1.328605
2701.000000;1.561238
2700.000000;1.743865
2699.000000;1.557840
2698.000000;1.781713
2697.000000;1.711314
2696.000000;1.798391
2695.000000;1.569189
2694.000000;1.190264
2693.000000;1.064107
2692.000000;1.084322
2691.000000;1.177263
2690.000000;1.337024
2689.000000;1.758899
2688.000000;1.348991
2687.000000;1.092735
2686.000000;1.079187
2685.000000;1.240478
2684.000000;1.373804
2683.000000;1.310294
2682.000000;1.285251
2681.000000;1.264860
2680.000000;1.377220
2679.000000;1.589601
2678.000000;1.470580
2677.000000;1.423062
2676.000000;1.502228
2675.000000;1.400912
2674.000000;1.340094
2673.000000;1.381699
2672.000000;1.402625
2671.000000;1.428989
2670.000000;1.378876
2669.000000;1.276408
2668.000000;1.264003
2667.000000;1.302506
2666.000000;1.166234
2665.000000;1.023470
2664.000000;1.011428
2663.000000;1.112176
2662.000000;1.233967
2661.000000;1.295237
2660.000000;1.302638
2659.000000;1.311796
2658.000000;1.448424
2657.000000;1.694481
2656.000000;1.747306
2655.000000;1.547302
2654.000000;1.295662
2653.000000;1.149404
2652.000000;1.081030
2651.000000;1.081758
2650.000000;1.168219
2649.000000;1.277189
2648.000000;1.315082
2647.000000;1.313791
2646.000000;1.153524
2645.000000;0.959372
2644.000000;0.868877
2643.000000;0.893523
2642.000000;1.057606
2641.000000;1.288488
2640.000000;1.181821
2639.000000;1.094114
2638.000000;1.067509
2637.000000;1.022026
2636.000000;1.069640
2635.000000;1.383783
2634.000000;1.664566
2633.000000;1.137488
2632.000000;1.048915
2631.000000;1.063224
2630.000000;1.092725
2629.000000;1.252140
2628.000000;1.730842
2627.000000;1.646225
2626.000000;1.558661
2625.000000;2.109340
2624.000000;2.328096
2623.000000;1.474245
2622.000000;1.060575
2621.000000;0.924504
2620.000000;0.975372
2619.000000;1.159077
2618.000000;1.153556
2617.000000;1.034446
2616.000000;1.032889
2615.000000;1.170254
2614.000000;1.361012
2613.000000;1.135205
2612.000000;0.943671
2611.000000;0.885038
2610.000000;0.919737
2609.000000;1.054624
2608.000000;1.288034
2607.000000;1.329402
2606.000000;1.200259
2605.000000;1.214693
2604.000000;1.505929
2603.000000;2.019017
2602.000000;1.486869
2601.000000;1.395630
2600.000000;1.412301
2599.000000;1.314984
2598.000000;1.161824
2597.000000;1.137622
2596.000000;1.273698
2595.000000;1.500214
2594.000000;1.446345
2593.000000;1.301431
2592.000000;1.293852
2591.000000;1.400499
2590.000000;1.587841
2589.000000;1.708247
2588.000000;1.661647
2587.000000;1.528455
2586.000000;1.218561
2585.000000;0.932834
2584.000000;0.787306
2583.000000;0.784798
2582.000000;0.924291
2581.000000;1.215070
2580.000000;1.648687
2579.000000;1.650110
2578.000000;1.331993
2577.000000;1.155928
2576.000000;1.069848
2575.000000;1.075028
2574.000000;1.159664
2573.000000;1.129586
2572.000000;0.975123
2571.000000;0.925138
2570.000000;1.016812
2569.000000;1.221162
2568.000000;1.325981
2567.000000;1.221025
2566.000000;1.108619
2565.000000;1.100254
2564.000000;1.393139
2563.000000;1.668744
2562.000000;1.229976
2561.000000;1.071684
2560.000000;1.074487
2559.000000;1.118519
2558.000000;1.127811
2557.000000;1.186078
2556.000000;1.525782
2555.000000;1.577438
2554.000000;1.189179
2553.000000;1.094824
2552.000000;1.236939
2551.000000;1.558541
2550.000000;1.321068
2549.000000;1.286501
2548.000000;1.525653
2547.000000;1.868557
2546.000000;2.088578
2545.000000;1.591223
2544.000000;1.479640
2543.000000;1.919747
2542.000000;1.628846
2541.000000;1.273967
2540.000000;1.258221
2539.000000;1.399203
2538.000000;1.536107
2537.000000;1.309853
2536.000000;1.169322
2535.000000;1.176659
2534.000000;1.343104
2533.000000;1.660704
2532.000000;1.261781
2531.000000;1.004191
2530.000000;0.934904
2529.000000;1.007592
2528.000000;1.208810
2527.000000;1.314853
2526.000000;1.292395
2525.000000;1.438352
2524.000000;1.905981
2523.000000;1.790912
2522.000000;1.418981
2521.000000;1.385988
2520.000000;1.775504
2519.000000;1.762008
2518.000000;1.282005
2517.000000;1.198725
2516.000000;1.172073
2515.000000;1.197145
2514.000000;1.253830
2513.000000;1.241371
2512.000000;1.250098
2511.000000;1.496343
2510.000000;1.393271
2509.000000;1.139821
2508.000000;1.102768
2507.000000;1.130115
2506.000000;1.142289
2505.000000;1.176831
2504.000000;1.211061
2503.000000;1.334378
2502.000000;1.639793
2501.000000;1.368722
2500.000000;1.242430
2499.000000;1.416834
2498.000000;1.777765
2497.000000;1.499184
2496.000000;1.214792
2495.000000;1.168544
2494.000000;1.261307
2493.000000;1.377782
2492.000000;1.388126
2491.000000;1.447950
2490.000000;1.533475
2489.000000;1.522274
2488.000000;1.861087
2487.000000;1.524298
2486.000000;1.240776
2485.000000;1.355792
2484.000000;1.244896
2483.000000;1.136514
2482.000000;1.230395
2481.000000;1.392583
2480.000000;1.817535
2479.000000;1.278325
2478.000000;0.959544
2477.000000;0.918343
2476.000000;1.052108
2475.000000;1.190119
2474.000000;1.079301
2473.000000;1.080382
2472.000000;1.266528
2471.000000;1.225426
2470.000000;1.041735
2469.000000;1.052180
2468.000000;1.184902
2467.000000;1.461374
2466.000000;1.816098
2465.000000;1.369302
2464.000000;1.154862
2463.000000;1.325302
2462.000000;1.489042
2461.000000;1.268494
2460.000000;1.239580
2459.000000;1.211693
2458.000000;1.093143
2457.000000;1.105351
2456.000000;1.128526
2455.000000;1.197737
2454.000000;1.982623
2453.000000;1.373179
2452.000000;1.047096
2451.000000;1.072415
2450.000000;1.176273
2449.000000;1.289044
2448.000000;1.364558
2447.000000;1.355298
2446.000000;1.270485
2445.000000;1.211183
2444.000000;1.365904
2443.000000;1.753805
2442.000000;1.216265
2441.000000;0.957583
2440.000000;0.932205
2439.000000;1.118725
2438.000000;1.656577
2437.000000;1.583597
2436.000000;1.422719
2435.000000;1.327808
2434.000000;1.036455
2433.000000;0.921883
2432.000000;0.975959
2431.000000;1.204332
2430.000000;1.319142
2429.000000;1.228333
2428.000000;1.220457
2427.000000;1.112589
2426.000000;0.948979
2425.000000;0.865075
2424.000000;0.883194
2423.000000;1.042991
2422.000000;1.434307
2421.000000;1.362004
2420.000000;1.021734
2419.000000;0.856235
2418.000000;0.778285
2417.000000;0.778894
2416.000000;0.854039
2415.000000;0.997202
2414.000000;1.195492
2413.000000;1.608691
2412.000000;1.613241
2411.000000;1.096828
2410.000000;0.887540
2409.000000;0.810086
2408.000000;0.829932
2407.000000;0.939689
2406.000000;1.038157
2405.000000;0.933217
2404.000000;0.810660
2403.000000;0.810303
2402.000000;0.918414
2401.000000;1.130502
2400.000000;1.410921
2399.000000;1.626740
2398.000000;1.658563
2397.000000;1.620475
2396.000000;1.530073
2395.000000;1.444615
2394.000000;1.393015
2393.000000;1.233450
2392.000000;1.052042
2391.000000;0.953162
2390.000000;0.945554
2389.000000;1.022617
2388.000000;1.431783
2387.000000;1.564321
2386.000000;0.990399
2385.000000;0.870220
2384.000000;0.882771
2383.000000;1.013274
2382.000000;1.238916
2381.000000;1.255813
2380.000000;1.069881
2379.000000;0.972462
2378.000000;0.987167
2377.000000;1.143293
2376.000000;1.769878
2375.000000;1.499690
2374.000000;1.126586
2373.000000;1.058672
2372.000000;1.052154
2371.000000;1.140639
2370.000000;1.272250
2369.000000;1.389219
2368.000000;1.528864
2367.000000;1.327430
2366.000000;1.117492
2365.000000;1.110339
2364.000000;1.234284
2363.000000;1.512902
2362.000000;1.231611
2361.000000;0.855116
2360.000000;0.763848
2359.000000;0.839467
2358.000000;1.285458
2357.000000;1.776575
2356.000000;1.135485
2355.000000;1.145198
2354.000000;1.238211
2353.000000;1.084057
2352.000000;0.965763
2351.000000;1.011143
2350.000000;1.149904
2349.000000;1.309726
2348.000000;1.425822
2347.000000;1.476736
2346.000000;1.254827
2345.000000;1.007497
2344.000000;0.969775
2343.000000;1.076078
2342.000000;1.050690
2341.000000;0.956223
2340.000000;0.948995
2339.000000;1.243607
2338.000000;1.646209
2337.000000;0.981581
2336.000000;0.814511
2335.000000;0.843711
2334.000000;1.005857
2333.000000;1.493492
2332.000000;1.513367
2331.000000;1.095155
2330.000000;0.984613
2329.000000;1.012974
2328.000000;1.149785
2327.000000;1.186570
2326.000000;1.028665
2325.000000;0.935979
2324.000000;0.929410
2323.000000;0.997231
2322.000000;1.063935
2321.000000;1.073894
2320.000000;1.103298
2319.000000;1.233677
2318.000000;1.335886
2317.000000;1.270106
2316.000000;1.205703
2315.000000;1.148761
2314.000000;1.078559
2313.000000;1.190745
2312.000000;1.613659
2311.000000;1.451181
2310.000000;1.213533
2309.000000;1.471285
2308.000000;2.009537
2307.000000;1.400675
2306.000000;1.270733
2305.000000;1.506765
2304.000000;1.802495
2303.000000;1.380768
2302.000000;1.191779
2301.000000;1.114993
2300.000000;1.000229
2299.000000;0.974782
2298.000000;1.124392
2297.000000;1.286304
2296.000000;1.122084
2295.000000;1.055133
2294.000000;1.090734
2293.000000;1.034278
2292.000000;1.001585
2291.000000;1.119853
2290.000000;1.353564
2289.000000;1.386774
2288.000000;1.388467
2287.000000;1.235536
2286.000000;1.323026
2285.000000;1.971884
2284.000000;1.217488
2283.000000;0.976457
2282.000000;0.960774
2281.000000;0.933443
2280.000000;0.881838
2279.000000;0.858945
2278.000000;0.876282
2277.000000;0.851609
2276.000000;0.841055
2275.000000;0.930923
2274.000000;1.045061
2273.000000;0.963539
2272.000000;0.921433
2271.000000;1.170085
2270.000000;1.382090
2269.000000;1.095903
2268.000000;0.938199
2267.000000;0.944865
2266.000000;1.077323
2265.000000;1.070396
2264.000000;1.004352
2263.000000;1.180209
2262.000000;1.452830
2261.000000;1.655346
2260.000000;1.978364
2259.000000;1.542465
2258.000000;1.198902
2257.000000;0.924371
2256.000000;0.792711
2255.000000;0.841544
2254.000000;0.913279
2253.000000;0.822926
2252.000000;0.778972
2251.000000;1.033385
2250.000000;1.307362
2249.000000;0.982131
2248.000000;0.921014
2247.000000;0.993314
2246.000000;1.095442
2245.000000;1.548329
2244.000000;1.648440
2243.000000;1.125063
2242.000000;0.914079
2241.000000;0.846612
2240.000000;0.905175
2239.000000;1.218649
2238.000000;1.448459
2237.000000;1.035521
2236.000000;0.912592
2235.000000;1.016244
2234.000000;1.228992
2233.000000;1.340159
2232.000000;1.277576
2231.000000;1.288468
2230.000000;1.538036
2229.000000;2.131634
2228.000000;1.756917
2227.000000;1.446580
2226.000000;1.253276
2225.000000;1.403691
2224.000000;1.430731
2223.000000;0.958894
2222.000000;0.778771
2221.000000;0.772755
2220.000000;0.888157
2219.000000;1.100695
2218.000000;1.222851
2217.000000;1.144852
2216.000000;1.067904
2215.000000;1.069633
2214.000000;1.157705
2213.000000;1.193563
2212.000000;1.079352
2211.000000;1.285859
2210.000000;1.400852
2209.000000;0.917400
2208.000000;0.780422
2207.000000;0.870242
2206.000000;1.025318
2205.000000;0.957035
2204.000000;0.853730
2203.000000;0.878006
2202.000000;1.114272
2201.000000;1.652488
2200.000000;1.354077
2199.000000;1.146317
2198.000000;1.101905
2197.000000;1.021107
2196.000000;0.951062
2195.000000;0.938352
2194.000000;1.012210
2193.000000;1.237622
2192.000000;1.332844
2191.000000;1.045126
2190.000000;0.891380
2189.000000;0.856899
2188.000000;0.894970
2187.000000;1.004999
2186.000000;1.048055
2185.000000;0.943509
2184.000000;0.906319
2183.000000;1.012688
2182.000000;1.268092
2181.000000;1.604769
2180.000000;1.485453
2179.000000;1.201591
2178.000000;0.994828
2177.000000;0.876525
2176.000000;0.837041
2175.000000;0.826126
2174.000000;0.855111
2173.000000;0.923687
2172.000000;0.995502
2171.000000;1.009608
2170.000000;1.016104
2169.000000;1.051409
2168.000000;1.085200
2167.000000;1.578814
2166.000000;1.532038
2165.000000;0.888081
2164.000000;0.718352
2163.000000;0.682660
2162.000000;0.804363
2161.000000;0.884099
2160.000000;0.761324
2159.000000;0.707810
2158.000000;0.817898
2157.000000;1.235661
2156.000000;1.167797
2155.000000;0.838508
2154.000000;0.739135
2153.000000;0.734544
2152.000000;0.824852
2151.000000;0.887693
2150.000000;0.860224
2149.000000;0.877546
2148.000000;0.938841
2147.000000;1.009489
2146.000000;1.313896
2145.000000;1.833545
2144.000000;1.595152
2143.000000;1.511655
2142.000000;1.531521
2141.000000;1.467437
2140.000000;1.193628
2139.000000;1.109404
2138.000000;1.305410
2137.000000;1.632476
2136.000000;1.850140
2135.000000;1.727281
2134.000000;1.335827
2133.000000;0.990593
2132.000000;0.819465
2131.000000;0.777321
2130.000000;0.810871
2129.000000;0.858121
2128.000000;0.959332
2127.000000;1.205220
2126.000000;1.152904
2125.000000;0.924679
2124.000000;0.894767
2123.000000;0.959846
2122.000000;1.002808
2121.000000;1.031845
2120.000000;1.058355
2119.000000;1.038874
2118.000000;1.043558
2117.000000;1.125150
2116.000000;1.080745
2115.000000;0.906294
2114.000000;0.833950
2113.000000;0.853452
2112.000000;0.953386
2111.000000;1.218926
2110.000000;1.309815
2109.000000;1.090969
2108.000000;1.043998
2107.000000;1.097329
2106.000000;1.163174
2105.000000;1.076888
2104.000000;0.936633
2103.000000;0.870401
2102.000000;0.971784
2101.000000;1.438538
2100.000000;1.280614
2099.000000;0.978846
2098.000000;0.934348
2097.000000;1.082021
2096.000000;1.380342
2095.000000;1.010216
2094.000000;0.750137
2093.000000;0.686385
2092.000000;0.756296
2091.000000;0.980947
2090.000000;1.029895
2089.000000;0.892847
2088.000000;0.916957
2087.000000;1.029857
2086.000000;1.637237
2085.000000;1.515333
2084.000000;0.944578
2083.000000;0.829587
2082.000000;0.870751
2081.000000;1.508067
2080.000000;1.244663
2079.000000;0.826084
2078.000000;0.798920
2077.000000;0.966982
2076.000000;1.473500
2075.000000;1.122872
2074.000000;0.935975
2073.000000;1.171872
2072.000000;1.624883
2071.000000;1.145113
2070.000000;0.949020
2069.000000;0.952609
2068.000000;1.100277
2067.000000;1.309830
2066.000000;1.063155
2065.000000;1.040969
2064.000000;1.339856
2063.000000;1.527750
2062.000000;1.373181
2061.000000;1.376817
2060.000000;1.664384
2059.000000;1.549779
2058.000000;1.131872
2057.000000;1.066166
2056.000000;1.248821
2055.000000;1.058200
2054.000000;0.948043
2053.000000;1.381434
2052.000000;1.335885
2051.000000;0.926909
2050.000000;0.989948
2049.000000;1.345872
2048.000000;1.186316
2047.000000;1.050697
2046.000000;1.276027
2045.000000;1.435101
2044.000000;1.262982
2043.000000;1.120474
2042.000000;1.045332
2041.000000;1.155368
2040.000000;1.429680
2039.000000;1.284074
2038.000000;1.180033
2037.000000;1.202235
2036.000000;1.178542
2035.000000;1.277825
2034.000000;1.147122
2033.000000;0.919614
2032.000000;0.894312
2031.000000;1.012614
2030.000000;1.446733
2029.000000;1.599002
2028.000000;1.054416
2027.000000;0.912510
2026.000000;0.957509
2025.000000;1.123490
2024.000000;1.514846
2023.000000;1.498577
2022.000000;1.081934
2021.000000;0.922691
2020.000000;0.917934
2019.000000;1.007316
2018.000000;1.243656
2017.000000;1.460954
2016.000000;1.121960
2015.000000;0.930800
2014.000000;0.885025
2013.000000;1.161059
2012.000000;1.599846
2011.000000;1.021366
2010.000000;0.930483
2009.000000;1.015483
2008.000000;1.365126
2007.000000;1.764283
2006.000000;1.077057
2005.000000;0.880131
2004.000000;0.893409
2003.000000;1.110763
2002.000000;1.735262
2001.000000;1.246126
2000.000000;0.882315
1999.000000;0.783525
1998.000000;0.883342
1997.000000;1.494246
1996.000000;1.234259
1995.000000;0.833368
1994.000000;0.726801
1993.000000;0.701046
1992.000000;0.765013
1991.000000;0.846179
1990.000000;0.914320
1989.000000;0.973038
1988.000000;1.028038
1987.000000;1.041569
1986.000000;1.011533
1985.000000;0.998172
1984.000000;1.029072
1983.000000;1.152336
1982.000000;1.328939
1981.000000;1.170142
1980.000000;0.973966
1979.000000;0.963398
1978.000000;1.056047
1977.000000;1.329054
1976.000000;1.636564
1975.000000;1.147595
1974.000000;0.869288
1973.000000;0.786567
1972.000000;0.801125
1971.000000;0.872262
1970.000000;0.956491
1969.000000;1.023927
1968.000000;1.289743
1967.000000;1.449686
1966.000000;0.914731
1965.000000;0.765846
1964.000000;0.845549
1963.000000;1.211466
1962.000000;1.953026
1961.000000;1.284790
1960.000000;1.167857
1959.000000;1.138742
1958.000000;1.139981
1957.000000;1.237613
1956.000000;1.374302
1955.000000;1.703588
1954.000000;1.499322
1953.000000;1.137941
1952.000000;1.022406
1951.000000;1.036805
1950.000000;1.086955
1949.000000;1.118826
1948.000000;1.162954
1947.000000;1.410395
1946.000000;1.733271
1945.000000;1.328675
1944.000000;1.196779
1943.000000;1.349592
1942.000000;1.456184
1941.000000;1.143050
1940.000000;1.071281
1939.000000;1.306565
1938.000000;1.040760
1937.000000;0.824234
1936.000000;0.892821
1935.000000;1.062006
1934.000000;1.030432
1933.000000;0.919171
1932.000000;0.856838
1931.000000;0.862169
1930.000000;1.052359
1929.000000;1.329966
1928.000000;1.044988
1927.000000;0.804770
1926.000000;0.768120
1925.000000;0.754319
1924.000000;0.748392
1923.000000;1.031211
1922.000000;1.183955
1921.000000;0.763943
1920.000000;0.626993
1919.000000;0.624163
1918.000000;0.641609
1917.000000;0.674584
1916.000000;0.855318
1915.000000;1.119873
1914.000000;0.935176
1913.000000;0.862242
1912.000000;0.993429
1911.000000;1.210163
1910.000000;1.333548
1909.000000;1.134034
1908.000000;1.126226
1907.000000;1.414008
1906.000000;1.235226
1905.000000;0.957892
1904.000000;0.927456
1903.000000;0.962152
1902.000000;0.950630
1901.000000;0.888002
1900.000000;0.831986
1899.000000;0.815563
1898.000000;0.917094
1897.000000;1.186065
1896.000000;1.071518
1895.000000;0.809116
1894.000000;0.735337
1893.000000;0.771508
1892.000000;0.961720
1891.000000;1.416423
1890.000000;1.507206
1889.000000;1.234452
1888.000000;1.047091
1887.000000;0.872454
1886.000000;0.736519
1885.000000;0.643151
1884.000000;0.604750
1883.000000;0.643647
1882.000000;0.770718
1881.000000;1.071724
1880.000000;1.671716
1879.000000;1.271120
1878.000000;0.866328
1877.000000;0.666826
1876.000000;0.603962
1875.000000;0.681131
1874.000000;0.880273
1873.000000;0.866882
1872.000000;0.676886
1871.000000;0.618765
1870.000000;0.775563
1869.000000;1.006774
1868.000000;0.809612
1867.000000;0.654572
1866.000000;0.728950
1865.000000;1.121719
1864.000000;0.909290
1863.000000;0.605708
1862.000000;0.556205
1861.000000;0.611338
1860.000000;0.775097
1859.000000;0.975212
1858.000000;0.976870
1857.000000;0.831994
1856.000000;0.725253
1855.000000;0.694112
1854.000000;0.740537
1853.000000;0.948487
1852.000000;1.340613
1851.000000;1.116517
1850.000000;1.213960
1849.000000;1.593107
1848.000000;1.009925
1847.000000;0.878412
1846.000000;0.894751
1845.000000;0.779793
1844.000000;0.697132
1843.000000;0.973727
1842.000000;1.148328
1841.000000;0.769327
1840.000000;0.706455
1839.000000;0.899059
1838.000000;1.411031
1837.000000;1.201875
1836.000000;0.993487
1835.000000;0.975960
1834.000000;0.843388
1833.000000;0.652381
1832.000000;0.546247
1831.000000;0.584429
1830.000000;0.897607
1829.000000;1.593221
1828.000000;0.914785
1827.000000;0.711550
1826.000000;0.622498
1825.000000;0.579259
1824.000000;0.642464
1823.000000;0.801727
1822.000000;0.924176
1821.000000;0.900075
1820.000000;0.917057
1819.000000;0.802765
1818.000000;0.630958
1817.000000;0.558425
1816.000000;0.571995
1815.000000;0.661402
1814.000000;0.788436
1813.000000;0.797032
1812.000000;0.739061
1811.000000;0.766976
1810.000000;0.880218
1809.000000;1.025406
1808.000000;1.094578
1807.000000;1.061027
1806.000000;0.921079
1805.000000;0.866603
1804.000000;1.168221
1803.000000;1.142216
1802.000000;0.756118
1801.000000;0.733105
1800.000000;0.846644
1799.000000;0.866526
1798.000000;0.852152
1797.000000;0.980539
1796.000000;1.088856
1795.000000;0.894136
1794.000000;0.773610
1793.000000;0.818036
1792.000000;0.939208
1791.000000;0.876139
1790.000000;0.781049
1789.000000;0.823197
1788.000000;0.994485
1787.000000;1.210235
1786.000000;1.223780
1785.000000;1.075459
1784.000000;0.911239
1783.000000;0.812456
1782.000000;0.747099
1781.000000;0.673241
1780.000000;0.628434
1779.000000;0.613567
1778.000000;0.618251
1777.000000;0.676023
1776.000000;0.792601
1775.000000;0.850891
1774.000000;0.794272
1773.000000;0.749026
1772.000000;0.758814
1771.000000;0.960065
1770.000000;1.136195
1769.000000;0.770508
1768.000000;0.643255
1767.000000;0.685627
1766.000000;0.824215
1765.000000;0.848561
1764.000000;0.737480
1763.000000;0.730923
1762.000000;0.869061
1761.000000;1.108358
1760.000000;1.052216
1759.000000;0.837488
1758.000000;0.682418
1757.000000;0.605693
1756.000000;0.634224
1755.000000;0.787586
1754.000000;1.249566
1753.000000;1.086811
1752.000000;0.756426
1751.000000;0.703736
1750.000000;0.801636
1749.000000;1.014426
1748.000000;1.008156
1747.000000;0.769673
1746.000000;0.694177
1745.000000;0.765555
1744.000000;0.817455
1743.000000;0.795686
1742.000000;0.961333
1741.000000;1.199068
1740.000000;0.954612
1739.000000;0.902964
1738.000000;1.281041
1737.000000;1.529277
1736.000000;1.155495
1735.000000;1.171222
1734.000000;1.124394
1733.000000;1.013170
1732.000000;0.929035
1731.000000;0.803474
1730.000000;0.724716
1729.000000;0.779160
1728.000000;0.989592
1727.000000;1.511997
1726.000000;1.600846
1725.000000;1.154621
1724.000000;0.902386
1723.000000;0.771390
1722.000000;0.804200
1721.000000;1.094570
1720.000000;1.124984
1719.000000;0.801624
1718.000000;0.757422
1717.000000;0.847436
1716.000000;0.915598
1715.000000;0.984329
1714.000000;1.172985
1713.000000;1.113643
1712.000000;1.030372
1711.000000;1.171955
1710.000000;1.003662
1709.000000;0.769554
1708.000000;0.731118
1707.000000;0.860673
1706.000000;1.169517
1705.000000;1.050183
1704.000000;0.805401
1703.000000;0.785888
1702.000000;0.880674
1701.000000;0.682899
1700.000000;0.516623
1699.000000;0.513649
1698.000000;0.544947
1697.000000;0.533849
1696.000000;0.548630
1695.000000;0.647290
1694.000000;0.732257
1693.000000;0.693410
1692.000000;0.712151
1691.000000;0.871255
1690.000000;1.070190
1689.000000;1.054974
1688.000000;0.974411
1687.000000;0.922841
1686.000000;0.863656
1685.000000;0.839763
1684.000000;0.871089
1683.000000;0.888613
1682.000000;0.890406
1681.000000;0.856776
1680.000000;0.681335
1679.000000;0.493279
1678.000000;0.393522
1677.000000;0.398889
1676.000000;0.539689
1675.000000;0.726818
1674.000000;0.609950
1673.000000;0.493858
1672.000000;0.542186
1671.000000;0.826057
1670.000000;1.446608
1669.000000;0.806091
1668.000000;0.574222
1667.000000;0.510553
1666.000000;0.561030
1665.000000;0.882190
1664.000000;1.769334
1663.000000;0.764654
1662.000000;0.632816
1661.000000;0.632990
1660.000000;0.720692
1659.000000;0.735106
1658.000000;0.658754
1657.000000;0.696742
1656.000000;0.862245
1655.000000;0.962184
1654.000000;0.952130
1653.000000;0.990115
1652.000000;0.975867
1651.000000;0.952682
1650.000000;1.033663
1649.000000;1.317779
1648.000000;1.709232
1647.000000;1.380201
1646.000000;1.568469
1645.000000;1.365044
1644.000000;1.050080
1643.000000;1.000300
1642.000000;1.044409
1641.000000;1.087329
1640.000000;1.005100
1639.000000;0.889713
1638.000000;0.914715
1637.000000;1.168208
1636.000000;1.407077
1635.000000;1.131392
1634.000000;1.060442
1633.000000;1.008596
1632.000000;0.923708
1631.000000;0.843141
1630.000000;0.846947
1629.000000;0.871076
1628.000000;0.719835
1627.000000;0.572186
1626.000000;0.523266
1625.000000;0.542803
1624.000000;0.644014
1623.000000;0.817728
1622.000000;0.833037
1621.000000;0.767933
1620.000000;0.810566
1619.000000;0.960727
1618.000000;1.206445
1617.000000;1.451228
1616.000000;1.651086
1615.000000;1.579294
1614.000000;1.178212
1613.000000;0.989451
1612.000000;0.983045
1611.000000;0.932182
1610.000000;0.919003
1609.000000;1.122641
1608.000000;1.015040
1607.000000;0.787705
1606.000000;0.779265
1605.000000;0.884006
1604.000000;0.950238
1603.000000;0.869218
1602.000000;0.825150
1601.000000;0.893342
1600.000000;0.970675
1599.000000;0.946860
1598.000000;0.975219
1597.000000;1.218658
1596.000000;1.781011
1595.000000;1.451301
1594.000000;1.718915
1593.000000;1.478567
1592.000000;1.186728
1591.000000;1.109498
1590.000000;0.973246
1589.000000;0.947110
1588.000000;1.015440
1587.000000;1.107307
1586.000000;1.143543
1585.000000;0.907486
1584.000000;0.801885
1583.000000;0.883365
1582.000000;0.919491
1581.000000;0.782873
1580.000000;0.782975
1579.000000;0.930345
1578.000000;0.878593
1577.000000;0.667014
1576.000000;0.590982
1575.000000;0.631901
1574.000000;0.749868
1573.000000;0.847763
1572.000000;0.839700
1571.000000;0.748578
1570.000000;0.743262
1569.000000;0.816960
1568.000000;0.818796
1567.000000;0.856181
1566.000000;1.115421
1565.000000;1.582954
1564.000000;1.202150
1563.000000;1.013733
1562.000000;0.883154
1561.000000;0.757174
1560.000000;0.747239
1559.000000;0.890180
1558.000000;0.919348
1557.000000;0.858951
1556.000000;1.017236
1555.000000;1.256725
1554.000000;0.818404
1553.000000;0.645823
1552.000000;0.627846
1551.000000;0.705689
1550.000000;0.724273
1549.000000;0.667595
1548.000000;0.648958
1547.000000;0.701337
1546.000000;0.704485
1545.000000;0.606940
1544.000000;0.607545
1543.000000;0.771331
1542.000000;1.062265
1541.000000;0.967767
1540.000000;0.819484
1539.000000;0.781583
1538.000000;0.753071
1537.000000;0.720669
1536.000000;0.739668
1535.000000;0.855615
1534.000000;0.866827
1533.000000;0.708144
1532.000000;0.610167
1531.000000;0.572168
1530.000000;0.580582
1529.000000;0.618661
1528.000000;0.606050
1527.000000;0.528136
1526.000000;0.490175
1525.000000;0.514849
1524.000000;0.570655
1523.000000;0.565785
1522.000000;0.512388
1521.000000;0.530787
1520.000000;0.778923
1519.000000;0.651756
1518.000000;0.345467
1517.000000;0.327084
1516.000000;0.484487
1515.000000;0.732789
1514.000000;0.696296
1513.000000;0.601986
1512.000000;0.638665
1511.000000;0.775289
1510.000000;0.799145
1509.000000;0.709477
1508.000000;0.690492
1507.000000;0.801178
1506.000000;1.247400
1505.000000;0.986982
1504.000000;0.679382
1503.000000;0.679592
1502.000000;0.813419
1501.000000;0.761888
1500.000000;0.729416
1499.000000;0.779956
1498.000000;0.973598
1497.000000;1.195398
1496.000000;0.935543
1495.000000;0.797967
1494.000000;0.750196
1493.000000;0.753485
1492.000000;0.623174
1491.000000;0.432644
1490.000000;0.412061
1489.000000;0.541027
1488.000000;0.519455
1487.000000;0.415158
1486.000000;0.397437
1485.000000;0.471191
1484.000000;0.652164
1483.000000;1.155295
1482.000000;1.200887
1481.000000;0.831597
1480.000000;0.702758
1479.000000;0.637825
1478.000000;0.562754
1477.000000;0.456625
1476.000000;0.381652
1475.000000;0.392238
1474.000000;0.549905
1473.000000;0.889176
1472.000000;0.768970
1471.000000;0.525690
1470.000000;0.483532
1469.000000;0.569081
1468.000000;0.884490
1467.000000;1.077334
1466.000000;0.780931
1465.000000;0.701301
1464.000000;0.698681
1463.000000;0.714866
1462.000000;0.764340
1461.000000;0.883250
1460.000000;0.910663
1459.000000;0.803145
1458.000000;0.673180
1457.000000;0.597319
1456.000000;0.630606
1455.000000;0.905049
1454.000000;1.097731
1453.000000;0.581210
1452.000000;0.471599
1451.000000;0.582996
1450.000000;0.950870
1449.000000;0.835635
1448.000000;0.627025
1447.000000;0.580524
1446.000000;0.572815
1445.000000;0.612174
1444.000000;0.729422
1443.000000;0.972400
1442.000000;1.137422
1441.000000;0.926265
1440.000000;0.794444
1439.000000;0.970657
1438.000000;0.936322
1437.000000;0.609209
1436.000000;0.530826
1435.000000;0.557262
1434.000000;0.604966
1433.000000;0.633862
1432.000000;0.686957
1431.000000;0.817235
1430.000000;0.991301
1429.000000;0.881485
1428.000000;0.759199
1427.000000;0.794404
1426.000000;1.124614
1425.000000;0.951967
1424.000000;0.666379
1423.000000;0.599159
1422.000000;0.584186
1421.000000;0.650178
1420.000000;0.870400
1419.000000;0.628406
1418.000000;0.409984
1417.000000;0.430631
1416.000000;0.632524
1415.000000;1.083155
1414.000000;0.895125
1413.000000;0.573600
1412.000000;0.518828
1411.000000;0.594416
1410.000000;0.755170
1409.000000;0.762036
1408.000000;0.652239
1407.000000;0.555851
1406.000000;0.532057
1405.000000;0.630547
1404.000000;0.678675
1403.000000;0.558943
1402.000000;0.488329
1401.000000;0.499860
1400.000000;0.590044
1399.000000;0.795438
1398.000000;1.346909
1397.000000;0.858915
1396.000000;0.579057
1395.000000;0.463555
1394.000000;0.405157
1393.000000;0.354035
1392.000000;0.315871
1391.000000;0.319968
1390.000000;0.389943
1389.000000;0.585065
1388.000000;0.709870
1387.000000;0.506965
1386.000000;0.406486
1385.000000;0.424857
1384.000000;0.529378
1383.000000;0.744786
1382.000000;0.800131
1381.000000;0.696131
1380.000000;0.742775
1379.000000;1.195732
1378.000000;1.041377
1377.000000;0.664795
1376.000000;0.522073
1375.000000;0.494036
1374.000000;0.535714
1373.000000;0.579510
1372.000000;0.675086
1371.000000;1.069241
1370.000000;0.935379
1369.000000;0.652630
1368.000000;0.794384
1367.000000;0.999448
1366.000000;0.641282
1365.000000;0.628700
1364.000000;0.989626
1363.000000;1.106877
1362.000000;0.739752
1361.000000;1.128535
1360.000000;1.363566
1359.000000;0.833279
1358.000000;0.765703
1357.000000;0.842112
1356.000000;0.757222
1355.000000;0.606587
1354.000000;0.571445
1353.000000;0.585315
1352.000000;0.639854
1351.000000;0.759006
1350.000000;0.870753
1349.000000;0.866089
1348.000000;0.893205
1347.000000;0.877300
1346.000000;0.741493
1345.000000;0.673071
1344.000000;0.717142
1343.000000;0.916382
1342.000000;0.955809
1341.000000;0.616114
1340.000000;0.523783
1339.000000;0.759845
1338.000000;1.403075
1337.000000;0.843522
1336.000000;0.795158
1335.000000;0.795859
1334.000000;0.763906
1333.000000;0.788340
1332.000000;0.763508
1331.000000;0.664811
1330.000000;0.642015
1329.000000;0.752391
1328.000000;0.772093
1327.000000;0.656634
1326.000000;0.657889
1325.000000;0.795353
1324.000000;1.126674
1323.000000;1.595516
1322.000000;1.243061
1321.000000;0.905915
1320.000000;0.687398
1319.000000;0.634493
1318.000000;0.691915
1317.000000;0.737291
1316.000000;0.790018
1315.000000;0.919057
1314.000000;0.967778
1313.000000;0.800407
1312.000000;0.640811
1311.000000;0.572182
1310.000000;0.592243
1309.000000;0.676654
1308.000000;0.725745
1307.000000;0.625664
1306.000000;0.520679
1305.000000;0.520959
1304.000000;0.762893
1303.000000;1.057308
1302.000000;0.784024
1301.000000;0.696734
1300.000000;0.930800
1299.000000;0.858801
1298.000000;0.595512
1297.000000;0.557210
1296.000000;0.698016
1295.000000;0.978503
1294.000000;0.893906
1293.000000;0.640699
1292.000000;0.492883
1291.000000;0.438530
1290.000000;0.464055
1289.000000;0.583201
1288.000000;0.844904
1287.000000;1.028197
1286.000000;0.910032
1285.000000;0.780636
1284.000000;0.589767
1283.000000;0.522518
1282.000000;0.581448
1281.000000;0.687705
1280.000000;0.732811
1279.000000;0.769830
1278.000000;0.831659
1277.000000;0.806511
1276.000000;0.624235
1275.000000;0.451368
1274.000000;0.422052
1273.000000;0.593417
1272.000000;1.071597
1271.000000;0.967702
1270.000000;0.956713
1269.000000;0.980759
1268.000000;0.670531
1267.000000;0.515277
1266.000000;0.566082
1265.000000;0.779066
1264.000000;0.475496
1263.000000;0.298088
1262.000000;0.307247
1261.000000;0.474789
1260.000000;0.877602
1259.000000;1.225929
1258.000000;0.811583
1257.000000;0.707701
1256.000000;0.647297
1255.000000;0.537642
1254.000000;0.389375
1253.000000;0.296529
1252.000000;0.309722
1251.000000;0.429328
1250.000000;1.025884
1249.000000;0.813996
1248.000000;0.366903
1247.000000;0.307329
1246.000000;0.366142
1245.000000;0.565694
1244.000000;0.668403
1243.000000;0.677944
1242.000000;0.788095
1241.000000;0.900704
1240.000000;1.291093
1239.000000;1.117954
1238.000000;0.807978
1237.000000;0.819147
1236.000000;1.037816
1235.000000;1.090535
1234.000000;0.885541
1233.000000;0.951592
1232.000000;0.986124
1231.000000;0.661440
1230.000000;0.537065
1229.000000;0.543460
1228.000000;0.570870
1227.000000;0.587771
1226.000000;0.545143
1225.000000;0.436356
1224.000000;0.418373
1223.000000;0.657785
1222.000000;1.140725
1221.000000;0.803085
1220.000000;0.707653
1219.000000;0.749340
1218.000000;0.657670
1217.000000;0.614413
1216.000000;0.495715
1215.000000;0.406733
1214.000000;0.485687
1213.000000;0.985572
1212.000000;0.826262
1211.000000;0.527747
1210.000000;0.512412
1209.000000;0.601357
1208.000000;0.691352
1207.000000;0.787928
1206.000000;0.913156
1205.000000;0.945237
1204.000000;1.027479
1203.000000;1.229972
1202.000000;0.951898
1201.000000;0.744322
1200.000000;0.613070
