Criado como novo conjunto de dados;"2706_e01_daniel.spp","48244.3 Secs"
cm-1;Abs
10000.000000;0.989550
9999.000000;0.990376
9998.000000;0.990688
9997.000000;0.990602
9996.000000;0.990205
9995.000000;0.989430
9994.000000;0.988315
9993.000000;0.987159
9992.000000;0.986389
9991.000000;0.986277
9990.000000;0.986698
9989.000000;0.987145
9988.000000;0.987150
9987.000000;0.986746
9986.000000;0.986365
9985.000000;0.986254
9984.000000;0.986216
9983.000000;0.986014
9982.000000;0.985815
9981.000000;0.985969
9980.000000;0.986481
9979.000000;0.986884
9978.000000;0.986672
9977.000000;0.985759
9976.000000;0.984570
9975.000000;0.983762
9974.000000;0.983790
9973.000000;0.984616
9972.000000;0.985772
9971.000000;0.986712
9970.000000;0.987076
9969.000000;0.986734
9968.000000;0.985807
9967.000000;0.984730
9966.000000;0.984055
9965.000000;0.983963
9964.000000;0.984044
9963.000000;0.983748
9962.000000;0.983032
9961.000000;0.982383
9960.000000;0.982198
9959.000000;0.982391
9958.000000;0.982676
9957.000000;0.983056
9956.000000;0.983755
9955.000000;0.984689
9954.000000;0.985262
9953.000000;0.984898
9952.000000;0.983710
9951.000000;0.982455
9950.000000;0.981799
9949.000000;0.981761
9948.000000;0.981871
9947.000000;0.981740
9946.000000;0.981380
9945.000000;0.981085
9944.000000;0.981118
9943.000000;0.981507
9942.000000;0.982072
9941.000000;0.982636
9940.000000;0.983172
9939.000000;0.983685
9938.000000;0.984007
9937.000000;0.983926
9936.000000;0.983504
9935.000000;0.983053
9934.000000;0.982706
9933.000000;0.982225
9932.000000;0.981415
9931.000000;0.980504
9930.000000;0.979923
9929.000000;0.979843
9928.000000;0.980121
9927.000000;0.980534
9926.000000;0.980839
9925.000000;0.980724
9924.000000;0.980031
9923.000000;0.979043
9922.000000;0.978292
9921.000000;0.978043
9920.000000;0.978136
9919.000000;0.978316
9918.000000;0.978524
9917.000000;0.978848
9916.000000;0.979304
9915.000000;0.979728
9914.000000;0.979797
9913.000000;0.979231
9912.000000;0.978084
9911.000000;0.976835
9910.000000;0.976050
9909.000000;0.975984
9908.000000;0.976537
9907.000000;0.977438
9906.000000;0.978336
9905.000000;0.978871
9904.000000;0.978917
9903.000000;0.978711
9902.000000;0.978524
9901.000000;0.978296
9900.000000;0.977832
9899.000000;0.977265
9898.000000;0.976984
9897.000000;0.977090
9896.000000;0.977261
9895.000000;0.977253
9894.000000;0.977218
9893.000000;0.977362
9892.000000;0.977542
9891.000000;0.977419
9890.000000;0.976914
9889.000000;0.976283
9888.000000;0.975826
9887.000000;0.975671
9886.000000;0.975773
9885.000000;0.975974
9884.000000;0.976035
9883.000000;0.975764
9882.000000;0.975164
9881.000000;0.974443
9880.000000;0.973840
9879.000000;0.973421
9878.000000;0.973013
9877.000000;0.972382
9876.000000;0.971540
9875.000000;0.970906
9874.000000;0.971058
9873.000000;0.972213
9872.000000;0.973899
9871.000000;0.975175
9870.000000;0.975312
9869.000000;0.974405
9868.000000;0.973287
9867.000000;0.972793
9866.000000;0.973104
9865.000000;0.973807
9864.000000;0.974446
9863.000000;0.974829
9862.000000;0.974845
9861.000000;0.974346
9860.000000;0.973385
9859.000000;0.972363
9858.000000;0.971709
9857.000000;0.971509
9856.000000;0.971559
9855.000000;0.971640
9854.000000;0.971588
9853.000000;0.971259
9852.000000;0.970669
9851.000000;0.970110
9850.000000;0.969922
9849.000000;0.970163
9848.000000;0.970643
9847.000000;0.971234
9846.000000;0.971946
9845.000000;0.972708
9844.000000;0.973255
9843.000000;0.973284
9842.000000;0.972693
9841.000000;0.971685
9840.000000;0.970691
9839.000000;0.970122
9838.000000;0.970097
9837.000000;0.970439
9836.000000;0.970953
9835.000000;0.971557
9834.000000;0.972099
9833.000000;0.972249
9832.000000;0.971718
9831.000000;0.970483
9830.000000;0.968752
9829.000000;0.966907
9828.000000;0.965589
9827.000000;0.965462
9826.000000;0.966562
9825.000000;0.968024
9824.000000;0.968777
9823.000000;0.968471
9822.000000;0.967505
9821.000000;0.966383
9820.000000;0.965417
9819.000000;0.964894
9818.000000;0.964985
9817.000000;0.965432
9816.000000;0.965737
9815.000000;0.965800
9814.000000;0.966015
9813.000000;0.966611
9812.000000;0.967252
9811.000000;0.967533
9810.000000;0.967568
9809.000000;0.967748
9808.000000;0.968098
9807.000000;0.968210
9806.000000;0.967819
9805.000000;0.967155
9804.000000;0.966591
9803.000000;0.966124
9802.000000;0.965413
9801.000000;0.964371
9800.000000;0.963489
9799.000000;0.963385
9798.000000;0.964066
9797.000000;0.964885
9796.000000;0.965280
9795.000000;0.965317
9794.000000;0.965357
9793.000000;0.965423
9792.000000;0.965222
9791.000000;0.964655
9790.000000;0.964006
9789.000000;0.963590
9788.000000;0.963456
9787.000000;0.963444
9786.000000;0.963386
9785.000000;0.963208
9784.000000;0.963010
9783.000000;0.963014
9782.000000;0.963267
9781.000000;0.963419
9780.000000;0.963029
9779.000000;0.962123
9778.000000;0.961282
9777.000000;0.961098
9776.000000;0.961693
9775.000000;0.962771
9774.000000;0.963945
9773.000000;0.964881
9772.000000;0.965260
9771.000000;0.964822
9770.000000;0.963570
9769.000000;0.961937
9768.000000;0.960656
9767.000000;0.960267
9766.000000;0.960667
9765.000000;0.961217
9764.000000;0.961370
9763.000000;0.961100
9762.000000;0.960697
9761.000000;0.960369
9760.000000;0.960202
9759.000000;0.960270
9758.000000;0.960481
9757.000000;0.960451
9756.000000;0.959902
9755.000000;0.959167
9754.000000;0.958966
9753.000000;0.959616
9752.000000;0.960668
9751.000000;0.961391
9750.000000;0.961434
9749.000000;0.960949
9748.000000;0.960261
9747.000000;0.959582
9746.000000;0.958985
9745.000000;0.958540
9744.000000;0.958394
9743.000000;0.958644
9742.000000;0.959092
9741.000000;0.959359
9740.000000;0.959366
9739.000000;0.959489
9738.000000;0.959999
9737.000000;0.960519
9736.000000;0.960410
9735.000000;0.959641
9734.000000;0.958900
9733.000000;0.958792
9732.000000;0.959247
9731.000000;0.959776
9730.000000;0.960014
9729.000000;0.959869
9728.000000;0.959419
9727.000000;0.958860
9726.000000;0.958445
9725.000000;0.958311
9724.000000;0.958425
9723.000000;0.958712
9722.000000;0.959073
9721.000000;0.959280
9720.000000;0.959110
9719.000000;0.958651
9718.000000;0.958233
9717.000000;0.957963
9716.000000;0.957589
9715.000000;0.956975
9714.000000;0.956435
9713.000000;0.956338
9712.000000;0.956576
9711.000000;0.956732
9710.000000;0.956627
9709.000000;0.956410
9708.000000;0.956185
9707.000000;0.955920
9706.000000;0.955730
9705.000000;0.955835
9704.000000;0.956094
9703.000000;0.955902
9702.000000;0.954900
9701.000000;0.953606
9700.000000;0.952997
9699.000000;0.953494
9698.000000;0.954614
9697.000000;0.955591
9696.000000;0.956068
9695.000000;0.956129
9694.000000;0.956007
9693.000000;0.955989
9692.000000;0.956330
9691.000000;0.956935
9690.000000;0.957228
9689.000000;0.956684
9688.000000;0.955508
9687.000000;0.954500
9686.000000;0.954240
9685.000000;0.954600
9684.000000;0.955054
9683.000000;0.955166
9682.000000;0.954743
9681.000000;0.953837
9680.000000;0.952786
9679.000000;0.952062
9678.000000;0.951898
9677.000000;0.952164
9676.000000;0.952650
9675.000000;0.953274
9674.000000;0.953880
9673.000000;0.954105
9672.000000;0.953673
9671.000000;0.952745
9670.000000;0.951786
9669.000000;0.951181
9668.000000;0.951061
9667.000000;0.951290
9666.000000;0.951486
9665.000000;0.951257
9664.000000;0.950610
9663.000000;0.950013
9662.000000;0.949864
9661.000000;0.950067
9660.000000;0.950289
9659.000000;0.950434
9658.000000;0.950612
9657.000000;0.950788
9656.000000;0.950792
9655.000000;0.950605
9654.000000;0.950363
9653.000000;0.950133
9652.000000;0.949935
9651.000000;0.949910
9650.000000;0.950164
9649.000000;0.950501
9648.000000;0.950610
9647.000000;0.950474
9646.000000;0.950312
9645.000000;0.950152
9644.000000;0.949836
9643.000000;0.949479
9642.000000;0.949521
9641.000000;0.950134
9640.000000;0.950854
9639.000000;0.951022
9638.000000;0.950441
9637.000000;0.949435
9636.000000;0.948460
9635.000000;0.947855
9634.000000;0.947832
9633.000000;0.948400
9632.000000;0.949274
9631.000000;0.949985
9630.000000;0.950169
9629.000000;0.949745
9628.000000;0.948867
9627.000000;0.947779
9626.000000;0.946716
9625.000000;0.945856
9624.000000;0.945331
9623.000000;0.945263
9622.000000;0.945695
9621.000000;0.946442
9620.000000;0.947065
9619.000000;0.947125
9618.000000;0.946555
9617.000000;0.945765
9616.000000;0.945337
9615.000000;0.945551
9614.000000;0.946216
9613.000000;0.946946
9612.000000;0.947504
9611.000000;0.947837
9610.000000;0.947892
9609.000000;0.947582
9608.000000;0.946971
9607.000000;0.946344
9606.000000;0.946001
9605.000000;0.946027
9604.000000;0.946279
9603.000000;0.946506
9602.000000;0.946489
9601.000000;0.946202
9600.000000;0.945868
9599.000000;0.945757
9598.000000;0.945883
9597.000000;0.946023
9596.000000;0.946035
9595.000000;0.945992
9594.000000;0.945974
9593.000000;0.945939
9592.000000;0.945863
9591.000000;0.945781
9590.000000;0.945610
9589.000000;0.945149
9588.000000;0.944449
9587.000000;0.943933
9586.000000;0.943925
9585.000000;0.944197
9584.000000;0.944263
9583.000000;0.943988
9582.000000;0.943657
9581.000000;0.943514
9580.000000;0.943524
9579.000000;0.943553
9578.000000;0.943557
9577.000000;0.943534
9576.000000;0.943466
9575.000000;0.943383
9574.000000;0.943380
9573.000000;0.943513
9572.000000;0.943756
9571.000000;0.944000
9570.000000;0.944059
9569.000000;0.943753
9568.000000;0.943167
9567.000000;0.942704
9566.000000;0.942698
9565.000000;0.943021
9564.000000;0.943235
9563.000000;0.943113
9562.000000;0.942815
9561.000000;0.942532
9560.000000;0.942197
9559.000000;0.941669
9558.000000;0.941067
9557.000000;0.940755
9556.000000;0.940968
9555.000000;0.941550
9554.000000;0.942069
9553.000000;0.942202
9552.000000;0.941936
9551.000000;0.941426
9550.000000;0.940793
9549.000000;0.940186
9548.000000;0.939896
9547.000000;0.940127
9546.000000;0.940657
9545.000000;0.941008
9544.000000;0.941051
9543.000000;0.941172
9542.000000;0.941679
9541.000000;0.942317
9540.000000;0.942610
9539.000000;0.942440
9538.000000;0.942008
9537.000000;0.941401
9536.000000;0.940597
9535.000000;0.939808
9534.000000;0.939407
9533.000000;0.939473
9532.000000;0.939695
9531.000000;0.939800
9530.000000;0.939822
9529.000000;0.939869
9528.000000;0.939868
9527.000000;0.939713
9526.000000;0.939469
9525.000000;0.939249
9524.000000;0.939006
9523.000000;0.938621
9522.000000;0.938165
9521.000000;0.937898
9520.000000;0.937937
9519.000000;0.938035
9518.000000;0.937798
9517.000000;0.937131
9516.000000;0.936369
9515.000000;0.935894
9514.000000;0.935732
9513.000000;0.935655
9512.000000;0.935600
9511.000000;0.935753
9510.000000;0.936172
9509.000000;0.936611
9508.000000;0.936849
9507.000000;0.937017
9506.000000;0.937374
9505.000000;0.937904
9504.000000;0.938315
9503.000000;0.938368
9502.000000;0.938021
9501.000000;0.937372
9500.000000;0.936659
9499.000000;0.936248
9498.000000;0.936356
9497.000000;0.936770
9496.000000;0.937036
9495.000000;0.936949
9494.000000;0.936700
9493.000000;0.936520
9492.000000;0.936406
9491.000000;0.936261
9490.000000;0.936123
9489.000000;0.936084
9488.000000;0.936096
9487.000000;0.936023
9486.000000;0.935881
9485.000000;0.935860
9484.000000;0.936060
9483.000000;0.936275
9482.000000;0.936181
9481.000000;0.935722
9480.000000;0.935221
9479.000000;0.935037
9478.000000;0.935186
9477.000000;0.935363
9476.000000;0.935297
9475.000000;0.934975
9474.000000;0.934568
9473.000000;0.934234
9472.000000;0.933995
9471.000000;0.933716
9470.000000;0.933249
9469.000000;0.932703
9468.000000;0.932474
9467.000000;0.932820
9466.000000;0.933453
9465.000000;0.933757
9464.000000;0.933431
9463.000000;0.932745
9462.000000;0.932164
9461.000000;0.931965
9460.000000;0.932180
9459.000000;0.932612
9458.000000;0.932842
9457.000000;0.932513
9456.000000;0.931762
9455.000000;0.931142
9454.000000;0.931012
9453.000000;0.931200
9452.000000;0.931350
9451.000000;0.931347
9450.000000;0.931264
9449.000000;0.931156
9448.000000;0.931085
9447.000000;0.931151
9446.000000;0.931316
9445.000000;0.931391
9444.000000;0.931321
9443.000000;0.931286
9442.000000;0.931365
9441.000000;0.931356
9440.000000;0.931123
9439.000000;0.930861
9438.000000;0.930822
9437.000000;0.930963
9436.000000;0.931078
9435.000000;0.931083
9434.000000;0.930970
9433.000000;0.930696
9432.000000;0.930339
9431.000000;0.930144
9430.000000;0.930184
9429.000000;0.930190
9428.000000;0.929961
9427.000000;0.929705
9426.000000;0.929678
9425.000000;0.929717
9424.000000;0.929468
9423.000000;0.928912
9422.000000;0.928324
9421.000000;0.927832
9420.000000;0.927363
9419.000000;0.926939
9418.000000;0.926730
9417.000000;0.926840
9416.000000;0.927277
9415.000000;0.928028
9414.000000;0.928932
9413.000000;0.929613
9412.000000;0.929797
9411.000000;0.929587
9410.000000;0.929189
9409.000000;0.928569
9408.000000;0.927681
9407.000000;0.926826
9406.000000;0.926363
9405.000000;0.926230
9404.000000;0.926126
9403.000000;0.926084
9402.000000;0.926402
9401.000000;0.927042
9400.000000;0.927514
9399.000000;0.927432
9398.000000;0.926859
9397.000000;0.926097
9396.000000;0.925473
9395.000000;0.925295
9394.000000;0.925633
9393.000000;0.926105
9392.000000;0.926222
9391.000000;0.925980
9390.000000;0.925775
9389.000000;0.925737
9388.000000;0.925574
9387.000000;0.925142
9386.000000;0.924750
9385.000000;0.924733
9384.000000;0.925044
9383.000000;0.925433
9382.000000;0.925726
9381.000000;0.925802
9380.000000;0.925595
9379.000000;0.925264
9378.000000;0.925099
9377.000000;0.925099
9376.000000;0.924948
9375.000000;0.924535
9374.000000;0.924225
9373.000000;0.924371
9372.000000;0.924802
9371.000000;0.925018
9370.000000;0.924753
9369.000000;0.924158
9368.000000;0.923578
9367.000000;0.923282
9366.000000;0.923281
9365.000000;0.923281
9364.000000;0.922958
9363.000000;0.922376
9362.000000;0.921943
9361.000000;0.921903
9360.000000;0.922077
9359.000000;0.922202
9358.000000;0.922279
9357.000000;0.922405
9356.000000;0.922524
9355.000000;0.922553
9354.000000;0.922568
9353.000000;0.922631
9352.000000;0.922588
9351.000000;0.922277
9350.000000;0.921827
9349.000000;0.921508
9348.000000;0.921384
9347.000000;0.921316
9346.000000;0.921258
9345.000000;0.921298
9344.000000;0.921448
9343.000000;0.921563
9342.000000;0.921507
9341.000000;0.921282
9340.000000;0.920993
9339.000000;0.920772
9338.000000;0.920712
9337.000000;0.920743
9336.000000;0.920643
9335.000000;0.920270
9334.000000;0.919771
9333.000000;0.919445
9332.000000;0.919428
9331.000000;0.919597
9330.000000;0.919759
9329.000000;0.919823
9328.000000;0.919777
9327.000000;0.919608
9326.000000;0.919331
9325.000000;0.919041
9324.000000;0.918894
9323.000000;0.918993
9322.000000;0.919296
9321.000000;0.919625
9320.000000;0.919799
9319.000000;0.919768
9318.000000;0.919608
9317.000000;0.919397
9316.000000;0.919167
9315.000000;0.918954
9314.000000;0.918820
9313.000000;0.918774
9312.000000;0.918731
9311.000000;0.918558
9310.000000;0.918165
9309.000000;0.917602
9308.000000;0.917111
9307.000000;0.917016
9306.000000;0.917403
9305.000000;0.917915
9304.000000;0.918009
9303.000000;0.917490
9302.000000;0.916707
9301.000000;0.916177
9300.000000;0.916120
9299.000000;0.916377
9298.000000;0.916615
9297.000000;0.916538
9296.000000;0.916062
9295.000000;0.915443
9294.000000;0.915156
9293.000000;0.915470
9292.000000;0.916145
9291.000000;0.916652
9290.000000;0.916699
9289.000000;0.916427
9288.000000;0.916141
9287.000000;0.915998
9286.000000;0.915992
9285.000000;0.916093
9284.000000;0.916236
9283.000000;0.916246
9282.000000;0.915929
9281.000000;0.915307
9280.000000;0.914675
9279.000000;0.914359
9278.000000;0.914426
9277.000000;0.914661
9276.000000;0.914801
9275.000000;0.914727
9274.000000;0.914480
9273.000000;0.914178
9272.000000;0.913948
9271.000000;0.913867
9270.000000;0.913902
9269.000000;0.913923
9268.000000;0.913824
9267.000000;0.913607
9266.000000;0.913357
9265.000000;0.913183
9264.000000;0.913193
9263.000000;0.913425
9262.000000;0.913759
9261.000000;0.913958
9260.000000;0.913879
9259.000000;0.913591
9258.000000;0.913236
9257.000000;0.912854
9256.000000;0.912441
9255.000000;0.912118
9254.000000;0.912086
9253.000000;0.912385
9252.000000;0.912780
9251.000000;0.912940
9250.000000;0.912704
9249.000000;0.912198
9248.000000;0.911717
9247.000000;0.911518
9246.000000;0.911663
9245.000000;0.912009
9244.000000;0.912344
9243.000000;0.912511
9242.000000;0.912437
9241.000000;0.912107
9240.000000;0.911569
9239.000000;0.910949
9238.000000;0.910425
9237.000000;0.910149
9236.000000;0.910194
9235.000000;0.910510
9234.000000;0.910901
9233.000000;0.911125
9232.000000;0.911074
9231.000000;0.910850
9230.000000;0.910621
9229.000000;0.910440
9228.000000;0.910238
9227.000000;0.909955
9226.000000;0.909616
9225.000000;0.909314
9224.000000;0.909149
9223.000000;0.909161
9222.000000;0.909285
9221.000000;0.909366
9220.000000;0.909251
9219.000000;0.908885
9218.000000;0.908352
9217.000000;0.907864
9216.000000;0.907672
9215.000000;0.907900
9214.000000;0.908436
9213.000000;0.909013
9212.000000;0.909397
9211.000000;0.909455
9210.000000;0.909121
9209.000000;0.908440
9208.000000;0.907646
9207.000000;0.907038
9206.000000;0.906725
9205.000000;0.906609
9204.000000;0.906621
9203.000000;0.906823
9202.000000;0.907205
9201.000000;0.907554
9200.000000;0.907653
9199.000000;0.907526
9198.000000;0.907357
9197.000000;0.907267
9196.000000;0.907249
9195.000000;0.907272
9194.000000;0.907301
9193.000000;0.907297
9192.000000;0.907255
9191.000000;0.907201
9190.000000;0.907084
9189.000000;0.906783
9188.000000;0.906318
9187.000000;0.905966
9186.000000;0.905996
9185.000000;0.906344
9184.000000;0.906661
9183.000000;0.906641
9182.000000;0.906239
9181.000000;0.905645
9180.000000;0.905152
9179.000000;0.904998
9178.000000;0.905189
9177.000000;0.905493
9176.000000;0.905686
9175.000000;0.905742
9174.000000;0.905722
9173.000000;0.905602
9172.000000;0.905337
9171.000000;0.905012
9170.000000;0.904729
9169.000000;0.904448
9168.000000;0.904099
9167.000000;0.903811
9166.000000;0.903803
9165.000000;0.904054
9164.000000;0.904301
9163.000000;0.904396
9162.000000;0.904483
9161.000000;0.904710
9160.000000;0.904922
9159.000000;0.904795
9158.000000;0.904197
9157.000000;0.903352
9156.000000;0.902672
9155.000000;0.902476
9154.000000;0.902766
9153.000000;0.903213
9152.000000;0.903413
9151.000000;0.903238
9150.000000;0.902936
9149.000000;0.902817
9148.000000;0.902892
9147.000000;0.902877
9146.000000;0.902555
9145.000000;0.902035
9144.000000;0.901613
9143.000000;0.901421
9142.000000;0.901301
9141.000000;0.901060
9140.000000;0.900740
9139.000000;0.900571
9138.000000;0.900693
9137.000000;0.901019
9136.000000;0.901365
9135.000000;0.901593
9134.000000;0.901625
9133.000000;0.901450
9132.000000;0.901205
9131.000000;0.901134
9130.000000;0.901352
9129.000000;0.901698
9128.000000;0.901892
9127.000000;0.901802
9126.000000;0.901468
9125.000000;0.900971
9124.000000;0.900416
9123.000000;0.900018
9122.000000;0.900017
9121.000000;0.900407
9120.000000;0.900851
9119.000000;0.900959
9118.000000;0.900656
9117.000000;0.900233
9116.000000;0.900033
9115.000000;0.900113
9114.000000;0.900254
9113.000000;0.900252
9112.000000;0.900169
9111.000000;0.900221
9110.000000;0.900471
9109.000000;0.900711
9108.000000;0.900675
9107.000000;0.900304
9106.000000;0.899772
9105.000000;0.899291
9104.000000;0.898954
9103.000000;0.898723
9102.000000;0.898525
9101.000000;0.898350
9100.000000;0.898265
9099.000000;0.898321
9098.000000;0.898450
9097.000000;0.898485
9096.000000;0.898311
9095.000000;0.897970
9094.000000;0.897610
9093.000000;0.897359
9092.000000;0.897240
9091.000000;0.897210
9090.000000;0.897270
9089.000000;0.897489
9088.000000;0.897873
9087.000000;0.898213
9086.000000;0.898204
9085.000000;0.897778
9084.000000;0.897212
9083.000000;0.896831
9082.000000;0.896679
9081.000000;0.896591
9080.000000;0.896438
9079.000000;0.896179
9078.000000;0.895792
9077.000000;0.895362
9076.000000;0.895157
9075.000000;0.895365
9074.000000;0.895776
9073.000000;0.895976
9072.000000;0.895866
9071.000000;0.895705
9070.000000;0.895637
9069.000000;0.895480
9068.000000;0.895084
9067.000000;0.894607
9066.000000;0.894270
9065.000000;0.894093
9064.000000;0.894055
9063.000000;0.894303
9062.000000;0.894927
9061.000000;0.895653
9060.000000;0.896022
9059.000000;0.895843
9058.000000;0.895302
9057.000000;0.894679
9056.000000;0.894132
9055.000000;0.893713
9054.000000;0.893424
9053.000000;0.893254
9052.000000;0.893221
9051.000000;0.893345
9050.000000;0.893539
9049.000000;0.893617
9048.000000;0.893517
9047.000000;0.893407
9046.000000;0.893455
9045.000000;0.893600
9044.000000;0.893679
9043.000000;0.893674
9042.000000;0.893672
9041.000000;0.893651
9040.000000;0.893498
9039.000000;0.893198
9038.000000;0.892861
9037.000000;0.892552
9036.000000;0.892233
9035.000000;0.891888
9034.000000;0.891597
9033.000000;0.891455
9032.000000;0.891468
9031.000000;0.891524
9030.000000;0.891457
9029.000000;0.891209
9028.000000;0.890951
9027.000000;0.890953
9026.000000;0.891238
9025.000000;0.891482
9024.000000;0.891370
9023.000000;0.890958
9022.000000;0.890566
9021.000000;0.890381
9020.000000;0.890336
9019.000000;0.890329
9018.000000;0.890368
9017.000000;0.890463
9016.000000;0.890541
9015.000000;0.890534
9014.000000;0.890469
9013.000000;0.890413
9012.000000;0.890377
9011.000000;0.890318
9010.000000;0.890208
9009.000000;0.890066
9008.000000;0.889948
9007.000000;0.889914
9006.000000;0.889994
9005.000000;0.890171
9004.000000;0.890384
9003.000000;0.890521
9002.000000;0.890443
9001.000000;0.890097
9000.000000;0.889603
8999.000000;0.889163
8998.000000;0.888874
8997.000000;0.888674
8996.000000;0.888489
8995.000000;0.888348
8994.000000;0.888322
8993.000000;0.888412
8992.000000;0.888531
8991.000000;0.888537
8990.000000;0.888308
8989.000000;0.887862
8988.000000;0.887418
8987.000000;0.887259
8986.000000;0.887473
8985.000000;0.887895
8984.000000;0.888277
8983.000000;0.888433
8982.000000;0.888280
8981.000000;0.887872
8980.000000;0.887434
8979.000000;0.887205
8978.000000;0.887214
8977.000000;0.887317
8976.000000;0.887438
8975.000000;0.887582
8974.000000;0.887638
8973.000000;0.887394
8972.000000;0.886853
8971.000000;0.886311
8970.000000;0.886012
8969.000000;0.885896
8968.000000;0.885804
8967.000000;0.885740
8966.000000;0.885765
8965.000000;0.885817
8964.000000;0.885831
8963.000000;0.885892
8962.000000;0.886089
8961.000000;0.886309
8960.000000;0.886358
8959.000000;0.886195
8958.000000;0.885908
8957.000000;0.885545
8956.000000;0.885172
8955.000000;0.884978
8954.000000;0.885101
8953.000000;0.885392
8952.000000;0.885558
8951.000000;0.885530
8950.000000;0.885498
8949.000000;0.885578
8948.000000;0.885615
8947.000000;0.885376
8946.000000;0.884821
8945.000000;0.884150
8944.000000;0.883653
8943.000000;0.883537
8942.000000;0.883786
8941.000000;0.884169
8940.000000;0.884415
8939.000000;0.884394
8938.000000;0.884138
8937.000000;0.883761
8936.000000;0.883421
8935.000000;0.883251
8934.000000;0.883234
8933.000000;0.883213
8932.000000;0.883099
8931.000000;0.882997
8930.000000;0.883046
8929.000000;0.883210
8928.000000;0.883332
8927.000000;0.883321
8926.000000;0.883189
8925.000000;0.882989
8924.000000;0.882822
8923.000000;0.882825
8922.000000;0.882995
8921.000000;0.883095
8920.000000;0.882909
8919.000000;0.882554
8918.000000;0.882374
8917.000000;0.882507
8916.000000;0.882690
8915.000000;0.882545
8914.000000;0.881975
8913.000000;0.881266
8912.000000;0.880848
8911.000000;0.880948
8910.000000;0.881401
8909.000000;0.881795
8908.000000;0.881863
8907.000000;0.881706
8906.000000;0.881593
8905.000000;0.881630
8904.000000;0.881724
8903.000000;0.881801
8902.000000;0.881903
8901.000000;0.882050
8900.000000;0.882126
8899.000000;0.881951
8898.000000;0.881457
8897.000000;0.880781
8896.000000;0.880206
8895.000000;0.879959
8894.000000;0.880031
8893.000000;0.880181
8892.000000;0.880138
8891.000000;0.879794
8890.000000;0.879256
8889.000000;0.878801
8888.000000;0.878740
8887.000000;0.879173
8886.000000;0.879821
8885.000000;0.880241
8884.000000;0.880255
8883.000000;0.880069
8882.000000;0.879939
8881.000000;0.879900
8880.000000;0.879878
8879.000000;0.879852
8878.000000;0.879748
8877.000000;0.879389
8876.000000;0.878766
8875.000000;0.878229
8874.000000;0.878145
8873.000000;0.878437
8872.000000;0.878680
8871.000000;0.878609
8870.000000;0.878327
8869.000000;0.878027
8868.000000;0.877768
8867.000000;0.877569
8866.000000;0.877518
8865.000000;0.877657
8864.000000;0.877871
8863.000000;0.877975
8862.000000;0.877878
8861.000000;0.877637
8860.000000;0.877403
8859.000000;0.877318
8858.000000;0.877401
8857.000000;0.877535
8856.000000;0.877609
8855.000000;0.877615
8854.000000;0.877559
8853.000000;0.877359
8852.000000;0.876974
8851.000000;0.876584
8850.000000;0.876474
8849.000000;0.876715
8848.000000;0.877081
8847.000000;0.877299
8846.000000;0.877287
8845.000000;0.877127
8844.000000;0.876925
8843.000000;0.876741
8842.000000;0.876595
8841.000000;0.876464
8840.000000;0.876318
8839.000000;0.876177
8838.000000;0.876097
8837.000000;0.876093
8836.000000;0.876115
8835.000000;0.876111
8834.000000;0.876073
8833.000000;0.876017
8832.000000;0.875964
8831.000000;0.875926
8830.000000;0.875884
8829.000000;0.875790
8828.000000;0.875609
8827.000000;0.875356
8826.000000;0.875065
8825.000000;0.874756
8824.000000;0.874455
8823.000000;0.874194
8822.000000;0.873960
8821.000000;0.873715
8820.000000;0.873494
8819.000000;0.873397
8818.000000;0.873434
8817.000000;0.873471
8816.000000;0.873403
8815.000000;0.873310
8814.000000;0.873350
8813.000000;0.873559
8812.000000;0.873852
8811.000000;0.874157
8810.000000;0.874427
8809.000000;0.874548
8808.000000;0.874388
8807.000000;0.873963
8806.000000;0.873474
8805.000000;0.873153
8804.000000;0.873120
8803.000000;0.873346
8802.000000;0.873675
8801.000000;0.873878
8800.000000;0.873797
8799.000000;0.873494
8798.000000;0.873199
8797.000000;0.873101
8796.000000;0.873184
8795.000000;0.873269
8794.000000;0.873167
8793.000000;0.872827
8792.000000;0.872378
8791.000000;0.872035
8790.000000;0.871948
8789.000000;0.872124
8788.000000;0.872452
8787.000000;0.872753
8786.000000;0.872829
8785.000000;0.872600
8784.000000;0.872245
8783.000000;0.872095
8782.000000;0.872305
8781.000000;0.872670
8780.000000;0.872853
8779.000000;0.872742
8778.000000;0.872499
8777.000000;0.872331
8776.000000;0.872290
8775.000000;0.872293
8774.000000;0.872207
8773.000000;0.871930
8772.000000;0.871481
8771.000000;0.871022
8770.000000;0.870752
8769.000000;0.870763
8768.000000;0.870988
8767.000000;0.871259
8766.000000;0.871401
8765.000000;0.871325
8764.000000;0.871080
8763.000000;0.870812
8762.000000;0.870634
8761.000000;0.870576
8760.000000;0.870623
8759.000000;0.870749
8758.000000;0.870898
8757.000000;0.871007
8756.000000;0.871059
8755.000000;0.871027
8754.000000;0.870793
8753.000000;0.870261
8752.000000;0.869587
8751.000000;0.869131
8750.000000;0.869096
8749.000000;0.869326
8748.000000;0.869564
8747.000000;0.869769
8746.000000;0.870044
8745.000000;0.870360
8744.000000;0.870529
8743.000000;0.870456
8742.000000;0.870256
8741.000000;0.870110
8740.000000;0.870095
8739.000000;0.870158
8738.000000;0.870184
8737.000000;0.870074
8736.000000;0.869831
8735.000000;0.869564
8734.000000;0.869396
8733.000000;0.869379
8732.000000;0.869507
8731.000000;0.869721
8730.000000;0.869872
8729.000000;0.869784
8728.000000;0.869451
8727.000000;0.869063
8726.000000;0.868762
8725.000000;0.868437
8724.000000;0.867921
8723.000000;0.867339
8722.000000;0.867091
8721.000000;0.867464
8720.000000;0.868314
8719.000000;0.869163
8718.000000;0.869585
8717.000000;0.869483
8716.000000;0.869079
8715.000000;0.868657
8714.000000;0.868346
8713.000000;0.868127
8712.000000;0.867993
8711.000000;0.867967
8710.000000;0.868010
8709.000000;0.868019
8708.000000;0.867969
8707.000000;0.867939
8706.000000;0.867931
8705.000000;0.867807
8704.000000;0.867492
8703.000000;0.867130
8702.000000;0.866935
8701.000000;0.866958
8700.000000;0.867126
8699.000000;0.867385
8698.000000;0.867683
8697.000000;0.867884
8696.000000;0.867874
8695.000000;0.867713
8694.000000;0.867558
8693.000000;0.867448
8692.000000;0.867310
8691.000000;0.867135
8690.000000;0.867009
8689.000000;0.866959
8688.000000;0.866918
8687.000000;0.866858
8686.000000;0.866846
8685.000000;0.866919
8684.000000;0.867003
8683.000000;0.866995
8682.000000;0.866878
8681.000000;0.866704
8680.000000;0.866539
8679.000000;0.866430
8678.000000;0.866391
8677.000000;0.866379
8676.000000;0.866331
8675.000000;0.866227
8674.000000;0.866102
8673.000000;0.865974
8672.000000;0.865807
8671.000000;0.865567
8670.000000;0.865301
8669.000000;0.865144
8668.000000;0.865200
8667.000000;0.865421
8666.000000;0.865613
8665.000000;0.865602
8664.000000;0.865377
8663.000000;0.865047
8662.000000;0.864695
8661.000000;0.864353
8660.000000;0.864080
8659.000000;0.863936
8658.000000;0.863879
8657.000000;0.863794
8656.000000;0.863653
8655.000000;0.863544
8654.000000;0.863493
8653.000000;0.863380
8652.000000;0.863114
8651.000000;0.862796
8650.000000;0.862610
8649.000000;0.862633
8648.000000;0.862801
8647.000000;0.863015
8646.000000;0.863171
8645.000000;0.863171
8644.000000;0.862987
8643.000000;0.862716
8642.000000;0.862500
8641.000000;0.862415
8640.000000;0.862440
8639.000000;0.862462
8638.000000;0.862306
8637.000000;0.861875
8636.000000;0.861331
8635.000000;0.861033
8634.000000;0.861188
8633.000000;0.861610
8632.000000;0.861909
8631.000000;0.861862
8630.000000;0.861545
8629.000000;0.861173
8628.000000;0.860909
8627.000000;0.860782
8626.000000;0.860673
8625.000000;0.860399
8624.000000;0.859893
8623.000000;0.859303
8622.000000;0.858871
8621.000000;0.858761
8620.000000;0.858985
8619.000000;0.859417
8618.000000;0.859824
8617.000000;0.859965
8616.000000;0.859764
8615.000000;0.859346
8614.000000;0.858863
8613.000000;0.858363
8612.000000;0.857896
8611.000000;0.857621
8610.000000;0.857674
8609.000000;0.857960
8608.000000;0.858214
8607.000000;0.858235
8606.000000;0.857998
8605.000000;0.857567
8604.000000;0.857039
8603.000000;0.856581
8602.000000;0.856406
8601.000000;0.856621
8600.000000;0.857101
8599.000000;0.857553
8598.000000;0.857705
8597.000000;0.857493
8596.000000;0.857079
8595.000000;0.856678
8594.000000;0.856376
8593.000000;0.856124
8592.000000;0.855892
8591.000000;0.855729
8590.000000;0.855655
8589.000000;0.855596
8588.000000;0.855470
8587.000000;0.855309
8586.000000;0.855204
8585.000000;0.855174
8584.000000;0.855128
8583.000000;0.854969
8582.000000;0.854715
8581.000000;0.854507
8580.000000;0.854481
8579.000000;0.854606
8578.000000;0.854699
8577.000000;0.854638
8576.000000;0.854509
8575.000000;0.854437
8574.000000;0.854360
8573.000000;0.854107
8572.000000;0.853660
8571.000000;0.853183
8570.000000;0.852805
8569.000000;0.852537
8568.000000;0.852414
8567.000000;0.852508
8566.000000;0.852742
8565.000000;0.852872
8564.000000;0.852747
8563.000000;0.852445
8562.000000;0.852091
8561.000000;0.851705
8560.000000;0.851323
8559.000000;0.851074
8558.000000;0.851015
8557.000000;0.851003
8556.000000;0.850896
8555.000000;0.850751
8554.000000;0.850703
8553.000000;0.850744
8552.000000;0.850755
8551.000000;0.850664
8550.000000;0.850467
8549.000000;0.850152
8548.000000;0.849747
8547.000000;0.849340
8546.000000;0.848990
8545.000000;0.848680
8544.000000;0.848456
8543.000000;0.848473
8542.000000;0.848767
8541.000000;0.849118
8540.000000;0.849268
8539.000000;0.849198
8538.000000;0.849054
8537.000000;0.848910
8536.000000;0.848757
8535.000000;0.848636
8534.000000;0.848594
8533.000000;0.848563
8532.000000;0.848444
8531.000000;0.848264
8530.000000;0.848100
8529.000000;0.847904
8528.000000;0.847582
8527.000000;0.847207
8526.000000;0.846972
8525.000000;0.846923
8524.000000;0.846902
8523.000000;0.846752
8522.000000;0.846475
8521.000000;0.846180
8520.000000;0.845987
8519.000000;0.845975
8518.000000;0.846133
8517.000000;0.846319
8516.000000;0.846369
8515.000000;0.846227
8514.000000;0.845943
8513.000000;0.845585
8512.000000;0.845252
8511.000000;0.845068
8510.000000;0.845051
8509.000000;0.845033
8508.000000;0.844864
8507.000000;0.844639
8506.000000;0.844568
8505.000000;0.844653
8504.000000;0.844671
8503.000000;0.844495
8502.000000;0.844251
8501.000000;0.844110
8500.000000;0.844053
8499.000000;0.843915
8498.000000;0.843607
8497.000000;0.843207
8496.000000;0.842888
8495.000000;0.842770
8494.000000;0.842817
8493.000000;0.842869
8492.000000;0.842828
8491.000000;0.842767
8490.000000;0.842800
8489.000000;0.842876
8488.000000;0.842808
8487.000000;0.842514
8486.000000;0.842128
8485.000000;0.841837
8484.000000;0.841686
8483.000000;0.841557
8482.000000;0.841308
8481.000000;0.840917
8480.000000;0.840514
8479.000000;0.840264
8478.000000;0.840221
8477.000000;0.840296
8476.000000;0.840404
8475.000000;0.840556
8474.000000;0.840756
8473.000000;0.840906
8472.000000;0.840908
8471.000000;0.840827
8470.000000;0.840793
8469.000000;0.840783
8468.000000;0.840634
8467.000000;0.840286
8466.000000;0.839905
8465.000000;0.839695
8464.000000;0.839664
8463.000000;0.839642
8462.000000;0.839484
8461.000000;0.839205
8460.000000;0.838955
8459.000000;0.838863
8458.000000;0.838925
8457.000000;0.839027
8456.000000;0.839055
8455.000000;0.838953
8454.000000;0.838700
8453.000000;0.838318
8452.000000;0.837941
8451.000000;0.837756
8450.000000;0.837804
8449.000000;0.837900
8448.000000;0.837851
8447.000000;0.837660
8446.000000;0.837441
8445.000000;0.837220
8444.000000;0.836962
8443.000000;0.836729
8442.000000;0.836625
8441.000000;0.836595
8440.000000;0.836446
8439.000000;0.836090
8438.000000;0.835647
8437.000000;0.835260
8436.000000;0.834959
8435.000000;0.834766
8434.000000;0.834783
8433.000000;0.835064
8432.000000;0.835463
8431.000000;0.835735
8430.000000;0.835779
8429.000000;0.835698
8428.000000;0.835640
8427.000000;0.835654
8426.000000;0.835692
8425.000000;0.835685
8424.000000;0.835581
8423.000000;0.835351
8422.000000;0.835016
8421.000000;0.834664
8420.000000;0.834394
8419.000000;0.834219
8418.000000;0.834056
8417.000000;0.833830
8416.000000;0.833570
8415.000000;0.833372
8414.000000;0.833278
8413.000000;0.833246
8412.000000;0.833228
8411.000000;0.833230
8410.000000;0.833266
8409.000000;0.833320
8408.000000;0.833369
8407.000000;0.833409
8406.000000;0.833401
8405.000000;0.833260
8404.000000;0.832946
8403.000000;0.832549
8402.000000;0.832231
8401.000000;0.832091
8400.000000;0.832113
8399.000000;0.832216
8398.000000;0.832277
8397.000000;0.832167
8396.000000;0.831837
8395.000000;0.831401
8394.000000;0.831078
8393.000000;0.831005
8392.000000;0.831112
8391.000000;0.831198
8390.000000;0.831137
8389.000000;0.830983
8388.000000;0.830878
8387.000000;0.830867
8386.000000;0.830847
8385.000000;0.830700
8384.000000;0.830440
8383.000000;0.830171
8382.000000;0.829966
8381.000000;0.829826
8380.000000;0.829753
8379.000000;0.829750
8378.000000;0.829772
8377.000000;0.829734
8376.000000;0.829591
8375.000000;0.829361
8374.000000;0.829066
8373.000000;0.828726
8372.000000;0.828416
8371.000000;0.828246
8370.000000;0.828244
8369.000000;0.828315
8368.000000;0.828338
8367.000000;0.828261
8366.000000;0.828113
8365.000000;0.827980
8364.000000;0.827969
8363.000000;0.828099
8362.000000;0.828219
8361.000000;0.828113
8360.000000;0.827730
8359.000000;0.827242
8358.000000;0.826856
8357.000000;0.826664
8356.000000;0.826671
8355.000000;0.826854
8354.000000;0.827124
8353.000000;0.827330
8352.000000;0.827364
8351.000000;0.827220
8350.000000;0.826927
8349.000000;0.826518
8348.000000;0.826092
8347.000000;0.825792
8346.000000;0.825653
8345.000000;0.825562
8344.000000;0.825448
8343.000000;0.825386
8342.000000;0.825443
8341.000000;0.825514
8340.000000;0.825428
8339.000000;0.825185
8338.000000;0.824951
8337.000000;0.824862
8336.000000;0.824892
8335.000000;0.824893
8334.000000;0.824715
8333.000000;0.824339
8332.000000;0.823950
8331.000000;0.823799
8330.000000;0.823940
8329.000000;0.824162
8328.000000;0.824260
8327.000000;0.824276
8326.000000;0.824365
8325.000000;0.824517
8324.000000;0.824557
8323.000000;0.824369
8322.000000;0.824015
8321.000000;0.823627
8320.000000;0.823304
8319.000000;0.823106
8318.000000;0.823053
8317.000000;0.823074
8316.000000;0.823050
8315.000000;0.822913
8314.000000;0.822674
8313.000000;0.822393
8312.000000;0.822142
8311.000000;0.822004
8310.000000;0.822015
8309.000000;0.822112
8308.000000;0.822183
8307.000000;0.822159
8306.000000;0.822030
8305.000000;0.821812
8304.000000;0.821526
8303.000000;0.821210
8302.000000;0.820897
8301.000000;0.820613
8300.000000;0.820431
8299.000000;0.820461
8298.000000;0.820722
8297.000000;0.821052
8296.000000;0.821234
8295.000000;0.821203
8294.000000;0.821081
8293.000000;0.821013
8292.000000;0.821021
8291.000000;0.820994
8290.000000;0.820790
8289.000000;0.820370
8288.000000;0.819864
8287.000000;0.819490
8286.000000;0.819357
8285.000000;0.819382
8284.000000;0.819409
8283.000000;0.819352
8282.000000;0.819206
8281.000000;0.818982
8280.000000;0.818716
8279.000000;0.818498
8278.000000;0.818394
8277.000000;0.818376
8276.000000;0.818355
8275.000000;0.818269
8274.000000;0.818087
8273.000000;0.817791
8272.000000;0.817441
8271.000000;0.817183
8270.000000;0.817129
8269.000000;0.817219
8268.000000;0.817301
8267.000000;0.817320
8266.000000;0.817342
8265.000000;0.817408
8264.000000;0.817463
8263.000000;0.817444
8262.000000;0.817350
8261.000000;0.817217
8260.000000;0.817067
8259.000000;0.816917
8258.000000;0.816782
8257.000000;0.816643
8256.000000;0.816450
8255.000000;0.816192
8254.000000;0.815943
8253.000000;0.815806
8252.000000;0.815807
8251.000000;0.815852
8250.000000;0.815817
8249.000000;0.815683
8248.000000;0.815547
8247.000000;0.815491
8246.000000;0.815457
8245.000000;0.815317
8244.000000;0.815062
8243.000000;0.814843
8242.000000;0.814790
8241.000000;0.814853
8240.000000;0.814859
8239.000000;0.814692
8238.000000;0.814376
8237.000000;0.814027
8236.000000;0.813763
8235.000000;0.813626
8234.000000;0.813562
8233.000000;0.813481
8232.000000;0.813361
8231.000000;0.813238
8230.000000;0.813130
8229.000000;0.813026
8228.000000;0.812966
8227.000000;0.813014
8226.000000;0.813117
8225.000000;0.813099
8224.000000;0.812864
8223.000000;0.812544
8222.000000;0.812349
8221.000000;0.812345
8220.000000;0.812432
8219.000000;0.812498
8218.000000;0.812484
8217.000000;0.812364
8216.000000;0.812173
8215.000000;0.812038
8214.000000;0.812083
8213.000000;0.812284
8212.000000;0.812487
8211.000000;0.812558
8210.000000;0.812481
8209.000000;0.812306
8208.000000;0.812090
8207.000000;0.811880
8206.000000;0.811691
8205.000000;0.811488
8204.000000;0.811236
8203.000000;0.810966
8202.000000;0.810754
8201.000000;0.810636
8200.000000;0.810586
8199.000000;0.810575
8198.000000;0.810594
8197.000000;0.810632
8196.000000;0.810663
8195.000000;0.810667
8194.000000;0.810636
8193.000000;0.810548
8192.000000;0.810385
8191.000000;0.810169
8190.000000;0.809957
8189.000000;0.809808
8188.000000;0.809763
8187.000000;0.809815
8186.000000;0.809891
8185.000000;0.809881
8184.000000;0.809753
8183.000000;0.809596
8182.000000;0.809537
8181.000000;0.809616
8180.000000;0.809770
8179.000000;0.809899
8178.000000;0.809898
8177.000000;0.809669
8176.000000;0.809184
8175.000000;0.808550
8174.000000;0.807963
8173.000000;0.807583
8172.000000;0.807465
8171.000000;0.807563
8170.000000;0.807753
8169.000000;0.807858
8168.000000;0.807743
8167.000000;0.807426
8166.000000;0.807075
8165.000000;0.806875
8164.000000;0.806873
8163.000000;0.806958
8162.000000;0.806958
8161.000000;0.806785
8160.000000;0.806516
8159.000000;0.806316
8158.000000;0.806288
8157.000000;0.806381
8156.000000;0.806472
8155.000000;0.806497
8154.000000;0.806491
8153.000000;0.806505
8152.000000;0.806524
8151.000000;0.806490
8150.000000;0.806372
8149.000000;0.806199
8148.000000;0.806016
8147.000000;0.805824
8146.000000;0.805585
8145.000000;0.805275
8144.000000;0.804948
8143.000000;0.804708
8142.000000;0.804649
8141.000000;0.804793
8140.000000;0.805071
8139.000000;0.805315
8138.000000;0.805332
8137.000000;0.805048
8136.000000;0.804607
8135.000000;0.804268
8134.000000;0.804173
8133.000000;0.804242
8132.000000;0.804274
8131.000000;0.804136
8130.000000;0.803863
8129.000000;0.803610
8128.000000;0.803529
8127.000000;0.803625
8126.000000;0.803727
8125.000000;0.803630
8124.000000;0.803296
8123.000000;0.802894
8122.000000;0.802647
8121.000000;0.802652
8120.000000;0.802842
8119.000000;0.803058
8118.000000;0.803153
8117.000000;0.803071
8116.000000;0.802871
8115.000000;0.802635
8114.000000;0.802385
8113.000000;0.802111
8112.000000;0.801869
8111.000000;0.801779
8110.000000;0.801880
8109.000000;0.802065
8108.000000;0.802167
8107.000000;0.802098
8106.000000;0.801882
8105.000000;0.801598
8104.000000;0.801334
8103.000000;0.801142
8102.000000;0.801010
8101.000000;0.800901
8100.000000;0.800820
8099.000000;0.800803
8098.000000;0.800850
8097.000000;0.800914
8096.000000;0.800959
8095.000000;0.800976
8094.000000;0.800915
8093.000000;0.800698
8092.000000;0.800329
8091.000000;0.799951
8090.000000;0.799737
8089.000000;0.799746
8088.000000;0.799910
8087.000000;0.800104
8086.000000;0.800214
8085.000000;0.800174
8084.000000;0.799991
8083.000000;0.799719
8082.000000;0.799421
8081.000000;0.799173
8080.000000;0.799069
8079.000000;0.799147
8078.000000;0.799279
8077.000000;0.799252
8076.000000;0.799004
8075.000000;0.798707
8074.000000;0.798575
8073.000000;0.798643
8072.000000;0.798780
8071.000000;0.798870
8070.000000;0.798885
8069.000000;0.798829
8068.000000;0.798697
8067.000000;0.798491
8066.000000;0.798253
8065.000000;0.798053
8064.000000;0.797958
8063.000000;0.797977
8062.000000;0.798022
8061.000000;0.797975
8060.000000;0.797823
8059.000000;0.797678
8058.000000;0.797642
8057.000000;0.797668
8056.000000;0.797620
8055.000000;0.797431
8054.000000;0.797167
8053.000000;0.796953
8052.000000;0.796865
8051.000000;0.796892
8050.000000;0.796956
8049.000000;0.796975
8048.000000;0.796926
8047.000000;0.796851
8046.000000;0.796807
8045.000000;0.796790
8044.000000;0.796726
8043.000000;0.796524
8042.000000;0.796168
8041.000000;0.795771
8040.000000;0.795504
8039.000000;0.795430
8038.000000;0.795441
8037.000000;0.795393
8036.000000;0.795267
8035.000000;0.795145
8034.000000;0.795057
8033.000000;0.794968
8032.000000;0.794894
8031.000000;0.794923
8030.000000;0.795072
8029.000000;0.795224
8028.000000;0.795243
8027.000000;0.795110
8026.000000;0.794895
8025.000000;0.794667
8024.000000;0.794481
8023.000000;0.794370
8022.000000;0.794312
8021.000000;0.794234
8020.000000;0.794093
8019.000000;0.793907
8018.000000;0.793696
8017.000000;0.793467
8016.000000;0.793294
8015.000000;0.793314
8014.000000;0.793560
8013.000000;0.793856
8012.000000;0.793965
8011.000000;0.793826
8010.000000;0.793585
8009.000000;0.793411
8008.000000;0.793359
8007.000000;0.793394
8006.000000;0.793466
8005.000000;0.793534
8004.000000;0.793562
8003.000000;0.793513
8002.000000;0.793364
8001.000000;0.793117
8000.000000;0.792805
7999.000000;0.792472
7998.000000;0.792155
7997.000000;0.791913
7996.000000;0.791822
7995.000000;0.791907
7994.000000;0.792059
7993.000000;0.792098
7992.000000;0.791941
7991.000000;0.791667
7990.000000;0.791399
7989.000000;0.791190
7988.000000;0.791043
7987.000000;0.790965
7986.000000;0.790948
7985.000000;0.790930
7984.000000;0.790840
7983.000000;0.790683
7982.000000;0.790549
7981.000000;0.790544
7980.000000;0.790700
7979.000000;0.790925
7978.000000;0.791030
7977.000000;0.790873
7976.000000;0.790491
7975.000000;0.790074
7974.000000;0.789790
7973.000000;0.789661
7972.000000;0.789617
7971.000000;0.789580
7970.000000;0.789503
7969.000000;0.789387
7968.000000;0.789317
7967.000000;0.789406
7966.000000;0.789660
7965.000000;0.789922
7964.000000;0.789997
7963.000000;0.789816
7962.000000;0.789457
7961.000000;0.789068
7960.000000;0.788789
7959.000000;0.788697
7958.000000;0.788757
7957.000000;0.788840
7956.000000;0.788837
7955.000000;0.788732
7954.000000;0.788584
7953.000000;0.788449
7952.000000;0.788358
7951.000000;0.788296
7950.000000;0.788206
7949.000000;0.788037
7948.000000;0.787826
7947.000000;0.787680
7946.000000;0.787646
7945.000000;0.787649
7944.000000;0.787591
7943.000000;0.787455
7942.000000;0.787292
7941.000000;0.787145
7940.000000;0.787032
7939.000000;0.786963
7938.000000;0.786929
7937.000000;0.786894
7936.000000;0.786830
7935.000000;0.786739
7934.000000;0.786626
7933.000000;0.786493
7932.000000;0.786366
7931.000000;0.786294
7930.000000;0.786282
7929.000000;0.786271
7928.000000;0.786211
7927.000000;0.786112
7926.000000;0.785999
7925.000000;0.785881
7924.000000;0.785782
7923.000000;0.785759
7922.000000;0.785844
7921.000000;0.785993
7920.000000;0.786131
7919.000000;0.786207
7918.000000;0.786171
7917.000000;0.785983
7916.000000;0.785681
7915.000000;0.785406
7914.000000;0.785285
7913.000000;0.785309
7912.000000;0.785349
7911.000000;0.785288
7910.000000;0.785119
7909.000000;0.784943
7908.000000;0.784886
7907.000000;0.784977
7906.000000;0.785090
7905.000000;0.785057
7904.000000;0.784858
7903.000000;0.784642
7902.000000;0.784541
7901.000000;0.784538
7900.000000;0.784551
7899.000000;0.784553
7898.000000;0.784539
7897.000000;0.784448
7896.000000;0.784236
7895.000000;0.783981
7894.000000;0.783810
7893.000000;0.783739
7892.000000;0.783667
7891.000000;0.783519
7890.000000;0.783319
7889.000000;0.783120
7888.000000;0.782934
7887.000000;0.782772
7886.000000;0.782675
7885.000000;0.782667
7884.000000;0.782703
7883.000000;0.782710
7882.000000;0.782647
7881.000000;0.782515
7880.000000;0.782335
7879.000000;0.782147
7878.000000;0.782009
7877.000000;0.781953
7876.000000;0.781947
7875.000000;0.781912
7874.000000;0.781793
7873.000000;0.781616
7872.000000;0.781463
7871.000000;0.781389
7870.000000;0.781375
7869.000000;0.781364
7868.000000;0.781320
7867.000000;0.781240
7866.000000;0.781124
7865.000000;0.780986
7864.000000;0.780877
7863.000000;0.780863
7862.000000;0.780948
7861.000000;0.781054
7860.000000;0.781078
7859.000000;0.780980
7858.000000;0.780809
7857.000000;0.780655
7856.000000;0.780579
7855.000000;0.780567
7854.000000;0.780556
7853.000000;0.780523
7852.000000;0.780503
7851.000000;0.780521
7850.000000;0.780525
7849.000000;0.780448
7848.000000;0.780315
7847.000000;0.780214
7846.000000;0.780162
7845.000000;0.780070
7844.000000;0.779850
7843.000000;0.779528
7842.000000;0.779203
7841.000000;0.778958
7840.000000;0.778828
7839.000000;0.778805
7838.000000;0.778853
7837.000000;0.778919
7836.000000;0.778965
7835.000000;0.778968
7834.000000;0.778911
7833.000000;0.778796
7832.000000;0.778681
7831.000000;0.778640
7830.000000;0.778687
7829.000000;0.778756
7828.000000;0.778774
7827.000000;0.778717
7826.000000;0.778608
7825.000000;0.778494
7824.000000;0.778414
7823.000000;0.778373
7822.000000;0.778318
7821.000000;0.778190
7820.000000;0.777991
7819.000000;0.777773
7818.000000;0.777579
7817.000000;0.777416
7816.000000;0.777283
7815.000000;0.777166
7814.000000;0.777034
7813.000000;0.776876
7812.000000;0.776730
7811.000000;0.776640
7810.000000;0.776599
7809.000000;0.776590
7808.000000;0.776640
7807.000000;0.776758
7806.000000;0.776837
7805.000000;0.776756
7804.000000;0.776559
7803.000000;0.776431
7802.000000;0.776460
7801.000000;0.776503
7800.000000;0.776374
7799.000000;0.776063
7798.000000;0.775737
7797.000000;0.775553
7796.000000;0.775554
7795.000000;0.775675
7794.000000;0.775794
7793.000000;0.775783
7792.000000;0.775584
7791.000000;0.775264
7790.000000;0.774974
7789.000000;0.774859
7788.000000;0.774953
7787.000000;0.775146
7786.000000;0.775244
7785.000000;0.775143
7784.000000;0.774942
7783.000000;0.774826
7782.000000;0.774851
7781.000000;0.774896
7780.000000;0.774845
7779.000000;0.774719
7778.000000;0.774589
7777.000000;0.774452
7776.000000;0.774262
7775.000000;0.774025
7774.000000;0.773808
7773.000000;0.773657
7772.000000;0.773556
7771.000000;0.773470
7770.000000;0.773383
7769.000000;0.773312
7768.000000;0.773286
7767.000000;0.773301
7766.000000;0.773305
7765.000000;0.773247
7764.000000;0.773148
7763.000000;0.773078
7762.000000;0.773072
7761.000000;0.773093
7760.000000;0.773084
7759.000000;0.773016
7758.000000;0.772879
7757.000000;0.772686
7756.000000;0.772487
7755.000000;0.772326
7754.000000;0.772203
7753.000000;0.772101
7752.000000;0.772050
7751.000000;0.772093
7750.000000;0.772197
7749.000000;0.772264
7748.000000;0.772247
7747.000000;0.772181
7746.000000;0.772084
7745.000000;0.771920
7744.000000;0.771674
7743.000000;0.771421
7742.000000;0.771259
7741.000000;0.771214
7740.000000;0.771245
7739.000000;0.771289
7738.000000;0.771289
7737.000000;0.771219
7736.000000;0.771100
7735.000000;0.770959
7734.000000;0.770782
7733.000000;0.770554
7732.000000;0.770349
7731.000000;0.770289
7730.000000;0.770389
7729.000000;0.770523
7728.000000;0.770559
7727.000000;0.770477
7726.000000;0.770330
7725.000000;0.770164
7724.000000;0.770011
7723.000000;0.769910
7722.000000;0.769854
7721.000000;0.769790
7720.000000;0.769685
7719.000000;0.769576
7718.000000;0.769517
7717.000000;0.769503
7716.000000;0.769475
7715.000000;0.769376
7714.000000;0.769192
7713.000000;0.768972
7712.000000;0.768824
7711.000000;0.768817
7710.000000;0.768886
7709.000000;0.768895
7708.000000;0.768784
7707.000000;0.768600
7706.000000;0.768380
7705.000000;0.768117
7704.000000;0.767850
7703.000000;0.767687
7702.000000;0.767669
7701.000000;0.767705
7700.000000;0.767690
7699.000000;0.767644
7698.000000;0.767646
7697.000000;0.767706
7696.000000;0.767762
7695.000000;0.767782
7694.000000;0.767790
7693.000000;0.767808
7692.000000;0.767815
7691.000000;0.767772
7690.000000;0.767648
7689.000000;0.767444
7688.000000;0.767220
7687.000000;0.767059
7686.000000;0.767001
7685.000000;0.767016
7684.000000;0.767053
7683.000000;0.767064
7682.000000;0.767004
7681.000000;0.766861
7680.000000;0.766713
7679.000000;0.766671
7678.000000;0.766737
7677.000000;0.766775
7676.000000;0.766661
7675.000000;0.766397
7674.000000;0.766075
7673.000000;0.765799
7672.000000;0.765649
7671.000000;0.765636
7670.000000;0.765655
7669.000000;0.765551
7668.000000;0.765297
7667.000000;0.765030
7666.000000;0.764887
7665.000000;0.764866
7664.000000;0.764897
7663.000000;0.764952
7662.000000;0.765017
7661.000000;0.765033
7660.000000;0.764963
7659.000000;0.764859
7658.000000;0.764812
7657.000000;0.764839
7656.000000;0.764897
7655.000000;0.764945
7654.000000;0.764929
7653.000000;0.764762
7652.000000;0.764417
7651.000000;0.764016
7650.000000;0.763744
7649.000000;0.763686
7648.000000;0.763786
7647.000000;0.763945
7646.000000;0.764090
7645.000000;0.764168
7644.000000;0.764149
7643.000000;0.764036
7642.000000;0.763841
7641.000000;0.763575
7640.000000;0.763277
7639.000000;0.763026
7638.000000;0.762874
7637.000000;0.762798
7636.000000;0.762737
7635.000000;0.762674
7634.000000;0.762622
7633.000000;0.762590
7632.000000;0.762583
7631.000000;0.762617
7630.000000;0.762682
7629.000000;0.762726
7628.000000;0.762701
7627.000000;0.762592
7626.000000;0.762399
7625.000000;0.762125
7624.000000;0.761842
7623.000000;0.761690
7622.000000;0.761732
7621.000000;0.761860
7620.000000;0.761913
7619.000000;0.761853
7618.000000;0.761759
7617.000000;0.761671
7616.000000;0.761550
7615.000000;0.761380
7614.000000;0.761240
7613.000000;0.761215
7612.000000;0.761300
7611.000000;0.761408
7610.000000;0.761457
7609.000000;0.761433
7608.000000;0.761384
7607.000000;0.761363
7606.000000;0.761359
7605.000000;0.761309
7604.000000;0.761181
7603.000000;0.761032
7602.000000;0.760934
7601.000000;0.760872
7600.000000;0.760758
7599.000000;0.760547
7598.000000;0.760309
7597.000000;0.760175
7596.000000;0.760218
7595.000000;0.760388
7594.000000;0.760539
7593.000000;0.760547
7592.000000;0.760409
7591.000000;0.760221
7590.000000;0.760061
7589.000000;0.759922
7588.000000;0.759777
7587.000000;0.759658
7586.000000;0.759631
7585.000000;0.759714
7584.000000;0.759847
7583.000000;0.759942
7582.000000;0.759932
7581.000000;0.759791
7580.000000;0.759553
7579.000000;0.759302
7578.000000;0.759118
7577.000000;0.759034
7576.000000;0.759039
7575.000000;0.759100
7574.000000;0.759169
7573.000000;0.759186
7572.000000;0.759124
7571.000000;0.759015
7570.000000;0.758924
7569.000000;0.758877
7568.000000;0.758843
7567.000000;0.758767
7566.000000;0.758626
7565.000000;0.758452
7564.000000;0.758322
7563.000000;0.758306
7562.000000;0.758395
7561.000000;0.758502
7560.000000;0.758526
7559.000000;0.758420
7558.000000;0.758198
7557.000000;0.757910
7556.000000;0.757628
7555.000000;0.757421
7554.000000;0.757326
7553.000000;0.757338
7552.000000;0.757431
7551.000000;0.757563
7550.000000;0.757666
7549.000000;0.757675
7548.000000;0.757564
7547.000000;0.757368
7546.000000;0.757153
7545.000000;0.757000
7544.000000;0.756971
7543.000000;0.757064
7542.000000;0.757200
7541.000000;0.757290
7540.000000;0.757315
7539.000000;0.757317
7538.000000;0.757326
7537.000000;0.757322
7536.000000;0.757279
7535.000000;0.757184
7534.000000;0.757025
7533.000000;0.756811
7532.000000;0.756591
7531.000000;0.756421
7530.000000;0.756314
7529.000000;0.756263
7528.000000;0.756301
7527.000000;0.756451
7526.000000;0.756636
7525.000000;0.756717
7524.000000;0.756638
7523.000000;0.756484
7522.000000;0.756378
7521.000000;0.756361
7520.000000;0.756392
7519.000000;0.756404
7518.000000;0.756357
7517.000000;0.756265
7516.000000;0.756197
7515.000000;0.756196
7514.000000;0.756209
7513.000000;0.756147
7512.000000;0.755998
7511.000000;0.755813
7510.000000;0.755603
7509.000000;0.755341
7508.000000;0.755086
7507.000000;0.754968
7506.000000;0.755032
7505.000000;0.755163
7504.000000;0.755232
7503.000000;0.755228
7502.000000;0.755198
7501.000000;0.755158
7500.000000;0.755115
7499.000000;0.755121
7498.000000;0.755214
7497.000000;0.755337
7496.000000;0.755384
7495.000000;0.755306
7494.000000;0.755133
7493.000000;0.754930
7492.000000;0.754770
7491.000000;0.754711
7490.000000;0.754745
7489.000000;0.754789
7488.000000;0.754760
7487.000000;0.754647
7486.000000;0.754506
7485.000000;0.754430
7484.000000;0.754507
7483.000000;0.754747
7482.000000;0.755019
7481.000000;0.755140
7480.000000;0.755057
7479.000000;0.754891
7478.000000;0.754779
7477.000000;0.754736
7476.000000;0.754716
7475.000000;0.754706
7474.000000;0.754718
7473.000000;0.754719
7472.000000;0.754662
7471.000000;0.754539
7470.000000;0.754367
7469.000000;0.754151
7468.000000;0.753938
7467.000000;0.753833
7466.000000;0.753892
7465.000000;0.754030
7464.000000;0.754095
7463.000000;0.754041
7462.000000;0.753941
7461.000000;0.753873
7460.000000;0.753843
7459.000000;0.753834
7458.000000;0.753849
7457.000000;0.753897
7456.000000;0.753963
7455.000000;0.754017
7454.000000;0.754044
7453.000000;0.754057
7452.000000;0.754085
7451.000000;0.754145
7450.000000;0.754207
7449.000000;0.754224
7448.000000;0.754187
7447.000000;0.754128
7446.000000;0.754055
7445.000000;0.753923
7444.000000;0.753707
7443.000000;0.753468
7442.000000;0.753318
7441.000000;0.753322
7440.000000;0.753450
7439.000000;0.753611
7438.000000;0.753732
7437.000000;0.753802
7436.000000;0.753855
7435.000000;0.753891
7434.000000;0.753851
7433.000000;0.753705
7432.000000;0.753541
7431.000000;0.753499
7430.000000;0.753616
7429.000000;0.753787
7428.000000;0.753904
7427.000000;0.753947
7426.000000;0.753931
7425.000000;0.753850
7424.000000;0.753720
7423.000000;0.753612
7422.000000;0.753569
7421.000000;0.753539
7420.000000;0.753436
7419.000000;0.753244
7418.000000;0.753037
7417.000000;0.752905
7416.000000;0.752893
7415.000000;0.752992
7414.000000;0.753156
7413.000000;0.753339
7412.000000;0.753526
7411.000000;0.753706
7410.000000;0.753841
7409.000000;0.753889
7408.000000;0.753854
7407.000000;0.753764
7406.000000;0.753621
7405.000000;0.753438
7404.000000;0.753300
7403.000000;0.753318
7402.000000;0.753506
7401.000000;0.753733
7400.000000;0.753837
7399.000000;0.753755
7398.000000;0.753550
7397.000000;0.753342
7396.000000;0.753228
7395.000000;0.753212
7394.000000;0.753217
7393.000000;0.753179
7392.000000;0.753112
7391.000000;0.753069
7390.000000;0.753050
7389.000000;0.753021
7388.000000;0.753001
7387.000000;0.753057
7386.000000;0.753204
7385.000000;0.753377
7384.000000;0.753501
7383.000000;0.753524
7382.000000;0.753411
7381.000000;0.753222
7380.000000;0.753158
7379.000000;0.753376
7378.000000;0.753729
7377.000000;0.753855
7376.000000;0.753584
7375.000000;0.753144
7374.000000;0.752900
7373.000000;0.753001
7372.000000;0.753323
7371.000000;0.753646
7370.000000;0.753779
7369.000000;0.753649
7368.000000;0.753375
7367.000000;0.753210
7366.000000;0.753302
7365.000000;0.753546
7364.000000;0.753725
7363.000000;0.753721
7362.000000;0.753558
7361.000000;0.753372
7360.000000;0.753382
7359.000000;0.753723
7358.000000;0.754221
7357.000000;0.754463
7356.000000;0.754229
7355.000000;0.753752
7354.000000;0.753452
7353.000000;0.753509
7352.000000;0.753803
7351.000000;0.754119
7350.000000;0.754263
7349.000000;0.754100
7348.000000;0.753678
7347.000000;0.753258
7346.000000;0.753086
7345.000000;0.753186
7344.000000;0.753438
7343.000000;0.753730
7342.000000;0.753925
7341.000000;0.753866
7340.000000;0.753596
7339.000000;0.753453
7338.000000;0.753696
7337.000000;0.754137
7336.000000;0.754384
7335.000000;0.754317
7334.000000;0.754130
7333.000000;0.754032
7332.000000;0.754091
7331.000000;0.754293
7330.000000;0.754504
7329.000000;0.754475
7328.000000;0.754112
7327.000000;0.753696
7326.000000;0.753594
7325.000000;0.753809
7324.000000;0.754030
7323.000000;0.754111
7322.000000;0.754229
7321.000000;0.754536
7320.000000;0.754898
7319.000000;0.755092
7318.000000;0.755081
7317.000000;0.754998
7316.000000;0.754971
7315.000000;0.755049
7314.000000;0.755155
7313.000000;0.755128
7312.000000;0.754938
7311.000000;0.754820
7310.000000;0.755021
7309.000000;0.755401
7308.000000;0.755542
7307.000000;0.755283
7306.000000;0.754952
7305.000000;0.754965
7304.000000;0.755370
7303.000000;0.755895
7302.000000;0.756266
7301.000000;0.756336
7300.000000;0.756103
7299.000000;0.755799
7298.000000;0.755817
7297.000000;0.756307
7296.000000;0.756927
7295.000000;0.757177
7294.000000;0.756957
7293.000000;0.756627
7292.000000;0.756556
7291.000000;0.756778
7290.000000;0.757102
7289.000000;0.757373
7288.000000;0.757565
7287.000000;0.757718
7286.000000;0.757879
7285.000000;0.758090
7284.000000;0.758350
7283.000000;0.758596
7282.000000;0.758747
7281.000000;0.758773
7280.000000;0.758719
7279.000000;0.758682
7278.000000;0.758750
7277.000000;0.758953
7276.000000;0.759258
7275.000000;0.759589
7274.000000;0.759864
7273.000000;0.760028
7272.000000;0.760083
7271.000000;0.760083
7270.000000;0.760090
7269.000000;0.760137
7268.000000;0.760237
7267.000000;0.760416
7266.000000;0.760689
7265.000000;0.761015
7264.000000;0.761307
7263.000000;0.761513
7262.000000;0.761672
7261.000000;0.761892
7260.000000;0.762241
7259.000000;0.762691
7258.000000;0.763156
7257.000000;0.763579
7256.000000;0.763940
7255.000000;0.764216
7254.000000;0.764378
7253.000000;0.764421
7252.000000;0.764394
7251.000000;0.764368
7250.000000;0.764372
7249.000000;0.764433
7248.000000;0.764663
7247.000000;0.765213
7246.000000;0.766034
7245.000000;0.766786
7244.000000;0.767119
7243.000000;0.767050
7242.000000;0.766962
7241.000000;0.767190
7240.000000;0.767696
7239.000000;0.768212
7238.000000;0.768604
7237.000000;0.769001
7236.000000;0.769543
7235.000000;0.770104
7234.000000;0.770346
7233.000000;0.770075
7232.000000;0.769529
7231.000000;0.769247
7230.000000;0.769585
7229.000000;0.770408
7228.000000;0.771293
7227.000000;0.771924
7226.000000;0.772289
7225.000000;0.772600
7224.000000;0.773099
7223.000000;0.773843
7222.000000;0.774618
7221.000000;0.775104
7220.000000;0.775217
7219.000000;0.775214
7218.000000;0.775422
7217.000000;0.775921
7216.000000;0.776548
7215.000000;0.777120
7214.000000;0.777560
7213.000000;0.777866
7212.000000;0.778073
7211.000000;0.778279
7210.000000;0.778581
7209.000000;0.778968
7208.000000;0.779326
7207.000000;0.779549
7206.000000;0.779610
7205.000000;0.779578
7204.000000;0.779610
7203.000000;0.779901
7202.000000;0.780539
7201.000000;0.781419
7200.000000;0.782327
7199.000000;0.783112
7198.000000;0.783733
7197.000000;0.784193
7196.000000;0.784509
7195.000000;0.784751
7194.000000;0.785036
7193.000000;0.785445
7192.000000;0.785958
7191.000000;0.786478
7190.000000;0.786923
7189.000000;0.787279
7188.000000;0.787578
7187.000000;0.787872
7186.000000;0.788251
7185.000000;0.788820
7184.000000;0.789592
7183.000000;0.790389
7182.000000;0.790958
7181.000000;0.791274
7180.000000;0.791631
7179.000000;0.792304
7178.000000;0.793156
7177.000000;0.793776
7176.000000;0.794016
7175.000000;0.794205
7174.000000;0.794769
7173.000000;0.795779
7172.000000;0.796930
7171.000000;0.797824
7170.000000;0.798198
7169.000000;0.798028
7168.000000;0.797567
7167.000000;0.797277
7166.000000;0.797604
7165.000000;0.798692
7164.000000;0.800245
7163.000000;0.801640
7162.000000;0.802283
7161.000000;0.802082
7160.000000;0.801621
7159.000000;0.801660
7158.000000;0.802403
7157.000000;0.803403
7156.000000;0.804163
7155.000000;0.804623
7154.000000;0.805022
7153.000000;0.805509
7152.000000;0.806085
7151.000000;0.806811
7150.000000;0.807823
7149.000000;0.809100
7148.000000;0.810363
7147.000000;0.811263
7146.000000;0.811631
7145.000000;0.811612
7144.000000;0.811596
7143.000000;0.811910
7142.000000;0.812470
7141.000000;0.812824
7140.000000;0.812679
7139.000000;0.812298
7138.000000;0.812227
7137.000000;0.812693
7136.000000;0.813479
7135.000000;0.814292
7134.000000;0.815005
7133.000000;0.815523
7132.000000;0.815692
7131.000000;0.815492
7130.000000;0.815213
7129.000000;0.815240
7128.000000;0.815690
7127.000000;0.816328
7126.000000;0.816828
7125.000000;0.817065
7124.000000;0.817156
7123.000000;0.817338
7122.000000;0.817803
7121.000000;0.818563
7120.000000;0.819372
7119.000000;0.819815
7118.000000;0.819605
7117.000000;0.818851
7116.000000;0.817949
7115.000000;0.817195
7114.000000;0.816636
7113.000000;0.816342
7112.000000;0.816530
7111.000000;0.817216
7110.000000;0.817944
7109.000000;0.818204
7108.000000;0.818016
7107.000000;0.817793
7106.000000;0.817693
7105.000000;0.817464
7104.000000;0.816978
7103.000000;0.816508
7102.000000;0.816277
7101.000000;0.816105
7100.000000;0.815739
7099.000000;0.815285
7098.000000;0.815008
7097.000000;0.814835
7096.000000;0.814381
7095.000000;0.813463
7094.000000;0.812371
7093.000000;0.811526
7092.000000;0.811024
7091.000000;0.810612
7090.000000;0.810056
7089.000000;0.809365
7088.000000;0.808592
7087.000000;0.807569
7086.000000;0.806112
7085.000000;0.804506
7084.000000;0.803421
7083.000000;0.803120
7082.000000;0.803004
7081.000000;0.802237
7080.000000;0.800718
7079.000000;0.799121
7078.000000;0.798091
7077.000000;0.797762
7076.000000;0.797901
7075.000000;0.798025
7074.000000;0.797459
7073.000000;0.795835
7072.000000;0.793627
7071.000000;0.791737
7070.000000;0.790410
7069.000000;0.788974
7068.000000;0.786761
7067.000000;0.783892
7066.000000;0.781071
7065.000000;0.778989
7064.000000;0.778028
7063.000000;0.778068
7062.000000;0.778372
7061.000000;0.777991
7060.000000;0.776553
7059.000000;0.774393
7058.000000;0.771905
7057.000000;0.769183
7056.000000;0.766340
7055.000000;0.763644
7054.000000;0.761233
7053.000000;0.759159
7052.000000;0.757831
7051.000000;0.757792
7050.000000;0.758727
7049.000000;0.759200
7048.000000;0.757846
7047.000000;0.754651
7046.000000;0.750763
7045.000000;0.747289
7044.000000;0.744518
7043.000000;0.741967
7042.000000;0.738972
7041.000000;0.735554
7040.000000;0.732783
7039.000000;0.731804
7038.000000;0.732345
7037.000000;0.732683
7036.000000;0.731413
7035.000000;0.728804
7034.000000;0.726121
7033.000000;0.724152
7032.000000;0.722737
7031.000000;0.721183
7030.000000;0.718734
7029.000000;0.715119
7028.000000;0.711040
7027.000000;0.707749
7026.000000;0.705872
7025.000000;0.704973
7024.000000;0.704220
7023.000000;0.702811
7022.000000;0.699732
7021.000000;0.694320
7020.000000;0.687787
7019.000000;0.683048
7018.000000;0.681961
7017.000000;0.683227
7016.000000;0.683769
7015.000000;0.681903
7014.000000;0.678398
7013.000000;0.674775
7012.000000;0.671752
7011.000000;0.669318
7010.000000;0.667140
7009.000000;0.664634
7008.000000;0.661361
7007.000000;0.657622
7006.000000;0.654126
7005.000000;0.651082
7004.000000;0.648157
7003.000000;0.645251
7002.000000;0.642623
7001.000000;0.640187
7000.000000;0.637376
6999.000000;0.633901
6998.000000;0.630093
6997.000000;0.626376
6996.000000;0.622875
6995.000000;0.619657
6994.000000;0.616921
6993.000000;0.614784
6992.000000;0.613202
6991.000000;0.612051
6990.000000;0.610942
6989.000000;0.609164
6988.000000;0.606428
6987.000000;0.603559
6986.000000;0.601767
6985.000000;0.601100
6984.000000;0.600172
6983.000000;0.597590
6982.000000;0.593271
6981.000000;0.588297
6980.000000;0.583960
6979.000000;0.581092
6978.000000;0.579772
6977.000000;0.579286
6976.000000;0.578632
6975.000000;0.577210
6974.000000;0.574917
6973.000000;0.571752
6972.000000;0.567752
6971.000000;0.563286
6970.000000;0.558977
6969.000000;0.555236
6968.000000;0.552115
6967.000000;0.549568
6966.000000;0.547496
6965.000000;0.545632
6964.000000;0.543810
6963.000000;0.542248
6962.000000;0.540990
6961.000000;0.539213
6960.000000;0.535848
6959.000000;0.530958
6958.000000;0.525907
6957.000000;0.522034
6956.000000;0.519680
6955.000000;0.518520
6954.000000;0.518047
6953.000000;0.517526
6952.000000;0.516188
6951.000000;0.513895
6950.000000;0.511178
6949.000000;0.508358
6948.000000;0.505180
6947.000000;0.501573
6946.000000;0.498152
6945.000000;0.495483
6944.000000;0.493282
6943.000000;0.490878
6942.000000;0.488217
6941.000000;0.485856
6940.000000;0.484097
6939.000000;0.482563
6938.000000;0.480683
6937.000000;0.478356
6936.000000;0.475991
6935.000000;0.473987
6934.000000;0.472278
6933.000000;0.470470
6932.000000;0.468441
6931.000000;0.466584
6930.000000;0.465166
6929.000000;0.463622
6928.000000;0.461015
6927.000000;0.457183
6926.000000;0.452967
6925.000000;0.449290
6924.000000;0.446505
6923.000000;0.444677
6922.000000;0.443812
6921.000000;0.443462
6920.000000;0.442690
6919.000000;0.440924
6918.000000;0.438609
6917.000000;0.436696
6916.000000;0.435660
6915.000000;0.435234
6914.000000;0.434819
6913.000000;0.433869
6912.000000;0.432192
6911.000000;0.430184
6910.000000;0.428545
6909.000000;0.427452
6908.000000;0.426159
6907.000000;0.423706
6906.000000;0.419939
6905.000000;0.415715
6904.000000;0.412247
6903.000000;0.410390
6902.000000;0.410274
6901.000000;0.411263
6900.000000;0.412311
6899.000000;0.412575
6898.000000;0.411688
6897.000000;0.409533
6896.000000;0.406109
6895.000000;0.401866
6894.000000;0.397890
6893.000000;0.395379
6892.000000;0.394793
6891.000000;0.395514
6890.000000;0.396208
6889.000000;0.395591
6888.000000;0.393241
6887.000000;0.389965
6886.000000;0.387301
6885.000000;0.386405
6884.000000;0.387210
6883.000000;0.388567
6882.000000;0.389120
6881.000000;0.388147
6880.000000;0.385878
6879.000000;0.383189
6878.000000;0.380985
6877.000000;0.379740
6876.000000;0.379403
6875.000000;0.379480
6874.000000;0.379261
6873.000000;0.378379
6872.000000;0.377345
6871.000000;0.377117
6870.000000;0.377835
6869.000000;0.378378
6868.000000;0.377631
6867.000000;0.375852
6866.000000;0.374202
6865.000000;0.373216
6864.000000;0.372513
6863.000000;0.371920
6862.000000;0.371950
6861.000000;0.372906
6860.000000;0.374186
6859.000000;0.374820
6858.000000;0.374290
6857.000000;0.372615
6856.000000;0.370153
6855.000000;0.367573
6854.000000;0.365596
6853.000000;0.364429
6852.000000;0.363726
6851.000000;0.363218
6850.000000;0.362983
6849.000000;0.363014
6848.000000;0.363074
6847.000000;0.363296
6846.000000;0.364292
6845.000000;0.366141
6844.000000;0.367770
6843.000000;0.367944
6842.000000;0.366665
6841.000000;0.365108
6840.000000;0.364246
6839.000000;0.364009
6838.000000;0.363790
6837.000000;0.363276
6836.000000;0.362621
6835.000000;0.362150
6834.000000;0.362137
6833.000000;0.362715
6832.000000;0.363825
6831.000000;0.365194
6830.000000;0.366424
6829.000000;0.367188
6828.000000;0.367475
6827.000000;0.367598
6826.000000;0.367842
6825.000000;0.368083
6824.000000;0.367910
6823.000000;0.367143
6822.000000;0.366031
6821.000000;0.364951
6820.000000;0.364138
6819.000000;0.363769
6818.000000;0.363998
6817.000000;0.364763
6816.000000;0.365768
6815.000000;0.366846
6814.000000;0.368151
6813.000000;0.369773
6812.000000;0.371292
6811.000000;0.372005
6810.000000;0.371634
6809.000000;0.370672
6808.000000;0.369998
6807.000000;0.370137
6806.000000;0.370880
6805.000000;0.371515
6804.000000;0.371463
6803.000000;0.370787
6802.000000;0.370088
6801.000000;0.369931
6800.000000;0.370483
6799.000000;0.371693
6798.000000;0.373549
6797.000000;0.375899
6796.000000;0.378143
6795.000000;0.379440
6794.000000;0.379407
6793.000000;0.378561
6792.000000;0.377949
6791.000000;0.378350
6790.000000;0.379797
6789.000000;0.381713
6788.000000;0.383344
6787.000000;0.384163
6786.000000;0.384173
6785.000000;0.383976
6784.000000;0.384329
6783.000000;0.385448
6782.000000;0.386816
6781.000000;0.387802
6780.000000;0.388268
6779.000000;0.388384
6778.000000;0.388157
6777.000000;0.387595
6776.000000;0.387220
6775.000000;0.387834
6774.000000;0.389557
6773.000000;0.391486
6772.000000;0.392564
6771.000000;0.392527
6770.000000;0.391834
6769.000000;0.391013
6768.000000;0.390450
6767.000000;0.390528
6766.000000;0.391471
6765.000000;0.393025
6764.000000;0.394625
6763.000000;0.395947
6762.000000;0.397077
6761.000000;0.398183
6760.000000;0.399266
6759.000000;0.400274
6758.000000;0.401204
6757.000000;0.402006
6756.000000;0.402540
6755.000000;0.402770
6754.000000;0.402945
6753.000000;0.403510
6752.000000;0.404749
6751.000000;0.406445
6750.000000;0.407912
6749.000000;0.408526
6748.000000;0.408313
6747.000000;0.407902
6746.000000;0.407843
6745.000000;0.408145
6744.000000;0.408612
6743.000000;0.409350
6742.000000;0.410616
6741.000000;0.412227
6740.000000;0.413522
6739.000000;0.414024
6738.000000;0.413970
6737.000000;0.414011
6736.000000;0.414536
6735.000000;0.415404
6734.000000;0.416280
6733.000000;0.417060
6732.000000;0.417926
6731.000000;0.419090
6730.000000;0.420570
6729.000000;0.422210
6728.000000;0.423778
6727.000000;0.425023
6726.000000;0.425740
6725.000000;0.425942
6724.000000;0.425887
6723.000000;0.425816
6722.000000;0.425715
6721.000000;0.425522
6720.000000;0.425452
6719.000000;0.425853
6718.000000;0.426697
6717.000000;0.427514
6716.000000;0.427951
6715.000000;0.428198
6714.000000;0.428671
6713.000000;0.429516
6712.000000;0.430588
6711.000000;0.431735
6710.000000;0.432881
6709.000000;0.433952
6708.000000;0.434880
6707.000000;0.435677
6706.000000;0.436336
6705.000000;0.436771
6704.000000;0.436992
6703.000000;0.437194
6702.000000;0.437561
6701.000000;0.438093
6700.000000;0.438762
6699.000000;0.439662
6698.000000;0.440786
6697.000000;0.441819
6696.000000;0.442431
6695.000000;0.442731
6694.000000;0.443157
6693.000000;0.443925
6692.000000;0.444855
6691.000000;0.445735
6690.000000;0.446569
6689.000000;0.447371
6688.000000;0.447995
6687.000000;0.448344
6686.000000;0.448603
6685.000000;0.449073
6684.000000;0.449820
6683.000000;0.450628
6682.000000;0.451273
6681.000000;0.451736
6680.000000;0.452164
6679.000000;0.452689
6678.000000;0.453318
6677.000000;0.453975
6676.000000;0.454631
6675.000000;0.455350
6674.000000;0.456197
6673.000000;0.457109
6672.000000;0.457912
6671.000000;0.458486
6670.000000;0.458866
6669.000000;0.459165
6668.000000;0.459453
6667.000000;0.459763
6666.000000;0.460161
6665.000000;0.460739
6664.000000;0.461477
6663.000000;0.462175
6662.000000;0.462615
6661.000000;0.462810
6660.000000;0.463038
6659.000000;0.463551
6658.000000;0.464321
6657.000000;0.465144
6656.000000;0.465906
6655.000000;0.466644
6654.000000;0.467368
6653.000000;0.467992
6652.000000;0.468495
6651.000000;0.469004
6650.000000;0.469636
6649.000000;0.470353
6648.000000;0.471051
6647.000000;0.471704
6646.000000;0.472327
6645.000000;0.472870
6644.000000;0.473260
6643.000000;0.473523
6642.000000;0.473788
6641.000000;0.474173
6640.000000;0.474742
6639.000000;0.475527
6638.000000;0.476509
6637.000000;0.477567
6636.000000;0.478497
6635.000000;0.479126
6634.000000;0.479431
6633.000000;0.479540
6632.000000;0.479649
6631.000000;0.479901
6630.000000;0.480339
6629.000000;0.480963
6628.000000;0.481781
6627.000000;0.482752
6626.000000;0.483734
6625.000000;0.484569
6624.000000;0.485211
6623.000000;0.485690
6622.000000;0.485989
6621.000000;0.486103
6620.000000;0.486197
6619.000000;0.486532
6618.000000;0.487171
6617.000000;0.487884
6616.000000;0.488439
6615.000000;0.488875
6614.000000;0.489375
6613.000000;0.489974
6612.000000;0.490513
6611.000000;0.490863
6610.000000;0.491078
6609.000000;0.491346
6608.000000;0.491856
6607.000000;0.492676
6606.000000;0.493673
6605.000000;0.494571
6604.000000;0.495147
6603.000000;0.495382
6602.000000;0.495438
6601.000000;0.495543
6600.000000;0.495911
6599.000000;0.496654
6598.000000;0.497669
6597.000000;0.498631
6596.000000;0.499221
6595.000000;0.499386
6594.000000;0.499351
6593.000000;0.499426
6592.000000;0.499795
6591.000000;0.500426
6590.000000;0.501101
6589.000000;0.501610
6588.000000;0.501945
6587.000000;0.502265
6586.000000;0.502651
6585.000000;0.503017
6584.000000;0.503320
6583.000000;0.503729
6582.000000;0.504426
6581.000000;0.505316
6580.000000;0.506092
6579.000000;0.506555
6578.000000;0.506763
6577.000000;0.506883
6576.000000;0.507040
6575.000000;0.507307
6574.000000;0.507704
6573.000000;0.508157
6572.000000;0.508557
6571.000000;0.508887
6570.000000;0.509214
6569.000000;0.509572
6568.000000;0.509931
6567.000000;0.510319
6566.000000;0.510849
6565.000000;0.511570
6564.000000;0.512361
6563.000000;0.513041
6562.000000;0.513541
6561.000000;0.513922
6560.000000;0.514275
6559.000000;0.514640
6558.000000;0.514994
6557.000000;0.515286
6556.000000;0.515494
6555.000000;0.515678
6554.000000;0.515945
6553.000000;0.516331
6552.000000;0.516753
6551.000000;0.517105
6550.000000;0.517384
6549.000000;0.517694
6548.000000;0.518116
6547.000000;0.518626
6546.000000;0.519149
6545.000000;0.519657
6544.000000;0.520184
6543.000000;0.520736
6542.000000;0.521232
6541.000000;0.521564
6540.000000;0.521735
6539.000000;0.521876
6538.000000;0.522133
6537.000000;0.522564
6536.000000;0.523138
6535.000000;0.523773
6534.000000;0.524333
6533.000000;0.524679
6532.000000;0.524793
6531.000000;0.524863
6530.000000;0.525147
6529.000000;0.525738
6528.000000;0.526507
6527.000000;0.527265
6526.000000;0.527900
6525.000000;0.528365
6524.000000;0.528618
6523.000000;0.528672
6522.000000;0.528653
6521.000000;0.528738
6520.000000;0.529009
6519.000000;0.529394
6518.000000;0.529778
6517.000000;0.530116
6516.000000;0.530451
6515.000000;0.530821
6514.000000;0.531201
6513.000000;0.531536
6512.000000;0.531804
6511.000000;0.532030
6510.000000;0.532259
6509.000000;0.532506
6508.000000;0.532755
6507.000000;0.532987
6506.000000;0.533213
6505.000000;0.533488
6504.000000;0.533874
6503.000000;0.534383
6502.000000;0.534937
6501.000000;0.535415
6500.000000;0.535754
6499.000000;0.536005
6498.000000;0.536278
6497.000000;0.536623
6496.000000;0.536989
6495.000000;0.537287
6494.000000;0.537513
6493.000000;0.537777
6492.000000;0.538184
6491.000000;0.538697
6490.000000;0.539131
6489.000000;0.539344
6488.000000;0.539401
6487.000000;0.539531
6486.000000;0.539889
6485.000000;0.540411
6484.000000;0.540902
6483.000000;0.541252
6482.000000;0.541520
6481.000000;0.541825
6480.000000;0.542188
6479.000000;0.542523
6478.000000;0.542755
6477.000000;0.542917
6476.000000;0.543111
6475.000000;0.543394
6474.000000;0.543728
6473.000000;0.544039
6472.000000;0.544287
6471.000000;0.544481
6470.000000;0.544643
6469.000000;0.544812
6468.000000;0.545047
6467.000000;0.545402
6466.000000;0.545868
6465.000000;0.546365
6464.000000;0.546800
6463.000000;0.547110
6462.000000;0.547291
6461.000000;0.547395
6460.000000;0.547524
6459.000000;0.547773
6458.000000;0.548159
6457.000000;0.548603
6456.000000;0.549002
6455.000000;0.549292
6454.000000;0.549486
6453.000000;0.549643
6452.000000;0.549840
6451.000000;0.550115
6450.000000;0.550438
6449.000000;0.550735
6448.000000;0.550991
6447.000000;0.551283
6446.000000;0.551704
6445.000000;0.552220
6444.000000;0.552664
6443.000000;0.552882
6442.000000;0.552877
6441.000000;0.552790
6440.000000;0.552760
6439.000000;0.552840
6438.000000;0.553034
6437.000000;0.553342
6436.000000;0.553740
6435.000000;0.554150
6434.000000;0.554474
6433.000000;0.554669
6432.000000;0.554755
6431.000000;0.554781
6430.000000;0.554816
6429.000000;0.554957
6428.000000;0.555253
6427.000000;0.555627
6426.000000;0.555925
6425.000000;0.556093
6424.000000;0.556236
6423.000000;0.556464
6422.000000;0.556745
6421.000000;0.556955
6420.000000;0.557048
6419.000000;0.557101
6418.000000;0.557215
6417.000000;0.557427
6416.000000;0.557723
6415.000000;0.558077
6414.000000;0.558460
6413.000000;0.558832
6412.000000;0.559163
6411.000000;0.559435
6410.000000;0.559646
6409.000000;0.559799
6408.000000;0.559899
6407.000000;0.559956
6406.000000;0.559995
6405.000000;0.560059
6404.000000;0.560177
6403.000000;0.560328
6402.000000;0.560467
6401.000000;0.560604
6400.000000;0.560809
6399.000000;0.561104
6398.000000;0.561402
6397.000000;0.561607
6396.000000;0.561726
6395.000000;0.561859
6394.000000;0.562064
6393.000000;0.562313
6392.000000;0.562542
6391.000000;0.562721
6390.000000;0.562853
6389.000000;0.562967
6388.000000;0.563103
6387.000000;0.563288
6386.000000;0.563510
6385.000000;0.563742
6384.000000;0.563979
6383.000000;0.564233
6382.000000;0.564494
6381.000000;0.564723
6380.000000;0.564888
6379.000000;0.564983
6378.000000;0.565022
6377.000000;0.565042
6376.000000;0.565094
6375.000000;0.565215
6374.000000;0.565413
6373.000000;0.565676
6372.000000;0.565968
6371.000000;0.566218
6370.000000;0.566342
6369.000000;0.566324
6368.000000;0.566256
6367.000000;0.566261
6366.000000;0.566402
6365.000000;0.566673
6364.000000;0.567032
6363.000000;0.567399
6362.000000;0.567648
6361.000000;0.567706
6360.000000;0.567624
6359.000000;0.567533
6358.000000;0.567511
6357.000000;0.567554
6356.000000;0.567644
6355.000000;0.567781
6354.000000;0.567941
6353.000000;0.568077
6352.000000;0.568171
6351.000000;0.568258
6350.000000;0.568384
6349.000000;0.568570
6348.000000;0.568820
6347.000000;0.569107
6346.000000;0.569363
6345.000000;0.569516
6344.000000;0.569556
6343.000000;0.569535
6342.000000;0.569502
6341.000000;0.569497
6340.000000;0.569578
6339.000000;0.569794
6338.000000;0.570108
6337.000000;0.570395
6336.000000;0.570543
6335.000000;0.570552
6334.000000;0.570509
6333.000000;0.570515
6332.000000;0.570614
6331.000000;0.570777
6330.000000;0.570927
6329.000000;0.571012
6328.000000;0.571056
6327.000000;0.571111
6326.000000;0.571178
6325.000000;0.571227
6324.000000;0.571265
6323.000000;0.571341
6322.000000;0.571457
6321.000000;0.571556
6320.000000;0.571598
6319.000000;0.571618
6318.000000;0.571666
6317.000000;0.571739
6316.000000;0.571807
6315.000000;0.571876
6314.000000;0.571989
6313.000000;0.572164
6312.000000;0.572355
6311.000000;0.572479
6310.000000;0.572495
6309.000000;0.572442
6308.000000;0.572415
6307.000000;0.572470
6306.000000;0.572571
6305.000000;0.572641
6304.000000;0.572653
6303.000000;0.572637
6302.000000;0.572634
6301.000000;0.572657
6300.000000;0.572702
6299.000000;0.572760
6298.000000;0.572803
6297.000000;0.572809
6296.000000;0.572793
6295.000000;0.572790
6294.000000;0.572825
6293.000000;0.572904
6292.000000;0.573030
6291.000000;0.573192
6290.000000;0.573351
6289.000000;0.573481
6288.000000;0.573595
6287.000000;0.573709
6286.000000;0.573793
6285.000000;0.573814
6284.000000;0.573814
6283.000000;0.573871
6282.000000;0.573991
6281.000000;0.574090
6280.000000;0.574106
6279.000000;0.574077
6278.000000;0.574095
6277.000000;0.574206
6276.000000;0.574374
6275.000000;0.574520
6274.000000;0.574570
6273.000000;0.574532
6272.000000;0.574500
6271.000000;0.574568
6270.000000;0.574715
6269.000000;0.574827
6268.000000;0.574831
6267.000000;0.574771
6266.000000;0.574734
6265.000000;0.574770
6264.000000;0.574875
6263.000000;0.575010
6262.000000;0.575103
6261.000000;0.575088
6260.000000;0.574972
6259.000000;0.574840
6258.000000;0.574772
6257.000000;0.574772
6256.000000;0.574792
6255.000000;0.574804
6254.000000;0.574811
6253.000000;0.574828
6252.000000;0.574874
6251.000000;0.574960
6250.000000;0.575062
6249.000000;0.575130
6248.000000;0.575130
6247.000000;0.575082
6246.000000;0.575027
6245.000000;0.574990
6244.000000;0.574970
6243.000000;0.574948
6242.000000;0.574902
6241.000000;0.574836
6240.000000;0.574790
6239.000000;0.574799
6238.000000;0.574836
6237.000000;0.574833
6236.000000;0.574766
6235.000000;0.574676
6234.000000;0.574634
6233.000000;0.574694
6232.000000;0.574877
6231.000000;0.575131
6230.000000;0.575334
6229.000000;0.575382
6228.000000;0.575295
6227.000000;0.575183
6226.000000;0.575105
6225.000000;0.575028
6224.000000;0.574935
6223.000000;0.574891
6222.000000;0.574947
6221.000000;0.575060
6220.000000;0.575149
6219.000000;0.575198
6218.000000;0.575248
6217.000000;0.575319
6216.000000;0.575377
6215.000000;0.575388
6214.000000;0.575347
6213.000000;0.575278
6212.000000;0.575227
6211.000000;0.575240
6210.000000;0.575330
6209.000000;0.575458
6208.000000;0.575572
6207.000000;0.575642
6206.000000;0.575650
6205.000000;0.575579
6204.000000;0.575440
6203.000000;0.575288
6202.000000;0.575180
6201.000000;0.575139
6200.000000;0.575149
6199.000000;0.575184
6198.000000;0.575218
6197.000000;0.575243
6196.000000;0.575287
6195.000000;0.575379
6194.000000;0.575486
6193.000000;0.575520
6192.000000;0.575420
6191.000000;0.575229
6190.000000;0.575045
6189.000000;0.574938
6188.000000;0.574919
6187.000000;0.574958
6186.000000;0.575013
6185.000000;0.575056
6184.000000;0.575097
6183.000000;0.575159
6182.000000;0.575227
6181.000000;0.575239
6180.000000;0.575162
6179.000000;0.575036
6178.000000;0.574931
6177.000000;0.574873
6176.000000;0.574844
6175.000000;0.574810
6174.000000;0.574747
6173.000000;0.574651
6172.000000;0.574560
6171.000000;0.574540
6170.000000;0.574610
6169.000000;0.574707
6168.000000;0.574757
6167.000000;0.574755
6166.000000;0.574748
6165.000000;0.574755
6164.000000;0.574749
6163.000000;0.574698
6162.000000;0.574596
6161.000000;0.574462
6160.000000;0.574337
6159.000000;0.574278
6158.000000;0.574308
6157.000000;0.574385
6156.000000;0.574441
6155.000000;0.574444
6154.000000;0.574405
6153.000000;0.574341
6152.000000;0.574251
6151.000000;0.574146
6150.000000;0.574062
6149.000000;0.574033
6148.000000;0.574077
6147.000000;0.574183
6146.000000;0.574325
6145.000000;0.574453
6144.000000;0.574512
6143.000000;0.574466
6142.000000;0.574324
6141.000000;0.574148
6140.000000;0.574033
6139.000000;0.574045
6138.000000;0.574166
6137.000000;0.574307
6136.000000;0.574383
6135.000000;0.574365
6134.000000;0.574280
6133.000000;0.574171
6132.000000;0.574076
6131.000000;0.574009
6130.000000;0.573956
6129.000000;0.573900
6128.000000;0.573858
6127.000000;0.573862
6126.000000;0.573902
6125.000000;0.573920
6124.000000;0.573879
6123.000000;0.573816
6122.000000;0.573786
6121.000000;0.573791
6120.000000;0.573787
6119.000000;0.573755
6118.000000;0.573724
6117.000000;0.573718
6116.000000;0.573729
6115.000000;0.573723
6114.000000;0.573685
6113.000000;0.573635
6112.000000;0.573609
6111.000000;0.573619
6110.000000;0.573642
6109.000000;0.573645
6108.000000;0.573632
6107.000000;0.573627
6106.000000;0.573631
6105.000000;0.573612
6104.000000;0.573559
6103.000000;0.573491
6102.000000;0.573425
6101.000000;0.573348
6100.000000;0.573251
6099.000000;0.573148
6098.000000;0.573056
6097.000000;0.572972
6096.000000;0.572912
6095.000000;0.572917
6094.000000;0.572997
6093.000000;0.573091
6092.000000;0.573125
6091.000000;0.573104
6090.000000;0.573099
6089.000000;0.573156
6088.000000;0.573247
6087.000000;0.573310
6086.000000;0.573303
6085.000000;0.573214
6084.000000;0.573074
6083.000000;0.572947
6082.000000;0.572895
6081.000000;0.572923
6080.000000;0.572982
6079.000000;0.573016
6078.000000;0.572999
6077.000000;0.572918
6076.000000;0.572771
6075.000000;0.572589
6074.000000;0.572435
6073.000000;0.572362
6072.000000;0.572376
6071.000000;0.572438
6070.000000;0.572496
6069.000000;0.572507
6068.000000;0.572453
6067.000000;0.572346
6066.000000;0.572216
6065.000000;0.572089
6064.000000;0.571981
6063.000000;0.571907
6062.000000;0.571888
6061.000000;0.571939
6060.000000;0.572047
6059.000000;0.572170
6058.000000;0.572265
6057.000000;0.572308
6056.000000;0.572301
6055.000000;0.572262
6054.000000;0.572197
6053.000000;0.572109
6052.000000;0.572001
6051.000000;0.571891
6050.000000;0.571797
6049.000000;0.571732
6048.000000;0.571718
6047.000000;0.571771
6046.000000;0.571885
6045.000000;0.572014
6044.000000;0.572096
6043.000000;0.572102
6042.000000;0.572045
6041.000000;0.571962
6040.000000;0.571890
6039.000000;0.571857
6038.000000;0.571867
6037.000000;0.571901
6036.000000;0.571925
6035.000000;0.571914
6034.000000;0.571883
6033.000000;0.571862
6032.000000;0.571859
6031.000000;0.571841
6030.000000;0.571765
6029.000000;0.571637
6028.000000;0.571513
6027.000000;0.571443
6026.000000;0.571417
6025.000000;0.571398
6024.000000;0.571379
6023.000000;0.571390
6022.000000;0.571442
6021.000000;0.571502
6020.000000;0.571529
6019.000000;0.571522
6018.000000;0.571511
6017.000000;0.571515
6016.000000;0.571526
6015.000000;0.571518
6014.000000;0.571474
6013.000000;0.571410
6012.000000;0.571365
6011.000000;0.571367
6010.000000;0.571391
6009.000000;0.571386
6008.000000;0.571332
6007.000000;0.571265
6006.000000;0.571234
6005.000000;0.571245
6004.000000;0.571260
6003.000000;0.571242
6002.000000;0.571180
6001.000000;0.571091
6000.000000;0.571012
5999.000000;0.570965
5998.000000;0.570951
5997.000000;0.570958
5996.000000;0.570988
5995.000000;0.571045
5994.000000;0.571115
5993.000000;0.571160
5992.000000;0.571158
5991.000000;0.571121
5990.000000;0.571063
5989.000000;0.570989
5988.000000;0.570915
5987.000000;0.570882
5986.000000;0.570913
5985.000000;0.570982
5984.000000;0.571045
5983.000000;0.571092
5982.000000;0.571151
5981.000000;0.571230
5980.000000;0.571298
5979.000000;0.571317
5978.000000;0.571282
5977.000000;0.571211
5976.000000;0.571123
5975.000000;0.571037
5974.000000;0.570987
5973.000000;0.571014
5972.000000;0.571118
5971.000000;0.571239
5970.000000;0.571290
5969.000000;0.571231
5968.000000;0.571112
5967.000000;0.571024
5966.000000;0.571022
5965.000000;0.571091
5964.000000;0.571183
5963.000000;0.571262
5962.000000;0.571310
5961.000000;0.571317
5960.000000;0.571281
5959.000000;0.571217
5958.000000;0.571145
5957.000000;0.571079
5956.000000;0.571030
5955.000000;0.570999
5954.000000;0.570984
5953.000000;0.570972
5952.000000;0.570956
5951.000000;0.570942
5950.000000;0.570940
5949.000000;0.570947
5948.000000;0.570946
5947.000000;0.570920
5946.000000;0.570869
5945.000000;0.570816
5944.000000;0.570794
5943.000000;0.570830
5942.000000;0.570917
5941.000000;0.571026
5940.000000;0.571119
5939.000000;0.571166
5938.000000;0.571150
5937.000000;0.571085
5936.000000;0.571016
5935.000000;0.570991
5934.000000;0.571015
5933.000000;0.571048
5932.000000;0.571050
5931.000000;0.571030
5930.000000;0.571040
5929.000000;0.571120
5928.000000;0.571251
5927.000000;0.571374
5926.000000;0.571437
5925.000000;0.571433
5924.000000;0.571395
5923.000000;0.571347
5922.000000;0.571287
5921.000000;0.571212
5920.000000;0.571157
5919.000000;0.571168
5918.000000;0.571253
5917.000000;0.571356
5916.000000;0.571396
5915.000000;0.571336
5914.000000;0.571208
5913.000000;0.571084
5912.000000;0.571023
5911.000000;0.571029
5910.000000;0.571061
5909.000000;0.571078
5908.000000;0.571075
5907.000000;0.571071
5906.000000;0.571062
5905.000000;0.571027
5904.000000;0.570961
5903.000000;0.570898
5902.000000;0.570888
5901.000000;0.570945
5900.000000;0.571031
5899.000000;0.571085
5898.000000;0.571082
5897.000000;0.571059
5896.000000;0.571083
5895.000000;0.571185
5894.000000;0.571330
5893.000000;0.571440
5892.000000;0.571446
5891.000000;0.571323
5890.000000;0.571111
5889.000000;0.570918
5888.000000;0.570858
5887.000000;0.570952
5886.000000;0.571100
5885.000000;0.571177
5884.000000;0.571146
5883.000000;0.571061
5882.000000;0.570978
5881.000000;0.570919
5880.000000;0.570906
5879.000000;0.570971
5878.000000;0.571102
5877.000000;0.571228
5876.000000;0.571280
5875.000000;0.571257
5874.000000;0.571199
5873.000000;0.571138
5872.000000;0.571087
5871.000000;0.571065
5870.000000;0.571092
5869.000000;0.571151
5868.000000;0.571193
5867.000000;0.571177
5866.000000;0.571103
5865.000000;0.571002
5864.000000;0.570907
5863.000000;0.570842
5862.000000;0.570824
5861.000000;0.570858
5860.000000;0.570931
5859.000000;0.570994
5858.000000;0.570981
5857.000000;0.570864
5856.000000;0.570695
5855.000000;0.570576
5854.000000;0.570576
5853.000000;0.570682
5852.000000;0.570818
5851.000000;0.570911
5850.000000;0.570930
5849.000000;0.570893
5848.000000;0.570846
5847.000000;0.570826
5846.000000;0.570842
5845.000000;0.570889
5844.000000;0.570967
5843.000000;0.571073
5842.000000;0.571181
5841.000000;0.571249
5840.000000;0.571262
5839.000000;0.571240
5838.000000;0.571195
5837.000000;0.571115
5836.000000;0.571003
5835.000000;0.570906
5834.000000;0.570883
5833.000000;0.570933
5832.000000;0.570994
5831.000000;0.571002
5830.000000;0.570943
5829.000000;0.570868
5828.000000;0.570840
5827.000000;0.570888
5826.000000;0.570983
5825.000000;0.571062
5824.000000;0.571083
5823.000000;0.571050
5822.000000;0.570993
5821.000000;0.570940
5820.000000;0.570907
5819.000000;0.570904
5818.000000;0.570934
5817.000000;0.570975
5816.000000;0.570993
5815.000000;0.570963
5814.000000;0.570891
5813.000000;0.570821
5812.000000;0.570806
5811.000000;0.570867
5810.000000;0.570960
5809.000000;0.571008
5808.000000;0.570976
5807.000000;0.570908
5806.000000;0.570879
5805.000000;0.570910
5804.000000;0.570947
5803.000000;0.570924
5802.000000;0.570839
5801.000000;0.570748
5800.000000;0.570701
5799.000000;0.570702
5798.000000;0.570730
5797.000000;0.570774
5796.000000;0.570845
5795.000000;0.570940
5794.000000;0.571028
5793.000000;0.571076
5792.000000;0.571068
5791.000000;0.571008
5790.000000;0.570919
5789.000000;0.570843
5788.000000;0.570832
5787.000000;0.570895
5786.000000;0.570980
5785.000000;0.571018
5784.000000;0.570981
5783.000000;0.570900
5782.000000;0.570815
5781.000000;0.570755
5780.000000;0.570741
5779.000000;0.570784
5778.000000;0.570861
5777.000000;0.570909
5776.000000;0.570884
5775.000000;0.570805
5774.000000;0.570739
5773.000000;0.570723
5772.000000;0.570739
5771.000000;0.570752
5770.000000;0.570767
5769.000000;0.570812
5768.000000;0.570885
5767.000000;0.570943
5766.000000;0.570950
5765.000000;0.570925
5764.000000;0.570910
5763.000000;0.570906
5762.000000;0.570874
5761.000000;0.570815
5760.000000;0.570787
5759.000000;0.570837
5758.000000;0.570920
5757.000000;0.570944
5756.000000;0.570876
5755.000000;0.570766
5754.000000;0.570680
5753.000000;0.570629
5752.000000;0.570581
5751.000000;0.570515
5750.000000;0.570440
5749.000000;0.570365
5748.000000;0.570293
5747.000000;0.570232
5746.000000;0.570195
5745.000000;0.570190
5744.000000;0.570204
5743.000000;0.570204
5742.000000;0.570171
5741.000000;0.570112
5740.000000;0.570043
5739.000000;0.569973
5738.000000;0.569922
5737.000000;0.569927
5736.000000;0.570011
5735.000000;0.570133
5734.000000;0.570203
5733.000000;0.570166
5732.000000;0.570049
5731.000000;0.569918
5730.000000;0.569810
5729.000000;0.569741
5728.000000;0.569729
5727.000000;0.569779
5726.000000;0.569843
5725.000000;0.569850
5724.000000;0.569781
5723.000000;0.569686
5722.000000;0.569632
5721.000000;0.569641
5720.000000;0.569678
5719.000000;0.569681
5718.000000;0.569602
5717.000000;0.569450
5716.000000;0.569295
5715.000000;0.569208
5714.000000;0.569192
5713.000000;0.569189
5712.000000;0.569147
5711.000000;0.569070
5710.000000;0.568997
5709.000000;0.568971
5708.000000;0.569007
5707.000000;0.569087
5706.000000;0.569156
5705.000000;0.569169
5704.000000;0.569142
5703.000000;0.569141
5702.000000;0.569201
5701.000000;0.569271
5700.000000;0.569275
5699.000000;0.569187
5698.000000;0.569055
5697.000000;0.568955
5696.000000;0.568931
5695.000000;0.568969
5694.000000;0.569025
5693.000000;0.569062
5692.000000;0.569061
5691.000000;0.569006
5690.000000;0.568888
5689.000000;0.568730
5688.000000;0.568605
5687.000000;0.568578
5686.000000;0.568650
5685.000000;0.568756
5684.000000;0.568806
5683.000000;0.568742
5682.000000;0.568558
5681.000000;0.568327
5680.000000;0.568170
5679.000000;0.568166
5678.000000;0.568280
5677.000000;0.568394
5676.000000;0.568431
5675.000000;0.568414
5674.000000;0.568411
5673.000000;0.568466
5672.000000;0.568569
5671.000000;0.568678
5670.000000;0.568742
5669.000000;0.568738
5668.000000;0.568696
5667.000000;0.568676
5666.000000;0.568692
5665.000000;0.568694
5664.000000;0.568641
5663.000000;0.568573
5662.000000;0.568580
5661.000000;0.568691
5660.000000;0.568835
5659.000000;0.568897
5658.000000;0.568826
5657.000000;0.568673
5656.000000;0.568529
5655.000000;0.568461
5654.000000;0.568475
5653.000000;0.568547
5652.000000;0.568651
5651.000000;0.568757
5650.000000;0.568829
5649.000000;0.568848
5648.000000;0.568829
5647.000000;0.568813
5646.000000;0.568840
5645.000000;0.568932
5644.000000;0.569073
5643.000000;0.569213
5642.000000;0.569303
5641.000000;0.569354
5640.000000;0.569431
5639.000000;0.569574
5638.000000;0.569740
5637.000000;0.569856
5636.000000;0.569901
5635.000000;0.569908
5634.000000;0.569912
5633.000000;0.569923
5632.000000;0.569952
5631.000000;0.570009
5630.000000;0.570090
5629.000000;0.570189
5628.000000;0.570319
5627.000000;0.570497
5626.000000;0.570699
5625.000000;0.570869
5624.000000;0.570974
5623.000000;0.571021
5622.000000;0.571038
5621.000000;0.571056
5620.000000;0.571121
5619.000000;0.571280
5618.000000;0.571536
5617.000000;0.571832
5616.000000;0.572080
5615.000000;0.572210
5614.000000;0.572206
5613.000000;0.572124
5612.000000;0.572070
5611.000000;0.572124
5610.000000;0.572269
5609.000000;0.572414
5608.000000;0.572493
5607.000000;0.572504
5606.000000;0.572479
5605.000000;0.572440
5604.000000;0.572407
5603.000000;0.572416
5602.000000;0.572501
5601.000000;0.572670
5600.000000;0.572892
5599.000000;0.573120
5598.000000;0.573311
5597.000000;0.573457
5596.000000;0.573581
5595.000000;0.573690
5594.000000;0.573759
5593.000000;0.573784
5592.000000;0.573828
5591.000000;0.573963
5590.000000;0.574190
5589.000000;0.574439
5588.000000;0.574650
5587.000000;0.574805
5586.000000;0.574888
5585.000000;0.574882
5584.000000;0.574829
5583.000000;0.574829
5582.000000;0.574953
5581.000000;0.575174
5580.000000;0.575410
5579.000000;0.575617
5578.000000;0.575800
5577.000000;0.575963
5576.000000;0.576092
5575.000000;0.576177
5574.000000;0.576239
5573.000000;0.576333
5572.000000;0.576515
5571.000000;0.576790
5570.000000;0.577095
5569.000000;0.577330
5568.000000;0.577431
5567.000000;0.577415
5566.000000;0.577362
5565.000000;0.577364
5564.000000;0.577470
5563.000000;0.577641
5562.000000;0.577765
5561.000000;0.577767
5560.000000;0.577703
5559.000000;0.577714
5558.000000;0.577882
5557.000000;0.578157
5556.000000;0.578440
5555.000000;0.578677
5554.000000;0.578850
5553.000000;0.578930
5552.000000;0.578899
5551.000000;0.578800
5550.000000;0.578724
5549.000000;0.578734
5548.000000;0.578819
5547.000000;0.578940
5546.000000;0.579080
5545.000000;0.579250
5544.000000;0.579445
5543.000000;0.579604
5542.000000;0.579660
5541.000000;0.579622
5540.000000;0.579592
5539.000000;0.579672
5538.000000;0.579862
5537.000000;0.580077
5536.000000;0.580244
5535.000000;0.580350
5534.000000;0.580422
5533.000000;0.580497
5532.000000;0.580625
5531.000000;0.580836
5530.000000;0.581095
5529.000000;0.581315
5528.000000;0.581426
5527.000000;0.581428
5526.000000;0.581378
5525.000000;0.581350
5524.000000;0.581395
5523.000000;0.581501
5522.000000;0.581590
5521.000000;0.581593
5520.000000;0.581535
5519.000000;0.581515
5518.000000;0.581593
5517.000000;0.581752
5516.000000;0.581943
5515.000000;0.582136
5514.000000;0.582297
5513.000000;0.582390
5512.000000;0.582427
5511.000000;0.582482
5510.000000;0.582594
5509.000000;0.582724
5508.000000;0.582823
5507.000000;0.582905
5506.000000;0.583003
5505.000000;0.583080
5504.000000;0.583072
5503.000000;0.583017
5502.000000;0.583062
5501.000000;0.583307
5500.000000;0.583659
5499.000000;0.583904
5498.000000;0.583936
5497.000000;0.583864
5496.000000;0.583865
5495.000000;0.583962
5494.000000;0.584026
5493.000000;0.583982
5492.000000;0.583918
5491.000000;0.583942
5490.000000;0.584026
5489.000000;0.584059
5488.000000;0.584022
5487.000000;0.584017
5486.000000;0.584152
5485.000000;0.584459
5484.000000;0.584909
5483.000000;0.585408
5482.000000;0.585771
5481.000000;0.585831
5480.000000;0.585645
5479.000000;0.585478
5478.000000;0.585490
5477.000000;0.585536
5476.000000;0.585375
5475.000000;0.585041
5474.000000;0.584823
5473.000000;0.584914
5472.000000;0.585210
5471.000000;0.585469
5470.000000;0.585549
5469.000000;0.585497
5468.000000;0.585454
5467.000000;0.585506
5466.000000;0.585645
5465.000000;0.585818
5464.000000;0.585969
5463.000000;0.586048
5462.000000;0.585991
5461.000000;0.585781
5460.000000;0.585532
5459.000000;0.585448
5458.000000;0.585633
5457.000000;0.585976
5456.000000;0.586279
5455.000000;0.586484
5454.000000;0.586722
5453.000000;0.587098
5452.000000;0.587505
5451.000000;0.587747
5450.000000;0.587813
5449.000000;0.587884
5448.000000;0.588046
5447.000000;0.588126
5446.000000;0.587972
5445.000000;0.587782
5444.000000;0.587903
5443.000000;0.588352
5442.000000;0.588750
5441.000000;0.588781
5440.000000;0.588589
5439.000000;0.588612
5438.000000;0.589052
5437.000000;0.589649
5436.000000;0.589955
5435.000000;0.589810
5434.000000;0.589510
5433.000000;0.589488
5432.000000;0.589862
5431.000000;0.590345
5430.000000;0.590578
5429.000000;0.590538
5428.000000;0.590527
5427.000000;0.590784
5426.000000;0.591224
5425.000000;0.591608
5424.000000;0.591835
5423.000000;0.591996
5422.000000;0.592208
5421.000000;0.592442
5420.000000;0.592582
5419.000000;0.592630
5418.000000;0.592745
5417.000000;0.593023
5416.000000;0.593307
5415.000000;0.593356
5414.000000;0.593200
5413.000000;0.593161
5412.000000;0.593443
5411.000000;0.593881
5410.000000;0.594216
5409.000000;0.594454
5408.000000;0.594818
5407.000000;0.595429
5406.000000;0.596133
5405.000000;0.596691
5404.000000;0.597041
5403.000000;0.597287
5402.000000;0.597533
5401.000000;0.597771
5400.000000;0.597905
5399.000000;0.597912
5398.000000;0.597946
5397.000000;0.598219
5396.000000;0.598745
5395.000000;0.599270
5394.000000;0.599570
5393.000000;0.599726
5392.000000;0.600002
5391.000000;0.600514
5390.000000;0.601167
5389.000000;0.601829
5388.000000;0.602424
5387.000000;0.602922
5386.000000;0.603348
5385.000000;0.603809
5384.000000;0.604388
5383.000000;0.604984
5382.000000;0.605444
5381.000000;0.605844
5380.000000;0.606424
5379.000000;0.607237
5378.000000;0.608034
5377.000000;0.608623
5376.000000;0.609143
5375.000000;0.609836
5374.000000;0.610718
5373.000000;0.611637
5372.000000;0.612499
5371.000000;0.613299
5370.000000;0.614014
5369.000000;0.614650
5368.000000;0.615345
5367.000000;0.616271
5366.000000;0.617412
5365.000000;0.618575
5364.000000;0.619621
5363.000000;0.620566
5362.000000;0.621482
5361.000000;0.622410
5360.000000;0.623356
5359.000000;0.624310
5358.000000;0.625264
5357.000000;0.626255
5356.000000;0.627326
5355.000000;0.628456
5354.000000;0.629602
5353.000000;0.630839
5352.000000;0.632299
5351.000000;0.633890
5350.000000;0.635263
5349.000000;0.636253
5348.000000;0.637155
5347.000000;0.638333
5346.000000;0.639668
5345.000000;0.640756
5344.000000;0.641575
5343.000000;0.642560
5342.000000;0.643964
5341.000000;0.645554
5340.000000;0.646997
5339.000000;0.648278
5338.000000;0.649633
5337.000000;0.651207
5336.000000;0.652960
5335.000000;0.654738
5334.000000;0.656178
5333.000000;0.656888
5332.000000;0.657029
5331.000000;0.657435
5330.000000;0.658761
5329.000000;0.660714
5328.000000;0.662409
5327.000000;0.663327
5326.000000;0.663642
5325.000000;0.663762
5324.000000;0.663963
5323.000000;0.664339
5322.000000;0.664684
5321.000000;0.664400
5320.000000;0.662860
5319.000000;0.659903
5318.000000;0.655860
5317.000000;0.651273
5316.000000;0.646728
5315.000000;0.642594
5314.000000;0.638605
5313.000000;0.634099
5312.000000;0.628792
5311.000000;0.622565
5310.000000;0.614188
5309.000000;0.601569
5308.000000;0.584507
5307.000000;0.566175
5306.000000;0.549992
5305.000000;0.535758
5304.000000;0.520369
5303.000000;0.501320
5302.000000;0.478233
5301.000000;0.452444
5300.000000;0.427431
5299.000000;0.408711
5298.000000;0.401637
5297.000000;0.409723
5296.000000;0.433667
5295.000000;0.470847
5294.000000;0.516757
5293.000000;0.565376
5292.000000;0.609043
5291.000000;0.643004
5290.000000;0.669032
5289.000000;0.690832
5288.000000;0.710512
5287.000000;0.732210
5286.000000;0.761237
5285.000000;0.795196
5284.000000;0.822512
5283.000000;0.835512
5282.000000;0.839276
5281.000000;0.842186
5280.000000;0.846381
5279.000000;0.852553
5278.000000;0.865261
5277.000000;0.886490
5276.000000;0.909774
5275.000000;0.926696
5274.000000;0.934872
5273.000000;0.935941
5272.000000;0.931464
5271.000000;0.924650
5270.000000;0.920807
5269.000000;0.921362
5268.000000;0.922368
5267.000000;0.922584
5266.000000;0.927511
5265.000000;0.940891
5264.000000;0.958668
5263.000000;0.975636
5262.000000;0.990087
5261.000000;0.998266
5260.000000;0.993710
5259.000000;0.977080
5258.000000;0.959614
5257.000000;0.952370
5256.000000;0.957276
5255.000000;0.969235
5254.000000;0.980097
5253.000000;0.979827
5252.000000;0.964177
5251.000000;0.942048
5250.000000;0.927041
5249.000000;0.924309
5248.000000;0.928651
5247.000000;0.932341
5246.000000;0.933514
5245.000000;0.935576
5244.000000;0.938701
5243.000000;0.940596
5242.000000;0.942157
5241.000000;0.943647
5240.000000;0.943441
5239.000000;0.943985
5238.000000;0.951157
5237.000000;0.963739
5236.000000;0.968654
5235.000000;0.955665
5234.000000;0.932788
5233.000000;0.915916
5232.000000;0.911632
5231.000000;0.916993
5230.000000;0.929169
5229.000000;0.949093
5228.000000;0.975841
5227.000000;1.002433
5226.000000;1.019851
5225.000000;1.023728
5224.000000;1.016036
5223.000000;1.002008
5222.000000;0.986542
5221.000000;0.972492
5220.000000;0.961556
5219.000000;0.955249
5218.000000;0.953828
5217.000000;0.955789
5216.000000;0.959825
5215.000000;0.965946
5214.000000;0.972411
5213.000000;0.973423
5212.000000;0.964993
5211.000000;0.952527
5210.000000;0.947398
5209.000000;0.956394
5208.000000;0.976270
5207.000000;0.996323
5206.000000;1.005138
5205.000000;0.997520
5204.000000;0.978268
5203.000000;0.959113
5202.000000;0.949231
5201.000000;0.948178
5200.000000;0.949143
5199.000000;0.949154
5198.000000;0.951955
5197.000000;0.959155
5196.000000;0.964641
5195.000000;0.959923
5194.000000;0.943761
5193.000000;0.924992
5192.000000;0.914533
5191.000000;0.917800
5190.000000;0.933338
5189.000000;0.954237
5188.000000;0.972575
5187.000000;0.984541
5186.000000;0.988773
5185.000000;0.982328
5184.000000;0.965761
5183.000000;0.949126
5182.000000;0.943930
5181.000000;0.950155
5180.000000;0.956037
5179.000000;0.952794
5178.000000;0.945394
5177.000000;0.942504
5176.000000;0.942857
5175.000000;0.938630
5174.000000;0.928807
5173.000000;0.921869
5172.000000;0.925271
5171.000000;0.936530
5170.000000;0.944687
5169.000000;0.941991
5168.000000;0.932529
5167.000000;0.927165
5166.000000;0.933610
5165.000000;0.950684
5164.000000;0.969389
5163.000000;0.979936
5162.000000;0.978598
5161.000000;0.966574
5160.000000;0.946884
5159.000000;0.927348
5158.000000;0.918773
5157.000000;0.926087
5156.000000;0.944672
5155.000000;0.964926
5154.000000;0.979952
5153.000000;0.989426
5152.000000;0.997317
5151.000000;1.008786
5150.000000;1.027368
5149.000000;1.051288
5148.000000;1.073697
5147.000000;1.087471
5146.000000;1.088687
5145.000000;1.077191
5144.000000;1.055897
5143.000000;1.031089
5142.000000;1.011113
5141.000000;1.001267
5140.000000;1.001498
5139.000000;1.008125
5138.000000;1.014380
5137.000000;1.012961
5136.000000;1.003151
5135.000000;0.990766
5134.000000;0.980762
5133.000000;0.974919
5132.000000;0.974133
5131.000000;0.979504
5130.000000;0.990205
5129.000000;1.001427
5128.000000;1.008510
5127.000000;1.012201
5126.000000;1.014085
5125.000000;1.010609
5124.000000;0.998184
5123.000000;0.981068
5122.000000;0.968620
5121.000000;0.965994
5120.000000;0.971262
5119.000000;0.981793
5118.000000;0.999918
5117.000000;1.027731
5116.000000;1.057740
5115.000000;1.074452
5114.000000;1.069020
5113.000000;1.048366
5112.000000;1.025601
5111.000000;1.008984
5110.000000;1.000676
5109.000000;0.998482
5108.000000;0.997281
5107.000000;0.992236
5106.000000;0.982585
5105.000000;0.971887
5104.000000;0.963774
5103.000000;0.957421
5102.000000;0.949294
5101.000000;0.940030
5100.000000;0.935740
5099.000000;0.939554
5098.000000;0.942809
5097.000000;0.932254
5096.000000;0.911361
5095.000000;0.901105
5094.000000;0.916930
5093.000000;0.953722
5092.000000;0.989573
5091.000000;1.006896
5090.000000;1.008456
5089.000000;1.004575
5088.000000;0.998790
5087.000000;0.992022
5086.000000;0.987907
5085.000000;0.988743
5084.000000;0.990889
5083.000000;0.988712
5082.000000;0.980736
5081.000000;0.967654
5080.000000;0.949737
5079.000000;0.931572
5078.000000;0.922822
5077.000000;0.929057
5076.000000;0.944602
5075.000000;0.957005
5074.000000;0.959649
5073.000000;0.957410
5072.000000;0.958376
5071.000000;0.964995
5070.000000;0.974475
5069.000000;0.982964
5068.000000;0.986306
5067.000000;0.979739
5066.000000;0.960029
5065.000000;0.931251
5064.000000;0.905983
5063.000000;0.892278
5062.000000;0.885425
5061.000000;0.877629
5060.000000;0.869466
5059.000000;0.867627
5058.000000;0.875258
5057.000000;0.888118
5056.000000;0.900116
5055.000000;0.910106
5054.000000;0.920820
5053.000000;0.933911
5052.000000;0.947897
5051.000000;0.957814
5050.000000;0.956606
5049.000000;0.941268
5048.000000;0.918715
5047.000000;0.901311
5046.000000;0.895344
5045.000000;0.896543
5044.000000;0.898187
5043.000000;0.901319
5042.000000;0.911880
5041.000000;0.929116
5040.000000;0.942046
5039.000000;0.940612
5038.000000;0.928397
5037.000000;0.916930
5036.000000;0.914073
5035.000000;0.922248
5034.000000;0.938057
5033.000000;0.952920
5032.000000;0.959640
5031.000000;0.957303
5030.000000;0.948286
5029.000000;0.933714
5028.000000;0.914854
5027.000000;0.897089
5026.000000;0.887970
5025.000000;0.890552
5024.000000;0.899051
5023.000000;0.902012
5022.000000;0.893544
5021.000000;0.878696
5020.000000;0.865961
5019.000000;0.859848
5018.000000;0.859364
5017.000000;0.860702
5016.000000;0.861145
5015.000000;0.859566
5014.000000;0.854874
5013.000000;0.847262
5012.000000;0.840081
5011.000000;0.836989
5010.000000;0.837156
5009.000000;0.836765
5008.000000;0.835877
5007.000000;0.839251
5006.000000;0.848385
5005.000000;0.856863
5004.000000;0.857417
5003.000000;0.851010
5002.000000;0.843982
5001.000000;0.838775
5000.000000;0.831036
4999.000000;0.816139
4998.000000;0.796605
4997.000000;0.779516
4996.000000;0.769581
4995.000000;0.767564
4994.000000;0.771065
4993.000000;0.774951
4992.000000;0.774268
4991.000000;0.768708
4990.000000;0.762314
4989.000000;0.757982
4988.000000;0.755030
4987.000000;0.751649
4986.000000;0.746978
4985.000000;0.741096
4984.000000;0.733990
4983.000000;0.725709
4982.000000;0.717562
4981.000000;0.711495
4980.000000;0.708777
4979.000000;0.709305
4978.000000;0.710160
4977.000000;0.705710
4976.000000;0.692602
4975.000000;0.674891
4974.000000;0.661190
4973.000000;0.657034
4972.000000;0.661406
4971.000000;0.669017
4970.000000;0.674740
4969.000000;0.676767
4968.000000;0.676245
4967.000000;0.673733
4966.000000;0.666539
4965.000000;0.650857
4964.000000;0.627528
4963.000000;0.603646
4962.000000;0.586927
4961.000000;0.580566
4960.000000;0.583045
4959.000000;0.590161
4958.000000;0.596250
4957.000000;0.595583
4956.000000;0.586008
4955.000000;0.571467
4954.000000;0.558944
4953.000000;0.552660
4952.000000;0.551423
4951.000000;0.550594
4950.000000;0.545561
4949.000000;0.534862
4948.000000;0.522044
4947.000000;0.512943
4946.000000;0.509965
4945.000000;0.509450
4944.000000;0.504674
4943.000000;0.492580
4942.000000;0.477773
4941.000000;0.467647
4940.000000;0.464468
4939.000000;0.463299
4938.000000;0.456574
4937.000000;0.442184
4936.000000;0.426545
4935.000000;0.417696
4934.000000;0.417339
4933.000000;0.419722
4932.000000;0.417157
4931.000000;0.407170
4930.000000;0.393966
4929.000000;0.383108
4928.000000;0.376264
4927.000000;0.370556
4926.000000;0.361719
4925.000000;0.348588
4924.000000;0.334904
4923.000000;0.326222
4922.000000;0.324836
4921.000000;0.327688
4920.000000;0.329435
4919.000000;0.326878
4918.000000;0.319912
4917.000000;0.309928
4916.000000;0.298715
4915.000000;0.287855
4914.000000;0.277938
4913.000000;0.268752
4912.000000;0.260846
4911.000000;0.255761
4910.000000;0.253680
4909.000000;0.251861
4908.000000;0.246921
4907.000000;0.238287
4906.000000;0.228014
4905.000000;0.218050
4904.000000;0.209384
4903.000000;0.202855
4902.000000;0.198515
4901.000000;0.194229
4900.000000;0.186864
4899.000000;0.175783
4898.000000;0.163912
4897.000000;0.154465
4896.000000;0.147798
4895.000000;0.142037
4894.000000;0.135577
4893.000000;0.128248
4892.000000;0.120783
4891.000000;0.113976
4890.000000;0.108238
4889.000000;0.103423
4888.000000;0.098893
4887.000000;0.093882
4886.000000;0.087934
4885.000000;0.081352
4884.000000;0.075342
4883.000000;0.071428
4882.000000;0.070461
4881.000000;0.072018
4880.000000;0.074530
4879.000000;0.075818
4878.000000;0.073787
4877.000000;0.067585
4876.000000;0.058578
4875.000000;0.049562
4874.000000;0.042685
4873.000000;0.038353
4872.000000;0.035930
4871.000000;0.034864
4870.000000;0.034960
4869.000000;0.035933
4868.000000;0.036944
4867.000000;0.036684
4866.000000;0.034456
4865.000000;0.031425
4864.000000;0.030101
4863.000000;0.032055
4862.000000;0.036412
4861.000000;0.041050
4860.000000;0.044855
4859.000000;0.047847
4858.000000;0.049736
4857.000000;0.049965
4856.000000;0.049208
4855.000000;0.049416
4854.000000;0.051827
4853.000000;0.055735
4852.000000;0.059626
4851.000000;0.062849
4850.000000;0.065693
4849.000000;0.068298
4848.000000;0.070314
4847.000000;0.071695
4846.000000;0.073316
4845.000000;0.076279
4844.000000;0.080465
4843.000000;0.084164
4842.000000;0.085733
4841.000000;0.085632
4840.000000;0.086226
4839.000000;0.089453
4838.000000;0.095184
4837.000000;0.101792
4836.000000;0.107538
4835.000000;0.111265
4834.000000;0.112640
4833.000000;0.112561
4832.000000;0.112891
4831.000000;0.115054
4830.000000;0.118994
4829.000000;0.123739
4828.000000;0.128503
4827.000000;0.132842
4826.000000;0.136317
4825.000000;0.138820
4824.000000;0.141009
4823.000000;0.143753
4822.000000;0.147213
4821.000000;0.150978
4820.000000;0.154916
4819.000000;0.159244
4818.000000;0.163718
4817.000000;0.167411
4816.000000;0.169575
4815.000000;0.170488
4814.000000;0.171284
4813.000000;0.173095
4812.000000;0.176337
4811.000000;0.180497
4810.000000;0.184559
4809.000000;0.187823
4808.000000;0.190441
4807.000000;0.193177
4806.000000;0.196610
4805.000000;0.200599
4804.000000;0.204366
4803.000000;0.207118
4802.000000;0.208831
4801.000000;0.210440
4800.000000;0.212998
4799.000000;0.216621
4798.000000;0.220501
4797.000000;0.223959
4796.000000;0.227064
4795.000000;0.230093
4794.000000;0.232905
4793.000000;0.235181
4792.000000;0.236919
4791.000000;0.238405
4790.000000;0.240040
4789.000000;0.242473
4788.000000;0.246375
4787.000000;0.251489
4786.000000;0.256248
4785.000000;0.259126
4784.000000;0.260443
4783.000000;0.262182
4782.000000;0.265792
4781.000000;0.270605
4780.000000;0.274509
4779.000000;0.276023
4778.000000;0.275688
4777.000000;0.275393
4776.000000;0.276492
4775.000000;0.278744
4774.000000;0.280934
4773.000000;0.282382
4772.000000;0.283686
4771.000000;0.285944
4770.000000;0.289509
4769.000000;0.293688
4768.000000;0.297468
4767.000000;0.300268
4766.000000;0.302119
4765.000000;0.303390
4764.000000;0.304403
4763.000000;0.305236
4762.000000;0.305955
4761.000000;0.307014
4760.000000;0.309070
4759.000000;0.312183
4758.000000;0.315456
4757.000000;0.317783
4756.000000;0.318928
4755.000000;0.319711
4754.000000;0.321189
4753.000000;0.323798
4752.000000;0.327078
4751.000000;0.330051
4750.000000;0.331989
4749.000000;0.333046
4748.000000;0.334047
4747.000000;0.335567
4746.000000;0.337381
4745.000000;0.338934
4744.000000;0.340171
4743.000000;0.341621
4742.000000;0.343735
4741.000000;0.346355
4740.000000;0.348802
4739.000000;0.350440
4738.000000;0.351254
4737.000000;0.351909
4736.000000;0.353126
4735.000000;0.354980
4734.000000;0.356929
4733.000000;0.358517
4732.000000;0.359794
4731.000000;0.360912
4730.000000;0.361695
4729.000000;0.362007
4728.000000;0.362334
4727.000000;0.363546
4726.000000;0.366059
4725.000000;0.369400
4724.000000;0.372555
4723.000000;0.374643
4722.000000;0.375446
4721.000000;0.375518
4720.000000;0.375730
4719.000000;0.376533
4718.000000;0.377709
4717.000000;0.378883
4716.000000;0.380099
4715.000000;0.381645
4714.000000;0.383508
4713.000000;0.385298
4712.000000;0.386691
4711.000000;0.387696
4710.000000;0.388536
4709.000000;0.389466
4708.000000;0.390611
4707.000000;0.391799
4706.000000;0.392624
4705.000000;0.392911
4704.000000;0.393030
4703.000000;0.393521
4702.000000;0.394491
4701.000000;0.395643
4700.000000;0.396800
4699.000000;0.398081
4698.000000;0.399543
4697.000000;0.400986
4696.000000;0.402203
4695.000000;0.403192
4694.000000;0.404022
4693.000000;0.404716
4692.000000;0.405372
4691.000000;0.406244
4690.000000;0.407542
4689.000000;0.409186
4688.000000;0.410776
4687.000000;0.411792
4686.000000;0.411953
4685.000000;0.411518
4684.000000;0.411196
4683.000000;0.411586
4682.000000;0.412666
4681.000000;0.413869
4680.000000;0.414694
4679.000000;0.415194
4678.000000;0.415820
4677.000000;0.416878
4676.000000;0.418180
4675.000000;0.419229
4674.000000;0.419763
4673.000000;0.420102
4672.000000;0.420882
4671.000000;0.422447
4670.000000;0.424555
4669.000000;0.426663
4668.000000;0.428352
4667.000000;0.429474
4666.000000;0.430096
4665.000000;0.430473
4664.000000;0.430979
4663.000000;0.431876
4662.000000;0.433105
4661.000000;0.434327
4660.000000;0.435135
4659.000000;0.435303
4658.000000;0.435036
4657.000000;0.434968
4656.000000;0.435636
4655.000000;0.436841
4654.000000;0.437766
4653.000000;0.437914
4652.000000;0.437678
4651.000000;0.437762
4650.000000;0.438337
4649.000000;0.439073
4648.000000;0.439787
4647.000000;0.440652
4646.000000;0.441777
4645.000000;0.442919
4644.000000;0.443687
4643.000000;0.443890
4642.000000;0.443683
4641.000000;0.443514
4640.000000;0.443841
4639.000000;0.444701
4638.000000;0.445613
4637.000000;0.446075
4636.000000;0.446084
4635.000000;0.446021
4634.000000;0.446205
4633.000000;0.446849
4632.000000;0.448245
4631.000000;0.450526
4630.000000;0.453176
4629.000000;0.455200
4628.000000;0.455978
4627.000000;0.455770
4626.000000;0.455268
4625.000000;0.454918
4624.000000;0.454844
4623.000000;0.455143
4622.000000;0.455911
4621.000000;0.457004
4620.000000;0.457975
4619.000000;0.458378
4618.000000;0.458136
4617.000000;0.457616
4616.000000;0.457371
4615.000000;0.457769
4614.000000;0.458817
4613.000000;0.460217
4612.000000;0.461521
4611.000000;0.462324
4610.000000;0.462546
4609.000000;0.462543
4608.000000;0.462735
4607.000000;0.463060
4606.000000;0.463076
4605.000000;0.462715
4604.000000;0.462617
4603.000000;0.463417
4602.000000;0.464909
4601.000000;0.466241
4600.000000;0.466838
4599.000000;0.466819
4598.000000;0.466569
4597.000000;0.466317
4596.000000;0.466193
4595.000000;0.466334
4594.000000;0.466776
4593.000000;0.467437
4592.000000;0.468233
4591.000000;0.469068
4590.000000;0.469718
4589.000000;0.469983
4588.000000;0.469971
4587.000000;0.470018
4586.000000;0.470309
4585.000000;0.470771
4584.000000;0.471298
4583.000000;0.471835
4582.000000;0.472225
4581.000000;0.472306
4580.000000;0.472265
4579.000000;0.472597
4578.000000;0.473510
4577.000000;0.474579
4576.000000;0.475154
4575.000000;0.475029
4574.000000;0.474536
4573.000000;0.474090
4572.000000;0.473854
4571.000000;0.473782
4570.000000;0.473859
4569.000000;0.474206
4568.000000;0.474947
4567.000000;0.475976
4566.000000;0.476931
4565.000000;0.477510
4564.000000;0.477757
4563.000000;0.477927
4562.000000;0.478165
4561.000000;0.478470
4560.000000;0.478894
4559.000000;0.479488
4558.000000;0.480034
4557.000000;0.480115
4556.000000;0.479584
4555.000000;0.478793
4554.000000;0.478228
4553.000000;0.478061
4552.000000;0.478143
4551.000000;0.478280
4550.000000;0.478370
4549.000000;0.478367
4548.000000;0.478296
4547.000000;0.478323
4546.000000;0.478714
4545.000000;0.479613
4544.000000;0.480791
4543.000000;0.481657
4542.000000;0.481706
4541.000000;0.481077
4540.000000;0.480504
4539.000000;0.480546
4538.000000;0.480988
4537.000000;0.481204
4536.000000;0.480969
4535.000000;0.480627
4534.000000;0.480500
4533.000000;0.480507
4532.000000;0.480439
4531.000000;0.480277
4530.000000;0.480113
4529.000000;0.480006
4528.000000;0.480071
4527.000000;0.480492
4526.000000;0.481293
4525.000000;0.482259
4524.000000;0.483210
4523.000000;0.484150
4522.000000;0.485004
4521.000000;0.485399
4520.000000;0.484992
4519.000000;0.483913
4518.000000;0.482705
4517.000000;0.481869
4516.000000;0.481607
4515.000000;0.481882
4514.000000;0.482517
4513.000000;0.483257
4512.000000;0.483902
4511.000000;0.484412
4510.000000;0.484830
4509.000000;0.485150
4508.000000;0.485327
4507.000000;0.485347
4506.000000;0.485216
4505.000000;0.484946
4504.000000;0.484668
4503.000000;0.484661
4502.000000;0.485069
4501.000000;0.485579
4500.000000;0.485622
4499.000000;0.485044
4498.000000;0.484422
4497.000000;0.484468
4496.000000;0.485159
4495.000000;0.485666
4494.000000;0.485266
4493.000000;0.484162
4492.000000;0.483182
4491.000000;0.482820
4490.000000;0.482878
4489.000000;0.483000
4488.000000;0.483168
4487.000000;0.483511
4486.000000;0.483914
4485.000000;0.484163
4484.000000;0.484322
4483.000000;0.484669
4482.000000;0.485223
4481.000000;0.485610
4480.000000;0.485497
4479.000000;0.485045
4478.000000;0.484834
4477.000000;0.485372
4476.000000;0.486608
4475.000000;0.487853
4474.000000;0.488262
4473.000000;0.487544
4472.000000;0.486188
4471.000000;0.484923
4470.000000;0.484110
4469.000000;0.483751
4468.000000;0.483871
4467.000000;0.484533
4466.000000;0.485487
4465.000000;0.486111
4464.000000;0.485878
4463.000000;0.484829
4462.000000;0.483596
4461.000000;0.483022
4460.000000;0.483635
4459.000000;0.485248
4458.000000;0.487011
4457.000000;0.488038
4456.000000;0.488055
4455.000000;0.487358
4454.000000;0.486290
4453.000000;0.485076
4452.000000;0.484107
4451.000000;0.483939
4450.000000;0.484768
4449.000000;0.486081
4448.000000;0.487060
4447.000000;0.487335
4446.000000;0.487230
4445.000000;0.487260
4444.000000;0.487504
4443.000000;0.487540
4442.000000;0.487023
4441.000000;0.486229
4440.000000;0.485856
4439.000000;0.486254
4438.000000;0.487055
4437.000000;0.487663
4436.000000;0.487905
4435.000000;0.488003
4434.000000;0.488127
4433.000000;0.488355
4432.000000;0.488892
4431.000000;0.489857
4430.000000;0.490811
4429.000000;0.490921
4428.000000;0.489753
4427.000000;0.487688
4426.000000;0.485531
4425.000000;0.484023
4424.000000;0.483670
4423.000000;0.484485
4422.000000;0.485655
4421.000000;0.485936
4420.000000;0.484859
4419.000000;0.483392
4418.000000;0.483035
4417.000000;0.484279
4416.000000;0.486115
4415.000000;0.487014
4414.000000;0.486289
4413.000000;0.484533
4412.000000;0.483003
4411.000000;0.482598
4410.000000;0.483204
4409.000000;0.483878
4408.000000;0.483723
4407.000000;0.482633
4406.000000;0.481193
4405.000000;0.480009
4404.000000;0.479279
4403.000000;0.479026
4402.000000;0.479487
4401.000000;0.481001
4400.000000;0.483393
4399.000000;0.485669
4398.000000;0.486599
4397.000000;0.485776
4396.000000;0.483926
4395.000000;0.482129
4394.000000;0.480945
4393.000000;0.480440
4392.000000;0.480689
4391.000000;0.481733
4390.000000;0.483021
4389.000000;0.483358
4388.000000;0.481780
4387.000000;0.478508
4386.000000;0.474897
4385.000000;0.472434
4384.000000;0.471747
4383.000000;0.472386
4382.000000;0.473364
4381.000000;0.473772
4380.000000;0.472937
4379.000000;0.470481
4378.000000;0.466670
4377.000000;0.462547
4376.000000;0.459398
4375.000000;0.457927
4374.000000;0.458030
4373.000000;0.459176
4372.000000;0.460623
4371.000000;0.461377
4370.000000;0.460609
4369.000000;0.458451
4368.000000;0.455999
4367.000000;0.454203
4366.000000;0.453057
4365.000000;0.452050
4364.000000;0.451014
4363.000000;0.450234
4362.000000;0.450002
4361.000000;0.450269
4360.000000;0.450406
4359.000000;0.449290
4358.000000;0.446469
4357.000000;0.443456
4356.000000;0.442844
4355.000000;0.445584
4354.000000;0.449557
4353.000000;0.451424
4352.000000;0.449924
4351.000000;0.446487
4350.000000;0.442706
4349.000000;0.438662
4348.000000;0.434071
4347.000000;0.429908
4346.000000;0.428023
4345.000000;0.429421
4344.000000;0.433124
4343.000000;0.436439
4342.000000;0.436651
4341.000000;0.433153
4340.000000;0.427953
4339.000000;0.423904
4338.000000;0.422558
4337.000000;0.423591
4336.000000;0.425627
4335.000000;0.427108
4334.000000;0.426740
4333.000000;0.423903
4332.000000;0.418791
4331.000000;0.412094
4330.000000;0.405063
4329.000000;0.400109
4328.000000;0.400178
4327.000000;0.406049
4326.000000;0.414215
4325.000000;0.418804
4324.000000;0.416755
4323.000000;0.410386
4322.000000;0.404279
4321.000000;0.400949
4320.000000;0.400144
4319.000000;0.400846
4318.000000;0.402547
4317.000000;0.404579
4316.000000;0.405371
4315.000000;0.403458
4314.000000;0.399194
4313.000000;0.394682
4312.000000;0.391711
4311.000000;0.390099
4310.000000;0.388346
4309.000000;0.385623
4308.000000;0.382585
4307.000000;0.380534
4306.000000;0.380452
4305.000000;0.382386
4304.000000;0.384609
4303.000000;0.383601
4302.000000;0.376943
4301.000000;0.367065
4300.000000;0.360034
4299.000000;0.359673
4298.000000;0.363862
4297.000000;0.367068
4296.000000;0.366123
4295.000000;0.362213
4294.000000;0.357639
4293.000000;0.352953
4292.000000;0.347744
4291.000000;0.343014
4290.000000;0.341563
4289.000000;0.345521
4288.000000;0.353853
4287.000000;0.362247
4286.000000;0.366418
4285.000000;0.366456
4284.000000;0.365925
4283.000000;0.366890
4282.000000;0.368482
4281.000000;0.370111
4280.000000;0.373106
4279.000000;0.377377
4278.000000;0.379330
4277.000000;0.376627
4276.000000;0.373214
4275.000000;0.376253
4274.000000;0.388621
4273.000000;0.405675
4272.000000;0.418892
4271.000000;0.422123
4270.000000;0.415158
4269.000000;0.403144
4268.000000;0.394183
4267.000000;0.396465
4266.000000;0.413475
4265.000000;0.439582
4264.000000;0.462345
4263.000000;0.471614
4262.000000;0.466858
4261.000000;0.456676
4260.000000;0.451384
4259.000000;0.455857
4258.000000;0.468596
4257.000000;0.485050
4256.000000;0.500901
4255.000000;0.513328
4254.000000;0.521623
4253.000000;0.528582
4252.000000;0.539449
4251.000000;0.556326
4250.000000;0.574532
4249.000000;0.587371
4248.000000;0.594313
4247.000000;0.600432
4246.000000;0.607223
4245.000000;0.608648
4244.000000;0.599103
4243.000000;0.583300
4242.000000;0.573105
4241.000000;0.577556
4240.000000;0.598744
4239.000000;0.630515
4238.000000;0.660314
4237.000000;0.679359
4236.000000;0.690107
4235.000000;0.700803
4234.000000;0.715696
4233.000000;0.732345
4232.000000;0.747100
4231.000000;0.756907
4230.000000;0.756362
4229.000000;0.743433
4228.000000;0.726957
4227.000000;0.719552
4226.000000;0.725408
4225.000000;0.738599
4224.000000;0.752275
4223.000000;0.766312
4222.000000;0.783486
4221.000000;0.801931
4220.000000;0.815641
4219.000000;0.821319
4218.000000;0.823131
4217.000000;0.830183
4216.000000;0.849286
4215.000000;0.880100
4214.000000;0.915803
4213.000000;0.949177
4212.000000;0.978024
4211.000000;1.005132
4210.000000;1.032299
4209.000000;1.050821
4208.000000;1.046957
4207.000000;1.022780
4206.000000;0.989803
4205.000000;0.956588
4204.000000;0.935305
4203.000000;0.936142
4202.000000;0.960435
4201.000000;1.005682
4200.000000;1.067130
4199.000000;1.128969
4198.000000;1.160106
4197.000000;1.138193
4196.000000;1.081482
4195.000000;1.029380
4194.000000;1.006644
4193.000000;1.021945
4192.000000;1.078711
4191.000000;1.176695
4190.000000;1.297200
4189.000000;1.387838
4188.000000;1.386845
4187.000000;1.299313
4186.000000;1.204326
4185.000000;1.150488
4184.000000;1.139011
4183.000000;1.151428
4182.000000;1.169021
4181.000000;1.184316
4180.000000;1.194571
4179.000000;1.201284
4178.000000;1.214639
4177.000000;1.247783
4176.000000;1.309162
4175.000000;1.387696
4174.000000;1.432855
4173.000000;1.401313
4172.000000;1.325039
4171.000000;1.253713
4170.000000;1.209989
4169.000000;1.198680
4168.000000;1.216068
4167.000000;1.242005
4166.000000;1.258288
4165.000000;1.290629
4164.000000;1.375310
4163.000000;1.495855
4162.000000;1.555869
4161.000000;1.537723
4160.000000;1.536404
4159.000000;1.585532
4158.000000;1.624987
4157.000000;1.583132
4156.000000;1.526780
4155.000000;1.511547
4154.000000;1.527000
4153.000000;1.529235
4152.000000;1.488408
4151.000000;1.435354
4150.000000;1.406814
4149.000000;1.403888
4148.000000;1.411726
4147.000000;1.427471
4146.000000;1.456328
4145.000000;1.505837
4144.000000;1.594099
4143.000000;1.695118
4142.000000;1.714790
4141.000000;1.694701
4140.000000;1.665919
4139.000000;1.623487
4138.000000;1.632665
4137.000000;1.714833
4136.000000;1.814853
4135.000000;1.838397
4134.000000;1.714894
4133.000000;1.534600
4132.000000;1.416074
4131.000000;1.378707
4130.000000;1.417749
4129.000000;1.514548
4128.000000;1.614438
4127.000000;1.631850
4126.000000;1.564597
4125.000000;1.489371
4124.000000;1.445694
4123.000000;1.437123
4122.000000;1.460722
4121.000000;1.511813
4120.000000;1.570937
4119.000000;1.602287
4118.000000;1.596534
4117.000000;1.582504
4116.000000;1.596187
4115.000000;1.652874
4114.000000;1.713485
4113.000000;1.714904
4112.000000;1.668588
4111.000000;1.617476
4110.000000;1.563504
4109.000000;1.508272
4108.000000;1.478340
4107.000000;1.506273
4106.000000;1.620410
4105.000000;1.889622
4104.000000;2.412158
4103.000000;2.163747
4102.000000;1.853339
4101.000000;1.754508
4100.000000;1.740578
4099.000000;1.828461
4098.000000;2.205051
4097.000000;2.302238
4096.000000;1.826099
4095.000000;1.613862
4094.000000;1.543747
4093.000000;1.576846
4092.000000;1.657524
4091.000000;1.705713
4090.000000;1.784675
4089.000000;1.992429
4088.000000;2.145401
4087.000000;1.990226
4086.000000;1.885718
4085.000000;1.830668
4084.000000;1.829722
4083.000000;1.910494
4082.000000;2.080245
4081.000000;2.496834
4080.000000;2.389131
4079.000000;1.948031
4078.000000;1.900664
4077.000000;1.982967
4076.000000;2.516844
4075.000000;2.683147
4074.000000;2.136841
4073.000000;2.087159
4072.000000;2.177370
4071.000000;2.386373
4070.000000;2.140894
4069.000000;1.926330
4068.000000;1.903166
4067.000000;2.045812
4066.000000;2.507767
4065.000000;2.878827
4064.000000;2.548398
4063.000000;2.319607
4062.000000;2.199411
4061.000000;2.328662
4060.000000;2.674290
4059.000000;2.364030
4058.000000;2.204198
4057.000000;2.165931
4056.000000;2.165345
4055.000000;2.138571
4054.000000;2.184353
4053.000000;2.385912
4052.000000;2.535155
4051.000000;2.433865
4050.000000;2.174480
4049.000000;1.913692
4048.000000;1.792206
4047.000000;1.832498
4046.000000;2.059043
4045.000000;1.992704
4044.000000;1.815790
4043.000000;1.767576
4042.000000;1.757736
4041.000000;1.895489
4040.000000;2.052338
4039.000000;1.781265
4038.000000;1.615969
4037.000000;1.568958
4036.000000;1.574884
4035.000000;1.628048
4034.000000;1.738330
4033.000000;1.914680
4032.000000;2.103520
4031.000000;2.114296
4030.000000;1.989395
4029.000000;1.816141
4028.000000;1.657136
4027.000000;1.585405
4026.000000;1.642697
4025.000000;1.889942
4024.000000;1.897799
4023.000000;1.653871
4022.000000;1.576847
4021.000000;1.554304
4020.000000;1.551322
4019.000000;1.552992
4018.000000;1.550938
4017.000000;1.551422
4016.000000;1.578187
4015.000000;1.644915
4014.000000;1.747946
4013.000000;1.952208
4012.000000;2.277020
4011.000000;2.204884
4010.000000;2.339314
4009.000000;2.005815
4008.000000;1.697298
4007.000000;1.644609
4006.000000;1.777904
4005.000000;2.061699
4004.000000;2.166559
4003.000000;1.861627
4002.000000;1.607094
4001.000000;1.488890
4000.000000;1.488343
3999.000000;1.564800
3998.000000;1.653137
3997.000000;1.700195
3996.000000;1.703785
3995.000000;1.653009
3994.000000;1.539522
3993.000000;1.437004
3992.000000;1.396158
3991.000000;1.416992
3990.000000;1.457627
3989.000000;1.446749
3988.000000;1.384338
3987.000000;1.338087
3986.000000;1.342099
3985.000000;1.381470
3984.000000;1.420653
3983.000000;1.442755
3982.000000;1.447262
3981.000000;1.430096
3980.000000;1.419121
3979.000000;1.465858
3978.000000;1.621637
3977.000000;1.823694
3976.000000;1.779172
3975.000000;1.852787
3974.000000;2.088485
3973.000000;1.750298
3972.000000;1.507063
3971.000000;1.431265
3970.000000;1.456255
3969.000000;1.608867
3968.000000;1.848244
3967.000000;1.822340
3966.000000;1.755679
3965.000000;1.943702
3964.000000;2.432532
3963.000000;2.070522
3962.000000;1.841692
3961.000000;1.847535
3960.000000;1.839889
3959.000000;1.860559
3958.000000;2.037939
3957.000000;2.653734
3956.000000;2.517202
3955.000000;2.115863
3954.000000;1.958029
3953.000000;2.045162
3952.000000;2.346805
3951.000000;2.197367
3950.000000;1.974578
3949.000000;2.022930
3948.000000;2.252816
3947.000000;2.041480
3946.000000;1.833723
3945.000000;1.756396
3944.000000;1.724881
3943.000000;1.933143
3942.000000;2.281829
3941.000000;1.807413
3940.000000;1.549671
3939.000000;1.493707
3938.000000;1.594725
3937.000000;1.829719
3936.000000;1.934436
3935.000000;1.967346
3934.000000;2.255726
3933.000000;2.269231
3932.000000;1.900331
3931.000000;1.833074
3930.000000;2.006474
3929.000000;2.128998
3928.000000;1.979806
3927.000000;1.787625
3926.000000;1.618264
3925.000000;1.536816
3924.000000;1.558090
3923.000000;1.613294
3922.000000;1.640097
3921.000000;1.670660
3920.000000;1.690713
3919.000000;1.644997
3918.000000;1.574885
3917.000000;1.573673
3916.000000;1.628444
3915.000000;1.737961
3914.000000;2.181338
3913.000000;2.099698
3912.000000;1.608678
3911.000000;1.417263
3910.000000;1.310630
3909.000000;1.333540
3908.000000;1.536141
3907.000000;1.679274
3906.000000;1.382998
3905.000000;1.198539
3904.000000;1.296474
3903.000000;1.524841
3902.000000;1.520329
3901.000000;1.500925
3900.000000;1.684091
3899.000000;1.882806
3898.000000;1.659110
3897.000000;1.694525
3896.000000;2.143773
3895.000000;2.363774
3894.000000;2.105093
3893.000000;1.892231
3892.000000;2.025500
3891.000000;2.031577
3890.000000;1.981971
3889.000000;1.898612
3888.000000;1.720120
3887.000000;1.643028
3886.000000;1.624657
3885.000000;1.631446
3884.000000;1.701830
3883.000000;1.900740
3882.000000;2.109012
3881.000000;2.053699
3880.000000;2.040528
3879.000000;2.281704
3878.000000;2.145543
3877.000000;1.826545
3876.000000;1.708624
3875.000000;1.792212
3874.000000;2.230662
3873.000000;2.098645
3872.000000;1.749183
3871.000000;1.707433
3870.000000;1.797683
3869.000000;1.877271
3868.000000;1.926175
3867.000000;1.953970
3866.000000;1.767829
3865.000000;1.594519
3864.000000;1.553534
3863.000000;1.605815
3862.000000;1.688277
3861.000000;1.709848
3860.000000;1.695611
3859.000000;1.697580
3858.000000;1.805075
3857.000000;2.193813
3856.000000;2.010816
3855.000000;1.731781
3854.000000;1.669539
3853.000000;1.658796
3852.000000;1.721931
3851.000000;2.011626
3850.000000;2.362873
3849.000000;1.845099
3848.000000;1.710268
3847.000000;1.787395
3846.000000;1.820576
3845.000000;1.647327
3844.000000;1.426378
3843.000000;1.318671
3842.000000;1.336058
3841.000000;1.532258
3840.000000;2.026206
3839.000000;1.919988
3838.000000;1.619030
3837.000000;1.601744
3836.000000;1.610467
3835.000000;1.598734
3834.000000;1.586305
3833.000000;1.593387
3832.000000;1.612875
3831.000000;1.656822
3830.000000;1.774532
3829.000000;2.011894
3828.000000;2.367179
3827.000000;2.464913
3826.000000;2.105874
3825.000000;1.879237
3824.000000;1.775583
3823.000000;1.880652
3822.000000;2.467932
3821.000000;1.982547
3820.000000;1.649947
3819.000000;1.568096
3818.000000;1.594898
3817.000000;1.729649
3816.000000;1.925685
3815.000000;2.205272
3814.000000;2.303440
3813.000000;1.942622
3812.000000;1.696441
3811.000000;1.590389
3810.000000;1.569138
3809.000000;1.611030
3808.000000;1.718990
3807.000000;1.753433
3806.000000;1.651127
3805.000000;1.586494
3804.000000;1.560999
3803.000000;1.544016
3802.000000;1.612860
3801.000000;1.818483
3800.000000;1.792049
3799.000000;1.604154
3798.000000;1.556433
3797.000000;1.628406
3796.000000;1.831943
3795.000000;2.240876
3794.000000;2.365744
3793.000000;2.034752
3792.000000;1.797762
3791.000000;1.629096
3790.000000;1.548103
3789.000000;1.576302
3788.000000;1.705409
3787.000000;1.875414
3786.000000;1.942286
3785.000000;1.730330
3784.000000;1.553426
3783.000000;1.502084
3782.000000;1.500057
3781.000000;1.506419
3780.000000;1.601137
3779.000000;2.050837
3778.000000;2.350574
3777.000000;1.843289
3776.000000;1.649076
3775.000000;1.586338
3774.000000;1.723056
3773.000000;2.320260
3772.000000;2.020817
3771.000000;1.975390
3770.000000;2.206634
3769.000000;2.222354
3768.000000;2.096310
3767.000000;1.923245
3766.000000;1.928039
3765.000000;2.015753
3764.000000;1.922861
3763.000000;1.646083
3762.000000;1.489044
3761.000000;1.469399
3760.000000;1.568836
3759.000000;1.709572
3758.000000;1.786335
3757.000000;1.733312
3756.000000;1.571796
3755.000000;1.474760
3754.000000;1.513045
3753.000000;1.703333
3752.000000;1.953946
3751.000000;1.865712
3750.000000;1.884886
3749.000000;2.155151
3748.000000;1.838068
3747.000000;1.617517
3746.000000;1.699368
3745.000000;2.121227
3744.000000;2.043285
3743.000000;1.682539
3742.000000;1.559131
3741.000000;1.500418
3740.000000;1.452507
3739.000000;1.393972
3738.000000;1.368310
3737.000000;1.430949
3736.000000;1.614395
3735.000000;1.767184
3734.000000;1.769522
3733.000000;1.910245
3732.000000;2.033391
3731.000000;1.899989
3730.000000;1.844485
3729.000000;1.849432
3728.000000;1.945059
3727.000000;2.173841
3726.000000;2.092757
3725.000000;1.858989
3724.000000;1.750351
3723.000000;1.636756
3722.000000;1.509183
3721.000000;1.457424
3720.000000;1.452685
3719.000000;1.422669
3718.000000;1.376231
3717.000000;1.443579
3716.000000;1.618766
3715.000000;1.603525
3714.000000;1.408782
3713.000000;1.358034
3712.000000;1.472914
3711.000000;1.412532
3710.000000;1.353831
3709.000000;1.492095
3708.000000;1.898018
3707.000000;1.937237
3706.000000;1.526061
3705.000000;1.436383
3704.000000;1.459050
3703.000000;1.523630
3702.000000;1.748478
3701.000000;1.823915
3700.000000;1.537294
3699.000000;1.410463
3698.000000;1.326369
3697.000000;1.515584
3696.000000;1.854820
3695.000000;2.147785
3694.000000;2.151191
3693.000000;1.611141
3692.000000;1.451958
3691.000000;1.479340
3690.000000;1.686044
3689.000000;1.736186
3688.000000;1.628695
3687.000000;1.691868
3686.000000;1.692900
3685.000000;1.559254
3684.000000;1.571970
3683.000000;1.696032
3682.000000;1.627694
3681.000000;1.539827
3680.000000;1.606564
3679.000000;1.944455
3678.000000;2.173266
3677.000000;1.744325
3676.000000;1.611426
3675.000000;1.615764
3674.000000;1.625783
3673.000000;1.542550
3672.000000;1.435374
3671.000000;1.419502
3670.000000;1.508053
3669.000000;1.749861
3668.000000;2.287921
3667.000000;2.422436
3666.000000;1.876184
3665.000000;1.639935
3664.000000;1.588927
3663.000000;1.727496
3662.000000;1.888266
3661.000000;1.672050
3660.000000;1.513980
3659.000000;1.492097
3658.000000;1.638521
3657.000000;1.916520
3656.000000;1.784413
3655.000000;1.688976
3654.000000;1.842268
3653.000000;2.026997
3652.000000;1.869671
3651.000000;1.670261
3650.000000;1.590214
3649.000000;1.530649
3648.000000;1.607324
3647.000000;1.559187
3646.000000;1.733894
3645.000000;1.812749
3644.000000;1.560266
3643.000000;1.562715
3642.000000;1.577120
3641.000000;1.615768
3640.000000;1.653360
3639.000000;1.861530
3638.000000;2.232318
3637.000000;2.086223
3636.000000;1.870709
3635.000000;1.901258
3634.000000;1.544221
3633.000000;1.256821
3632.000000;1.235582
3631.000000;1.257643
3630.000000;1.301603
3629.000000;1.285037
3628.000000;1.245429
3627.000000;1.339310
3626.000000;1.440498
3625.000000;1.592818
3624.000000;1.916302
3623.000000;2.125114
3622.000000;2.307991
3621.000000;2.445991
3620.000000;2.231021
3619.000000;1.644367
3618.000000;1.327424
3617.000000;1.302907
3616.000000;1.401647
3615.000000;1.632398
3614.000000;1.815098
3613.000000;1.591619
3612.000000;1.505879
3611.000000;1.530370
3610.000000;1.573364
3609.000000;1.571477
3608.000000;1.494342
3607.000000;1.532414
3606.000000;1.679588
3605.000000;1.691462
3604.000000;1.640535
3603.000000;1.718067
3602.000000;1.859236
3601.000000;1.657159
3600.000000;1.457511
3599.000000;1.456887
3598.000000;1.602792
3597.000000;1.953198
3596.000000;2.526796
3595.000000;2.259853
3594.000000;1.981099
3593.000000;1.809820
3592.000000;1.791575
3591.000000;2.091087
3590.000000;2.576051
3589.000000;2.342212
3588.000000;2.641803
3587.000000;2.134811
3586.000000;1.693998
3585.000000;1.610844
3584.000000;1.608687
3583.000000;1.583239
3582.000000;1.496330
3581.000000;1.421141
3580.000000;1.381848
3579.000000;1.357822
3578.000000;1.354441
3577.000000;1.396699
3576.000000;1.489813
3575.000000;1.530080
3574.000000;1.481932
3573.000000;1.497035
3572.000000;1.774418
3571.000000;2.170567
3570.000000;1.947632
3569.000000;1.790348
3568.000000;1.656655
3567.000000;1.568596
3566.000000;1.580316
3565.000000;1.685538
3564.000000;1.844076
3563.000000;1.973268
3562.000000;2.145086
3561.000000;2.313820
3560.000000;2.119710
3559.000000;2.100025
3558.000000;2.084481
3557.000000;1.800713
3556.000000;1.661789
3555.000000;1.630696
3554.000000;1.625168
3553.000000;1.629919
3552.000000;1.622743
3551.000000;1.593447
3550.000000;1.585587
3549.000000;1.627988
3548.000000;1.751225
3547.000000;1.874687
3546.000000;1.725540
3545.000000;1.603654
3544.000000;1.711668
3543.000000;1.863692
3542.000000;1.771104
3541.000000;1.742546
3540.000000;1.709726
3539.000000;1.603640
3538.000000;1.580215
3537.000000;1.673744
3536.000000;1.994656
3535.000000;2.178694
3534.000000;1.806087
3533.000000;1.593615
3532.000000;1.503148
3531.000000;1.492433
3530.000000;1.539003
3529.000000;1.622802
3528.000000;1.714442
3527.000000;1.749497
3526.000000;1.745002
3525.000000;1.742079
3524.000000;1.794053
3523.000000;1.910420
3522.000000;2.284639
3521.000000;2.361741
3520.000000;1.749902
3519.000000;1.495212
3518.000000;1.386347
3517.000000;1.375201
3516.000000;1.439323
3515.000000;1.530369
3514.000000;1.600337
3513.000000;1.591721
3512.000000;1.545836
3511.000000;1.508746
3510.000000;1.502622
3509.000000;1.520120
3508.000000;1.539263
3507.000000;1.561550
3506.000000;1.608835
3505.000000;1.690290
3504.000000;1.951353
3503.000000;2.170056
3502.000000;1.829703
3501.000000;1.774782
3500.000000;2.005766
3499.000000;2.122159
3498.000000;2.081281
3497.000000;2.137313
3496.000000;1.863963
3495.000000;1.519064
3494.000000;1.342890
3493.000000;1.300396
3492.000000;1.367388
3491.000000;1.505031
3490.000000;1.608700
3489.000000;1.612785
3488.000000;1.564535
3487.000000;1.521258
3486.000000;1.537106
3485.000000;1.631841
3484.000000;1.963739
3483.000000;2.384690
3482.000000;1.968598
3481.000000;1.840800
3480.000000;1.849573
3479.000000;1.857299
3478.000000;1.841442
3477.000000;1.749998
3476.000000;1.758760
3475.000000;1.886304
3474.000000;2.024671
3473.000000;2.154807
3472.000000;2.355292
3471.000000;2.568575
3470.000000;2.207722
3469.000000;1.994192
3468.000000;1.843065
3467.000000;2.004375
3466.000000;2.449387
3465.000000;1.712610
3464.000000;1.434371
3463.000000;1.372729
3462.000000;1.457332
3461.000000;1.833828
3460.000000;2.067757
3459.000000;1.823889
3458.000000;2.011056
3457.000000;1.978893
3456.000000;1.727647
3455.000000;1.650915
3454.000000;1.654373
3453.000000;1.731257
3452.000000;1.773858
3451.000000;2.167081
3450.000000;2.090116
3449.000000;1.675509
3448.000000;1.602628
3447.000000;1.867970
3446.000000;2.849504
3445.000000;2.454671
3444.000000;2.765247
3443.000000;2.136635
3442.000000;1.789796
3441.000000;1.694511
3440.000000;1.616132
3439.000000;1.603168
3438.000000;1.589948
3437.000000;1.584680
3436.000000;1.505202
3435.000000;1.409168
3434.000000;1.385736
3433.000000;1.491395
3432.000000;2.015327
3431.000000;2.157943
3430.000000;1.772604
3429.000000;1.828588
3428.000000;1.606184
3427.000000;1.420363
3426.000000;1.414439
3425.000000;1.517894
3424.000000;1.764176
3423.000000;2.309940
3422.000000;2.134855
3421.000000;1.853212
3420.000000;2.054284
3419.000000;2.112980
3418.000000;1.748723
3417.000000;1.600817
3416.000000;1.580908
3415.000000;1.613568
3414.000000;1.746038
3413.000000;1.949832
3412.000000;1.938797
3411.000000;1.813075
3410.000000;1.709266
3409.000000;1.578799
3408.000000;1.471868
3407.000000;1.379190
3406.000000;1.323905
3405.000000;1.354184
3404.000000;1.524085
3403.000000;1.881038
3402.000000;1.849429
3401.000000;1.741548
3400.000000;1.995190
3399.000000;1.759806
3398.000000;1.448303
3397.000000;1.348216
3396.000000;1.371590
3395.000000;1.499405
3394.000000;1.632438
3393.000000;1.702137
3392.000000;1.664540
3391.000000;1.540240
3390.000000;1.483172
3389.000000;1.517198
3388.000000;1.609488
3387.000000;1.661704
3386.000000;1.607711
3385.000000;1.597226
3384.000000;1.748538
3383.000000;1.846687
3382.000000;1.704941
3381.000000;1.659128
3380.000000;1.715241
3379.000000;1.996944
3378.000000;2.119340
3377.000000;1.675987
3376.000000;1.489479
3375.000000;1.461901
3374.000000;1.557726
3373.000000;1.685961
3372.000000;1.612583
3371.000000;1.458167
3370.000000;1.369653
3369.000000;1.363644
3368.000000;1.426321
3367.000000;1.518172
3366.000000;1.587214
3365.000000;1.648580
3364.000000;1.763601
3363.000000;1.917057
3362.000000;1.999096
3361.000000;1.975545
3360.000000;1.883631
3359.000000;1.804420
3358.000000;1.795701
3357.000000;1.814960
3356.000000;1.733990
3355.000000;1.582171
3354.000000;1.461391
3353.000000;1.378581
3352.000000;1.330452
3351.000000;1.328563
3350.000000;1.353606
3349.000000;1.343401
3348.000000;1.298182
3347.000000;1.305763
3346.000000;1.416866
3345.000000;1.663269
3344.000000;2.076849
3343.000000;2.055212
3342.000000;2.103553
3341.000000;2.340514
3340.000000;1.805393
3339.000000;1.617495
3338.000000;1.641224
3337.000000;1.691984
3336.000000;1.616106
3335.000000;1.483504
3334.000000;1.423464
3333.000000;1.405757
3332.000000;1.383165
3331.000000;1.357620
3330.000000;1.371138
3329.000000;1.435799
3328.000000;1.544066
3327.000000;1.627241
3326.000000;1.590627
3325.000000;1.545677
3324.000000;1.590028
3323.000000;1.769437
3322.000000;1.812526
3321.000000;1.668041
3320.000000;1.636784
3319.000000;1.794291
3318.000000;2.282743
3317.000000;1.941438
3316.000000;1.654017
3315.000000;1.668188
3314.000000;1.719548
3313.000000;1.594229
3312.000000;1.421325
3311.000000;1.344874
3310.000000;1.367403
3309.000000;1.506358
3308.000000;1.817984
3307.000000;2.127087
3306.000000;2.105533
3305.000000;2.079259
3304.000000;2.075496
3303.000000;2.216173
3302.000000;1.974461
3301.000000;1.706000
3300.000000;1.674216
3299.000000;1.876935
3298.000000;1.944567
3297.000000;1.653999
3296.000000;1.545450
3295.000000;1.572640
3294.000000;1.584665
3293.000000;1.444942
3292.000000;1.322534
3291.000000;1.315858
3290.000000;1.398486
3289.000000;1.543784
3288.000000;1.795452
3287.000000;1.962013
3286.000000;1.662561
3285.000000;1.456084
3284.000000;1.361671
3283.000000;1.341294
3282.000000;1.399730
3281.000000;1.588889
3280.000000;2.044367
3279.000000;2.409967
3278.000000;2.254680
3277.000000;1.815165
3276.000000;1.498216
3275.000000;1.403416
3274.000000;1.394985
3273.000000;1.396645
3272.000000;1.411646
3271.000000;1.442970
3270.000000;1.492017
3269.000000;1.547953
3268.000000;1.510465
3267.000000;1.408592
3266.000000;1.361999
3265.000000;1.378398
3264.000000;1.411033
3263.000000;1.402389
3262.000000;1.386718
3261.000000;1.437667
3260.000000;1.644221
3259.000000;1.962446
3258.000000;1.926536
3257.000000;1.814797
3256.000000;1.580808
3255.000000;1.392995
3254.000000;1.356308
3253.000000;1.457495
3252.000000;1.723397
3251.000000;1.888324
3250.000000;1.707158
3249.000000;1.646181
3248.000000;1.888912
3247.000000;2.157707
3246.000000;1.634976
3245.000000;1.398243
3244.000000;1.336882
3243.000000;1.404321
3242.000000;1.671944
3241.000000;1.937099
3240.000000;1.929178
3239.000000;2.181202
3238.000000;1.993109
3237.000000;1.766930
3236.000000;1.846764
3235.000000;2.100429
3234.000000;1.948082
3233.000000;1.648882
3232.000000;1.553602
3231.000000;1.683874
3230.000000;1.825404
3229.000000;1.521324
3228.000000;1.376170
3227.000000;1.411043
3226.000000;1.630919
3225.000000;1.842804
3224.000000;1.587436
3223.000000;1.518283
3222.000000;1.632843
3221.000000;1.651619
3220.000000;1.663906
3219.000000;1.778116
3218.000000;1.539859
3217.000000;1.364908
3216.000000;1.372244
3215.000000;1.445392
3214.000000;1.535628
3213.000000;1.650320
3212.000000;1.836983
3211.000000;1.989692
3210.000000;1.776991
3209.000000;1.556892
3208.000000;1.431454
3207.000000;1.374704
3206.000000;1.392760
3205.000000;1.535914
3204.000000;2.029144
3203.000000;1.875870
3202.000000;1.484712
3201.000000;1.371411
3200.000000;1.380261
3199.000000;1.465822
3198.000000;1.572366
3197.000000;1.677982
3196.000000;1.881887
3195.000000;2.238944
3194.000000;2.074710
3193.000000;1.680646
3192.000000;1.408051
3191.000000;1.237569
3190.000000;1.160961
3189.000000;1.163818
3188.000000;1.224065
3187.000000;1.266191
3186.000000;1.239906
3185.000000;1.227272
3184.000000;1.278661
3183.000000;1.383158
3182.000000;1.530658
3181.000000;1.750721
3180.000000;2.016901
3179.000000;1.927351
3178.000000;1.803229
3177.000000;1.841271
3176.000000;1.902024
3175.000000;2.135844
3174.000000;2.342779
3173.000000;1.798407
3172.000000;1.663305
3171.000000;1.680287
3170.000000;1.789702
3169.000000;2.161922
3168.000000;2.021326
3167.000000;1.675094
3166.000000;1.650190
3165.000000;1.663371
3164.000000;1.617898
3163.000000;1.613845
3162.000000;1.664185
3161.000000;1.679280
3160.000000;1.647563
3159.000000;1.678963
3158.000000;1.783699
3157.000000;1.958984
3156.000000;2.286360
3155.000000;2.025265
3154.000000;1.680715
3153.000000;1.502677
3152.000000;1.410044
3151.000000;1.398507
3150.000000;1.449108
3149.000000;1.597591
3148.000000;1.995087
3147.000000;1.872117
3146.000000;1.597783
3145.000000;1.572350
3144.000000;1.577871
3143.000000;1.528445
3142.000000;1.588961
3141.000000;1.982482
3140.000000;1.828504
3139.000000;1.411365
3138.000000;1.352296
3137.000000;1.480845
3136.000000;1.838804
3135.000000;1.805239
3134.000000;1.531070
3133.000000;1.460728
3132.000000;1.511391
3131.000000;1.837381
3130.000000;2.145250
3129.000000;1.801787
3128.000000;1.641749
3127.000000;1.569818
3126.000000;1.520274
3125.000000;1.532019
3124.000000;1.635500
3123.000000;1.800679
3122.000000;1.851376
3121.000000;1.694919
3120.000000;1.536600
3119.000000;1.492994
3118.000000;1.616219
3117.000000;2.014255
3116.000000;2.134420
3115.000000;1.845418
3114.000000;1.828929
3113.000000;1.783595
3112.000000;1.746857
3111.000000;1.792629
3110.000000;1.847922
3109.000000;1.734449
3108.000000;1.523197
3107.000000;1.401324
3106.000000;1.402646
3105.000000;1.512704
3104.000000;1.629355
3103.000000;1.718444
3102.000000;1.977754
3101.000000;1.743335
3100.000000;1.488301
3099.000000;1.506061
3098.000000;1.842136
3097.000000;1.970813
3096.000000;1.768208
3095.000000;1.995350
3094.000000;2.507885
3093.000000;1.969728
3092.000000;1.881787
3091.000000;1.787841
3090.000000;1.625039
3089.000000;1.502618
3088.000000;1.412279
3087.000000;1.350874
3086.000000;1.350752
3085.000000;1.454265
3084.000000;1.654845
3083.000000;1.725103
3082.000000;1.840904
3081.000000;2.162957
3080.000000;1.658956
3079.000000;1.384772
3078.000000;1.363100
3077.000000;1.468155
3076.000000;1.577305
3075.000000;1.568474
3074.000000;1.594139
3073.000000;1.767693
3072.000000;2.109372
3071.000000;2.708637
3070.000000;2.178009
3069.000000;2.001977
3068.000000;1.907255
3067.000000;1.689110
3066.000000;1.677711
3065.000000;2.032054
3064.000000;2.077165
3063.000000;1.649904
3062.000000;1.596191
3061.000000;1.761285
3060.000000;2.193233
3059.000000;1.958511
3058.000000;1.698032
3057.000000;1.753924
3056.000000;1.926636
3055.000000;1.719490
3054.000000;1.525657
3053.000000;1.581714
3052.000000;1.764894
3051.000000;1.631368
3050.000000;1.463213
3049.000000;1.468208
3048.000000;1.573844
3047.000000;1.667421
3046.000000;1.595634
3045.000000;1.467056
3044.000000;1.413145
3043.000000;1.453302
3042.000000;1.570628
3041.000000;1.708435
3040.000000;1.558780
3039.000000;1.324504
3038.000000;1.201212
3037.000000;1.164002
3036.000000;1.166993
3035.000000;1.171716
3034.000000;1.177779
3033.000000;1.217050
3032.000000;1.327751
3031.000000;1.537409
3030.000000;1.729718
3029.000000;1.790759
3028.000000;2.030825
3027.000000;2.103204
3026.000000;1.859313
3025.000000;1.719607
3024.000000;1.544402
3023.000000;1.432718
3022.000000;1.425293
3021.000000;1.460349
3020.000000;1.449887
3019.000000;1.383722
3018.000000;1.324328
3017.000000;1.346135
3016.000000;1.510473
3015.000000;2.029385
3014.000000;1.976149
3013.000000;1.706387
3012.000000;1.657041
3011.000000;1.556818
3010.000000;1.393055
3009.000000;1.248083
3008.000000;1.171520
3007.000000;1.200874
3006.000000;1.407522
3005.000000;1.925026
3004.000000;1.814480
3003.000000;1.551192
3002.000000;1.679222
3001.000000;2.004084
3000.000000;1.843398
2999.000000;1.642589
2998.000000;1.787379
2997.000000;2.177979
2996.000000;1.920905
2995.000000;1.687647
2994.000000;1.627306
2993.000000;1.583464
2992.000000;1.610228
2991.000000;1.776279
2990.000000;2.186793
2989.000000;1.902845
2988.000000;1.735132
2987.000000;1.733252
2986.000000;1.766666
2985.000000;1.729901
2984.000000;1.613238
2983.000000;1.559034
2982.000000;1.612787
2981.000000;1.782261
2980.000000;1.983282
2979.000000;1.850547
2978.000000;1.656907
2977.000000;1.582061
2976.000000;1.592424
2975.000000;1.643837
2974.000000;1.679762
2973.000000;1.704175
2972.000000;1.685537
2971.000000;1.545090
2970.000000;1.370252
2969.000000;1.249860
2968.000000;1.194956
2967.000000;1.200327
2966.000000;1.271164
2965.000000;1.421921
2964.000000;1.647579
2963.000000;1.831735
2962.000000;1.752347
2961.000000;1.606462
2960.000000;1.540269
2959.000000;1.541518
2958.000000;1.579252
2957.000000;1.675796
2956.000000;1.795063
2955.000000;1.752782
2954.000000;1.770231
2953.000000;1.723405
2952.000000;1.464143
2951.000000;1.327171
2950.000000;1.310797
2949.000000;1.388730
2948.000000;1.568033
2947.000000;1.745317
2946.000000;1.594083
2945.000000;1.449094
2944.000000;1.466766
2943.000000;1.608276
2942.000000;1.487481
2941.000000;1.289099
2940.000000;1.241618
2939.000000;1.291819
2938.000000;1.300687
2937.000000;1.232256
2936.000000;1.219219
2935.000000;1.271955
2934.000000;1.284152
2933.000000;1.251425
2932.000000;1.273040
2931.000000;1.378653
2930.000000;1.582465
2929.000000;1.937439
2928.000000;2.154962
2927.000000;1.852405
2926.000000;1.635371
2925.000000;1.520503
2924.000000;1.586576
2923.000000;1.772206
2922.000000;1.604366
2921.000000;1.409249
2920.000000;1.417543
2919.000000;1.668694
2918.000000;1.787581
2917.000000;2.181328
2916.000000;1.973315
2915.000000;1.442357
2914.000000;1.316741
2913.000000;1.328631
2912.000000;1.462909
2911.000000;1.778304
2910.000000;1.733153
2909.000000;1.498285
2908.000000;1.419458
2907.000000;1.391670
2906.000000;1.346066
2905.000000;1.284464
2904.000000;1.225935
2903.000000;1.189895
2902.000000;1.199968
2901.000000;1.255533
2900.000000;1.281913
2899.000000;1.229756
2898.000000;1.203713
2897.000000;1.271959
2896.000000;1.492899
2895.000000;1.815151
2894.000000;1.780925
2893.000000;1.814690
2892.000000;1.932324
2891.000000;1.696126
2890.000000;1.508212
2889.000000;1.467226
2888.000000;1.556220
2887.000000;1.835120
2886.000000;1.906904
2885.000000;2.102136
2884.000000;2.129635
2883.000000;1.639962
2882.000000;1.537411
2881.000000;1.673115
2880.000000;2.120678
2879.000000;1.593619
2878.000000;1.315622
2877.000000;1.208527
2876.000000;1.216029
2875.000000;1.304217
2874.000000;1.436733
2873.000000;1.554087
2872.000000;1.571104
2871.000000;1.535181
2870.000000;1.564591
2869.000000;1.643834
2868.000000;1.643106
2867.000000;1.514822
2866.000000;1.378786
2865.000000;1.309851
2864.000000;1.332959
2863.000000;1.458010
2862.000000;1.644573
2861.000000;1.689520
2860.000000;1.715903
2859.000000;1.885225
2858.000000;2.639992
2857.000000;1.927367
2856.000000;1.652835
2855.000000;1.643021
2854.000000;1.737699
2853.000000;1.755616
2852.000000;1.664290
2851.000000;1.655253
2850.000000;1.765829
2849.000000;1.923191
2848.000000;1.934723
2847.000000;2.195083
2846.000000;2.426718
2845.000000;1.707826
2844.000000;1.542649
2843.000000;1.486378
2842.000000;1.556961
2841.000000;1.703709
2840.000000;2.198276
2839.000000;2.247883
2838.000000;1.668057
2837.000000;1.464403
2836.000000;1.352737
2835.000000;1.350147
2834.000000;1.449028
2833.000000;1.608095
2832.000000;1.588019
2831.000000;1.518830
2830.000000;1.526566
2829.000000;1.544662
2828.000000;1.543726
2827.000000;1.536172
2826.000000;1.518140
2825.000000;1.473057
2824.000000;1.430301
2823.000000;1.459503
2822.000000;1.621593
2821.000000;1.872336
2820.000000;1.709525
2819.000000;1.409608
2818.000000;1.271233
2817.000000;1.281802
2816.000000;1.407430
2815.000000;1.553756
2814.000000;1.557052
2813.000000;1.431709
2812.000000;1.325757
2811.000000;1.310889
2810.000000;1.406864
2809.000000;1.551898
2808.000000;1.547163
2807.000000;1.458099
2806.000000;1.435152
2805.000000;1.494657
2804.000000;1.830680
2803.000000;2.033774
2802.000000;1.576317
2801.000000;1.448631
2800.000000;1.515530
2799.000000;1.788656
2798.000000;2.350151
2797.000000;2.360716
2796.000000;1.678742
2795.000000;1.394070
2794.000000;1.294020
2793.000000;1.313812
2792.000000;1.398932
2791.000000;1.585386
2790.000000;1.927646
2789.000000;1.696660
2788.000000;1.489318
2787.000000;1.528798
2786.000000;1.587724
2785.000000;1.564235
2784.000000;1.507795
2783.000000;1.429699
2782.000000;1.422056
2781.000000;1.546111
2780.000000;1.843367
2779.000000;2.013262
2778.000000;1.882703
2777.000000;1.808786
2776.000000;1.728591
2775.000000;1.669778
2774.000000;1.677158
2773.000000;1.741033
2772.000000;1.790039
2771.000000;1.845177
2770.000000;1.867244
2769.000000;1.623813
2768.000000;1.542764
2767.000000;1.730901
2766.000000;1.737054
2765.000000;1.392643
2764.000000;1.307037
2763.000000;1.335555
2762.000000;1.365160
2761.000000;1.293347
2760.000000;1.237606
2759.000000;1.271109
2758.000000;1.440299
2757.000000;1.748761
2756.000000;1.741505
2755.000000;1.613003
2754.000000;2.170982
2753.000000;1.782123
2752.000000;1.390642
2751.000000;1.341012
2750.000000;1.432805
2749.000000;1.673719
2748.000000;1.646684
2747.000000;1.499957
2746.000000;1.491412
2745.000000;1.433017
2744.000000;1.241047
2743.000000;1.129561
2742.000000;1.149750
2741.000000;1.327593
2740.000000;1.627667
2739.000000;1.520348
2738.000000;1.370934
2737.000000;1.376871
2736.000000;1.487784
2735.000000;1.573868
2734.000000;1.631507
2733.000000;2.048193
2732.000000;1.698835
2731.000000;1.304986
2730.000000;1.237567
2729.000000;1.263228
2728.000000;1.239299
2727.000000;1.134115
2726.000000;1.108087
2725.000000;1.201375
2724.000000;1.364182
2723.000000;1.411034
2722.000000;1.448315
2721.000000;1.672758
2720.000000;1.846675
2719.000000;1.578333
2718.000000;1.425691
2717.000000;1.350053
2716.000000;1.254727
2715.000000;1.149477
2714.000000;1.093496
2713.000000;1.101383
2712.000000;1.154162
2711.000000;1.210133
2710.000000;1.242323
2709.000000;1.276022
2708.000000;1.343112
2707.000000;1.432985
2706.000000;1.510620
2705.000000;1.559220
2704.000000;1.592004
2703.000000;1.527777
2702.000000;1.370275
2701.000000;1.303125
2700.000000;1.389127
2699.000000;1.833857
2698.000000;1.582514
2697.000000;1.346231
2696.000000;1.418855
2695.000000;1.688851
2694.000000;1.842032
2693.000000;1.613766
2692.000000;1.406360
2691.000000;1.275419
2690.000000;1.236087
2689.000000;1.280639
2688.000000;1.413652
2687.000000;1.630342
2686.000000;1.583385
2685.000000;1.485324
2684.000000;1.492548
2683.000000;1.360456
2682.000000;1.267689
2681.000000;1.364719
2680.000000;1.676831
2679.000000;1.687389
2678.000000;1.533921
2677.000000;1.654286
2676.000000;1.653033
2675.000000;1.480040
2674.000000;1.375831
2673.000000;1.345476
2672.000000;1.368809
2671.000000;1.441835
2670.000000;1.564282
2669.000000;1.673581
2668.000000;1.463033
2667.000000;1.220764
2666.000000;1.108242
2665.000000;1.123135
2664.000000;1.281955
2663.000000;1.706263
2662.000000;1.837197
2661.000000;1.491607
2660.000000;1.542762
2659.000000;1.865590
2658.000000;1.598660
2657.000000;1.333547
2656.000000;1.271756
2655.000000;1.284387
2654.000000;1.316737
2653.000000;1.354608
2652.000000;1.455260
2651.000000;1.679404
2650.000000;1.851149
2649.000000;2.040790
2648.000000;1.851672
2647.000000;1.548767
2646.000000;1.479518
2645.000000;1.530620
2644.000000;1.669005
2643.000000;2.047558
2642.000000;2.030088
2641.000000;1.511834
2640.000000;1.260934
2639.000000;1.149572
2638.000000;1.124512
2637.000000;1.162791
2636.000000;1.248409
2635.000000;1.372221
2634.000000;1.512212
2633.000000;1.596286
2632.000000;1.582905
2631.000000;1.526152
2630.000000;1.472108
2629.000000;1.422495
2628.000000;1.394515
2627.000000;1.419742
2626.000000;1.513602
2625.000000;1.637267
2624.000000;1.598142
2623.000000;1.502316
2622.000000;1.446739
2621.000000;1.337366
2620.000000;1.238728
2619.000000;1.219640
2618.000000;1.278638
2617.000000;1.373432
2616.000000;1.400290
2615.000000;1.307857
2614.000000;1.245019
2613.000000;1.273097
2612.000000;1.303180
2611.000000;1.301114
2610.000000;1.319631
2609.000000;1.268216
2608.000000;1.148452
2607.000000;1.065972
2606.000000;1.036420
2605.000000;1.031805
2604.000000;1.026813
2603.000000;1.033701
2602.000000;1.062885
2601.000000;1.088681
2600.000000;1.108764
2599.000000;1.174019
2598.000000;1.322979
2597.000000;1.530872
2596.000000;1.867023
2595.000000;2.056060
2594.000000;1.677756
2593.000000;1.527593
2592.000000;1.563811
2591.000000;1.661311
2590.000000;1.622494
2589.000000;1.428783
2588.000000;1.257001
2587.000000;1.179497
2586.000000;1.213921
2585.000000;1.368945
2584.000000;1.559087
2583.000000;1.542745
2582.000000;1.509225
2581.000000;1.561906
2580.000000;1.614083
2579.000000;1.465595
2578.000000;1.251770
2577.000000;1.149344
2576.000000;1.171398
2575.000000;1.320323
2574.000000;1.625914
2573.000000;2.076133
2572.000000;2.129321
2571.000000;2.127886
2570.000000;2.003175
2569.000000;1.771000
2568.000000;2.060824
2567.000000;1.845725
2566.000000;1.415018
2565.000000;1.303365
2564.000000;1.342351
2563.000000;1.441005
2562.000000;1.385829
2561.000000;1.238947
2560.000000;1.131879
2559.000000;1.103796
2558.000000;1.172831
2557.000000;1.425215
2556.000000;2.034348
2555.000000;1.521091
2554.000000;1.389310
2553.000000;1.513500
2552.000000;1.757584
2551.000000;1.899572
2550.000000;2.205927
2549.000000;1.911625
2548.000000;1.594860
2547.000000;1.561705
2546.000000;1.505498
2545.000000;1.471097
2544.000000;1.520612
2543.000000;1.550204
2542.000000;1.529349
2541.000000;1.553468
2540.000000;1.654865
2539.000000;1.722650
2538.000000;1.643852
2537.000000;1.564467
2536.000000;1.549694
2535.000000;1.551104
2534.000000;1.519610
2533.000000;1.464736
2532.000000;1.424564
2531.000000;1.447474
2530.000000;1.538078
2529.000000;1.511256
2528.000000;1.380416
2527.000000;1.247768
2526.000000;1.106098
2525.000000;1.010186
2524.000000;0.962547
2523.000000;0.954430
2522.000000;1.016574
2521.000000;1.187631
2520.000000;1.419927
2519.000000;1.548133
2518.000000;1.623855
2517.000000;1.765528
2516.000000;2.209314
2515.000000;2.246416
2514.000000;2.259976
2513.000000;2.305159
2512.000000;1.786783
2511.000000;1.624373
2510.000000;1.538887
2509.000000;1.522107
2508.000000;1.663267
2507.000000;1.498656
2506.000000;1.190181
2505.000000;1.055181
2504.000000;1.070693
2503.000000;1.274409
2502.000000;1.568464
2501.000000;1.704700
2500.000000;1.948554
2499.000000;1.287746
2498.000000;1.074159
2497.000000;1.049942
2496.000000;1.084096
2495.000000;1.120060
2494.000000;1.183973
2493.000000;1.325560
2492.000000;1.434082
2491.000000;1.421936
2490.000000;1.445206
2489.000000;1.674603
2488.000000;1.706042
2487.000000;1.457803
2486.000000;1.421083
2485.000000;1.557006
2484.000000;1.642684
2483.000000;1.611374
2482.000000;1.674380
2481.000000;1.621762
2480.000000;1.548900
2479.000000;1.646807
2478.000000;1.842176
2477.000000;2.247698
2476.000000;1.957671
2475.000000;1.517679
2474.000000;1.367338
2473.000000;1.323968
2472.000000;1.309329
2471.000000;1.265259
2470.000000;1.200810
2469.000000;1.223133
2468.000000;1.381260
2467.000000;1.477748
2466.000000;1.306773
2465.000000;1.170676
2464.000000;1.147014
2463.000000;1.292298
2462.000000;1.572202
2461.000000;1.585170
2460.000000;1.546665
2459.000000;1.684174
2458.000000;2.379262
2457.000000;1.739941
2456.000000;1.228563
2455.000000;1.035316
2454.000000;0.952629
2453.000000;0.951740
2452.000000;1.014239
2451.000000;1.147880
2450.000000;1.330078
2449.000000;1.525131
2448.000000;1.718578
2447.000000;2.006887
2446.000000;2.272805
2445.000000;1.616204
2444.000000;1.418136
2443.000000;1.417025
2442.000000;1.684442
2441.000000;2.149503
2440.000000;1.610453
2439.000000;1.394020
2438.000000;1.303344
2437.000000;1.242100
2436.000000;1.183723
2435.000000;1.126539
2434.000000;1.087029
2433.000000;1.065870
2432.000000;1.071064
2431.000000;1.095120
2430.000000;1.114422
2429.000000;1.107712
2428.000000;1.099707
2427.000000;1.136167
2426.000000;1.246508
2425.000000;1.434428
2424.000000;1.674479
2423.000000;1.870493
2422.000000;1.881190
2421.000000;1.783251
2420.000000;1.728026
2419.000000;1.763920
2418.000000;1.580076
2417.000000;1.325019
2416.000000;1.253860
2415.000000;1.363935
2414.000000;1.508906
2413.000000;1.479571
2412.000000;1.669881
2411.000000;1.873099
2410.000000;1.481700
2409.000000;1.319055
2408.000000;1.316437
2407.000000;1.586986
2406.000000;1.783524
2405.000000;1.374194
2404.000000;1.197214
2403.000000;1.149526
2402.000000;1.140658
2401.000000;1.141598
2400.000000;1.150165
2399.000000;1.198354
2398.000000;1.255954
2397.000000;1.192386
2396.000000;1.070700
2395.000000;1.009961
2394.000000;1.008455
2393.000000;1.037897
2392.000000;1.094516
2391.000000;1.239619
2390.000000;1.355366
2389.000000;1.182819
2388.000000;1.036440
2387.000000;1.006134
2386.000000;1.009074
2385.000000;0.952205
2384.000000;0.900645
2383.000000;0.935303
2382.000000;1.056667
2381.000000;1.247349
2380.000000;1.432873
2379.000000;1.444358
2378.000000;1.207157
2377.000000;0.973628
2376.000000;0.802739
2375.000000;0.768487
2374.000000;0.761184
2373.000000;1.130471
2372.000000;1.524996
2371.000000;1.359446
2370.000000;1.492265
2369.000000;1.457213
2368.000000;1.455602
2367.000000;1.395913
2366.000000;1.403681
2365.000000;1.457928
2364.000000;1.504259
2363.000000;1.497725
2362.000000;1.364933
2361.000000;1.218848
2360.000000;1.187299
2359.000000;1.468109
2358.000000;1.937409
2357.000000;1.438872
2356.000000;1.279340
2355.000000;1.283611
2354.000000;1.280587
2353.000000;1.239106
2352.000000;1.178707
2351.000000;1.233909
2350.000000;1.427252
2349.000000;1.404419
2348.000000;1.240958
2347.000000;1.300041
2346.000000;1.737929
2345.000000;1.661695
2344.000000;1.367229
2343.000000;1.309361
2342.000000;1.438733
2341.000000;1.376502
2340.000000;1.563933
2339.000000;0.952338
2338.000000;0.962362
2337.000000;1.336751
2336.000000;1.000298
2335.000000;0.831982
2334.000000;0.752872
2333.000000;0.677828
2332.000000;0.595049
2331.000000;0.548898
2330.000000;0.575569
2329.000000;0.728887
2328.000000;0.936115
2327.000000;0.904657
2326.000000;0.862932
2325.000000;1.016713
2324.000000;1.276072
2323.000000;1.096354
2322.000000;0.866921
2321.000000;0.807330
2320.000000;0.888195
2319.000000;1.164739
2318.000000;1.344612
2317.000000;1.181053
2316.000000;1.096061
2315.000000;1.022782
2314.000000;0.977559
2313.000000;1.014038
2312.000000;1.119929
2311.000000;1.227235
2310.000000;1.235704
2309.000000;1.166026
2308.000000;1.080577
2307.000000;1.043020
2306.000000;1.076744
2305.000000;1.260035
2304.000000;1.515923
2303.000000;1.268808
2302.000000;1.033123
2301.000000;0.963136
2300.000000;0.982337
2299.000000;1.016506
2298.000000;1.017878
2297.000000;1.090629
2296.000000;1.226111
2295.000000;1.178781
2294.000000;1.074290
2293.000000;1.055812
2292.000000;1.053426
2291.000000;1.047153
2290.000000;1.105031
2289.000000;1.251804
2288.000000;1.572388
2287.000000;1.831305
2286.000000;1.429204
2285.000000;1.358344
2284.000000;1.462680
2283.000000;1.327782
2282.000000;1.173943
2281.000000;1.190203
2280.000000;1.330955
2279.000000;1.317858
2278.000000;1.188757
2277.000000;1.260667
2276.000000;1.565402
2275.000000;1.349440
2274.000000;1.077928
2273.000000;1.047354
2272.000000;1.092590
2271.000000;1.108324
2270.000000;1.070820
2269.000000;1.066340
2268.000000;1.167188
2267.000000;1.385497
2266.000000;1.608997
2265.000000;1.509616
2264.000000;1.245022
2263.000000;1.067602
2262.000000;1.015497
2261.000000;1.079068
2260.000000;1.236566
2259.000000;1.414011
2258.000000;1.530548
2257.000000;1.402768
2256.000000;1.169676
2255.000000;1.056640
2254.000000;1.050990
2253.000000;1.079282
2252.000000;1.076962
2251.000000;1.061533
2250.000000;1.063495
2249.000000;1.109356
2248.000000;1.213636
2247.000000;1.429851
2246.000000;1.693967
2245.000000;1.452056
2244.000000;1.230128
2243.000000;1.209034
2242.000000;1.272637
2241.000000;1.377525
2240.000000;1.354359
2239.000000;1.285166
2238.000000;1.252848
2237.000000;1.425709
2236.000000;2.159482
2235.000000;1.607984
2234.000000;1.425233
2233.000000;1.621492
2232.000000;1.773836
2231.000000;1.547039
2230.000000;1.642292
2229.000000;2.196094
2228.000000;1.437355
2227.000000;1.203821
2226.000000;1.254920
2225.000000;1.387521
2224.000000;1.340268
2223.000000;1.366162
2222.000000;1.693327
2221.000000;1.642557
2220.000000;1.440045
2219.000000;1.434021
2218.000000;1.468126
2217.000000;1.537508
2216.000000;1.573313
2215.000000;1.521761
2214.000000;1.450585
2213.000000;1.397296
2212.000000;1.378281
2211.000000;1.392467
2210.000000;1.449472
2209.000000;1.554600
2208.000000;1.603031
2207.000000;1.404954
2206.000000;1.213261
2205.000000;1.154572
2204.000000;1.215225
2203.000000;1.286852
2202.000000;1.482533
2201.000000;1.629223
2200.000000;1.295012
2199.000000;1.220627
2198.000000;1.309137
2197.000000;1.283462
2196.000000;1.271001
2195.000000;1.354411
2194.000000;1.206216
2193.000000;1.002915
2192.000000;0.966784
2191.000000;1.042950
2190.000000;1.097078
2189.000000;1.061970
2188.000000;1.071857
2187.000000;1.152211
2186.000000;1.268171
2185.000000;1.366968
2184.000000;1.302707
2183.000000;1.186220
2182.000000;1.127233
2181.000000;1.120904
2180.000000;1.193223
2179.000000;1.360715
2178.000000;1.476989
2177.000000;1.384847
2176.000000;1.325367
2175.000000;1.392421
2174.000000;1.663972
2173.000000;2.128574
2172.000000;1.637811
2171.000000;1.337824
2170.000000;1.203793
2169.000000;1.113352
2168.000000;1.093357
2167.000000;1.177505
2166.000000;1.469052
2165.000000;1.544978
2164.000000;1.277675
2163.000000;1.217436
2162.000000;1.290354
2161.000000;1.477546
2160.000000;1.587601
2159.000000;1.450208
2158.000000;1.395087
2157.000000;1.446440
2156.000000;1.412116
2155.000000;1.237091
2154.000000;1.059549
2153.000000;0.990756
2152.000000;1.029039
2151.000000;1.293422
2150.000000;1.684977
2149.000000;1.302306
2148.000000;1.171386
2147.000000;1.211527
2146.000000;1.317076
2145.000000;1.485660
2144.000000;1.532007
2143.000000;1.434920
2142.000000;1.222211
2141.000000;1.054026
2140.000000;0.987457
2139.000000;1.035016
2138.000000;1.215559
2137.000000;1.478945
2136.000000;1.614535
2135.000000;1.604824
2134.000000;1.562481
2133.000000;1.668486
2132.000000;1.619906
2131.000000;1.399575
2130.000000;1.362162
2129.000000;1.305740
2128.000000;1.127247
2127.000000;1.002765
2126.000000;0.955173
2125.000000;0.983408
2124.000000;1.101970
2123.000000;1.394417
2122.000000;1.952114
2121.000000;1.960807
2120.000000;1.578691
2119.000000;1.271355
2118.000000;1.161384
2117.000000;1.163093
2116.000000;1.158888
2115.000000;1.109313
2114.000000;1.013609
2113.000000;0.973567
2112.000000;1.053988
2111.000000;1.409176
2110.000000;1.705650
2109.000000;1.246971
2108.000000;1.051312
2107.000000;1.044513
2106.000000;1.213623
2105.000000;1.188993
2104.000000;1.027091
2103.000000;0.989294
2102.000000;1.158577
2101.000000;1.542556
2100.000000;1.111994
2099.000000;0.863535
2098.000000;0.834368
2097.000000;0.915739
2096.000000;1.176262
2095.000000;1.475206
2094.000000;1.723996
2093.000000;1.941301
2092.000000;1.373149
2091.000000;1.086232
2090.000000;0.974251
2089.000000;0.957070
2088.000000;1.054686
2087.000000;1.181228
2086.000000;1.275881
2085.000000;1.226057
2084.000000;1.015369
2083.000000;0.880863
2082.000000;0.877725
2081.000000;0.966141
2080.000000;1.115433
2079.000000;1.285210
2078.000000;1.417849
2077.000000;1.375204
2076.000000;1.230963
2075.000000;1.074333
2074.000000;0.997528
2073.000000;1.004660
2072.000000;1.203003
2071.000000;1.512766
2070.000000;1.155648
2069.000000;0.959429
2068.000000;0.937869
2067.000000;1.016388
2066.000000;1.131739
2065.000000;1.130519
2064.000000;1.218566
2063.000000;1.695667
2062.000000;3.105019
2061.000000;1.927010
2060.000000;1.472771
2059.000000;1.254689
2058.000000;1.328398
2057.000000;1.439094
2056.000000;1.416257
2055.000000;1.487973
2054.000000;1.654342
2053.000000;1.674628
2052.000000;1.372594
2051.000000;1.152459
2050.000000;1.084401
2049.000000;1.148101
2048.000000;1.354826
2047.000000;1.446612
2046.000000;1.230017
2045.000000;1.042677
2044.000000;0.944777
2043.000000;0.928285
2042.000000;1.077507
2041.000000;1.465538
2040.000000;1.378112
2039.000000;1.157002
2038.000000;1.326089
2037.000000;1.566490
2036.000000;1.227415
2035.000000;1.064224
2034.000000;1.072889
2033.000000;1.240760
2032.000000;1.697473
2031.000000;1.797163
2030.000000;1.532372
2029.000000;1.576059
2028.000000;2.230874
2027.000000;1.877389
2026.000000;1.356307
2025.000000;1.226422
2024.000000;1.202927
2023.000000;1.246162
2022.000000;1.274180
2021.000000;1.326478
2020.000000;1.469372
2019.000000;1.483342
2018.000000;1.405242
2017.000000;1.413509
2016.000000;1.455694
2015.000000;1.436701
2014.000000;1.343416
2013.000000;1.229107
2012.000000;1.137921
2011.000000;1.085332
2010.000000;1.077425
2009.000000;1.109695
2008.000000;1.199092
2007.000000;1.283837
2006.000000;1.285351
2005.000000;1.180058
2004.000000;1.112685
2003.000000;1.142495
2002.000000;1.311328
2001.000000;2.016307
2000.000000;1.701343
1999.000000;1.354783
1998.000000;1.416650
1997.000000;1.292919
1996.000000;1.126341
1995.000000;1.063184
1994.000000;1.101239
1993.000000;1.204974
1992.000000;1.312703
1991.000000;1.448653
1990.000000;1.697729
1989.000000;2.192018
1988.000000;2.601690
1987.000000;1.745402
1986.000000;1.328442
1985.000000;1.151363
1984.000000;1.064980
1983.000000;1.023064
1982.000000;1.021161
1981.000000;1.069767
1980.000000;1.075418
1979.000000;1.006392
1978.000000;0.978604
1977.000000;1.124294
1976.000000;1.443295
1975.000000;1.138730
1974.000000;0.854549
1973.000000;0.787138
1972.000000;0.823873
1971.000000;0.954073
1970.000000;1.127358
1969.000000;1.191489
1968.000000;1.063258
1967.000000;0.930803
1966.000000;0.835961
1965.000000;0.798320
1964.000000;0.816235
1963.000000;0.991462
1962.000000;1.360238
1961.000000;1.082471
1960.000000;0.871517
1959.000000;0.874264
1958.000000;0.986531
1957.000000;1.146290
1956.000000;1.213170
1955.000000;1.322053
1954.000000;1.347403
1953.000000;1.186713
1952.000000;1.131330
1951.000000;1.261562
1950.000000;1.453410
1949.000000;1.424296
1948.000000;1.325745
1947.000000;1.245409
1946.000000;1.175326
1945.000000;1.248698
1944.000000;1.420790
1943.000000;1.194579
1942.000000;0.994771
1941.000000;0.958809
1940.000000;1.065914
1939.000000;1.430384
1938.000000;1.356118
1937.000000;1.033115
1936.000000;0.949788
1935.000000;0.996121
1934.000000;1.069767
1933.000000;1.072521
1932.000000;1.110260
1931.000000;1.204604
1930.000000;1.472149
1929.000000;1.723467
1928.000000;1.293890
1927.000000;1.148345
1926.000000;1.122474
1925.000000;1.076140
1924.000000;1.052693
1923.000000;1.014714
1922.000000;0.964786
1921.000000;0.971822
1920.000000;1.106798
1919.000000;1.282825
1918.000000;1.270291
1917.000000;1.269033
1916.000000;1.491743
1915.000000;1.585456
1914.000000;1.595852
1913.000000;1.815555
1912.000000;1.295224
1911.000000;1.034802
1910.000000;1.048583
1909.000000;1.341681
1908.000000;1.428330
1907.000000;1.135906
1906.000000;1.213977
1905.000000;1.185504
1904.000000;0.913317
1903.000000;0.836579
1902.000000;0.946840
1901.000000;1.077642
1900.000000;0.966779
1899.000000;0.914273
1898.000000;1.017295
1897.000000;1.189600
1896.000000;1.275653
1895.000000;1.341586
1894.000000;1.816118
1893.000000;1.378009
1892.000000;0.994292
1891.000000;0.918848
1890.000000;1.024243
1889.000000;1.444926
1888.000000;1.620102
1887.000000;1.306135
1886.000000;1.369263
1885.000000;1.604715
1884.000000;1.246379
1883.000000;1.010611
1882.000000;0.967834
1881.000000;1.018280
1880.000000;1.077490
1879.000000;1.053897
1878.000000;1.017845
1877.000000;1.016477
1876.000000;1.030311
1875.000000;1.020251
1874.000000;0.997758
1873.000000;0.949843
1872.000000;0.903351
1871.000000;0.905703
1870.000000;0.991007
1869.000000;1.378513
1868.000000;1.598316
1867.000000;1.155569
1866.000000;1.063424
1865.000000;1.306472
1864.000000;1.640305
1863.000000;1.188519
1862.000000;1.012695
1861.000000;1.049459
1860.000000;1.184579
1859.000000;1.396089
1858.000000;1.336845
1857.000000;1.166095
1856.000000;1.110072
1855.000000;1.162195
1854.000000;1.280743
1853.000000;1.369916
1852.000000;1.341470
1851.000000;1.239445
1850.000000;1.264648
1849.000000;1.323037
1848.000000;1.073995
1847.000000;0.864601
1846.000000;0.797830
1845.000000;0.841735
1844.000000;0.974898
1843.000000;1.124063
1842.000000;1.231933
1841.000000;1.322703
1840.000000;1.276217
1839.000000;1.165083
1838.000000;1.154425
1837.000000;1.249675
1836.000000;1.424702
1835.000000;1.473931
1834.000000;1.347143
1833.000000;1.271803
1832.000000;1.285446
1831.000000;1.530265
1830.000000;1.674362
1829.000000;1.232322
1828.000000;1.072050
1827.000000;1.088964
1826.000000;1.215684
1825.000000;1.291311
1824.000000;1.202295
1823.000000;1.143700
1822.000000;1.194618
1821.000000;1.596969
1820.000000;1.662761
1819.000000;1.145949
1818.000000;1.009045
1817.000000;0.966410
1816.000000;0.975038
1815.000000;0.993965
1814.000000;1.012407
1813.000000;1.076990
1812.000000;1.167462
1811.000000;1.260896
1810.000000;1.354124
1809.000000;1.541906
1808.000000;1.971239
1807.000000;1.578315
1806.000000;1.288647
1805.000000;1.192489
1804.000000;1.035662
1803.000000;0.892708
1802.000000;0.885151
1801.000000;1.032146
1800.000000;1.354527
1799.000000;1.746010
1798.000000;1.549390
1797.000000;1.360741
1796.000000;1.236316
1795.000000;1.027221
1794.000000;0.818359
1793.000000;0.716937
1792.000000;0.736280
1791.000000;0.842191
1790.000000;0.902181
1789.000000;0.873422
1788.000000;0.904380
1787.000000;1.059685
1786.000000;1.241619
1785.000000;1.197323
1784.000000;1.109127
1783.000000;1.093740
1782.000000;1.113683
1781.000000;1.138812
1780.000000;1.131681
1779.000000;1.108287
1778.000000;1.082181
1777.000000;1.072409
1776.000000;1.145514
1775.000000;1.281762
1774.000000;1.292291
1773.000000;1.290752
1772.000000;1.406369
1771.000000;1.408451
1770.000000;1.168763
1769.000000;0.961217
1768.000000;0.871235
1767.000000;0.893701
1766.000000;0.998961
1765.000000;1.165450
1764.000000;1.363477
1763.000000;1.479444
1762.000000;1.485986
1761.000000;1.507154
1760.000000;1.555419
1759.000000;1.614420
1758.000000;1.532033
1757.000000;1.320373
1756.000000;1.125496
1755.000000;0.973193
1754.000000;0.903762
1753.000000;1.006462
1752.000000;1.257528
1751.000000;1.179382
1750.000000;1.117677
1749.000000;1.210353
1748.000000;1.326985
1747.000000;1.311088
1746.000000;1.215736
1745.000000;1.149908
1744.000000;1.163224
1743.000000;1.295166
1742.000000;1.722175
1741.000000;1.823668
1740.000000;1.322516
1739.000000;1.204424
1738.000000;1.153731
1737.000000;1.132266
1736.000000;1.145243
1735.000000;1.165642
1734.000000;1.176299
1733.000000;1.245977
1732.000000;1.550958
1731.000000;1.720678
1730.000000;1.217298
1729.000000;0.922020
1728.000000;0.826847
1727.000000;0.899517
1726.000000;1.195759
1725.000000;1.476965
1724.000000;1.418604
1723.000000;1.823595
1722.000000;1.357610
1721.000000;0.964043
1720.000000;0.814305
1719.000000;0.812079
1718.000000;0.932633
1717.000000;1.059881
1716.000000;1.043291
1715.000000;0.975987
1714.000000;0.952950
1713.000000;0.981119
1712.000000;1.024479
1711.000000;1.136896
1710.000000;1.343573
1709.000000;1.195682
1708.000000;0.990640
1707.000000;0.944431
1706.000000;0.987669
1705.000000;1.128138
1704.000000;1.416829
1703.000000;1.776794
1702.000000;2.683289
1701.000000;1.636060
1700.000000;1.291684
1699.000000;1.280372
1698.000000;1.598001
1697.000000;1.425610
1696.000000;1.055218
1695.000000;0.968176
1694.000000;0.991158
1693.000000;1.081142
1692.000000;1.214386
1691.000000;1.285246
1690.000000;1.324545
1689.000000;1.453676
1688.000000;1.494636
1687.000000;1.214825
1686.000000;1.005155
1685.000000;0.984177
1684.000000;1.328053
1683.000000;1.647539
1682.000000;1.105101
1681.000000;0.947183
1680.000000;1.031708
1679.000000;1.369900
1678.000000;1.307144
1677.000000;1.164740
1676.000000;1.240997
1675.000000;1.169699
1674.000000;1.054785
1673.000000;0.961756
1672.000000;0.890324
1671.000000;0.865845
1670.000000;0.897994
1669.000000;0.974496
1668.000000;1.063612
1667.000000;1.156416
1666.000000;1.363138
1665.000000;1.486833
1664.000000;1.182032
1663.000000;1.096574
1662.000000;1.162486
1661.000000;1.278172
1660.000000;1.514688
1659.000000;1.316509
1658.000000;0.933215
1657.000000;0.822866
1656.000000;0.817132
1655.000000;0.858329
1654.000000;0.867080
1653.000000;0.849275
1652.000000;0.851798
1651.000000;0.847924
1650.000000;0.782430
1649.000000;0.684445
1648.000000;0.623563
1647.000000;0.630612
1646.000000;0.708098
1645.000000;0.842414
1644.000000;0.960362
1643.000000;0.976794
1642.000000;0.930624
1641.000000;0.887647
1640.000000;0.889957
1639.000000;0.969677
1638.000000;1.212812
1637.000000;1.524377
1636.000000;1.196469
1635.000000;1.014290
1634.000000;0.922586
1633.000000;0.893029
1632.000000;0.957923
1631.000000;1.112362
1630.000000;1.098490
1629.000000;0.995633
1628.000000;1.028951
1627.000000;1.205304
1626.000000;1.218185
1625.000000;0.968094
1624.000000;0.820395
1623.000000;0.787659
1622.000000;0.836975
1621.000000;0.866848
1620.000000;0.832840
1619.000000;0.851402
1618.000000;1.015142
1617.000000;1.206252
1616.000000;1.071600
1615.000000;0.985850
1614.000000;0.997568
1613.000000;1.078759
1612.000000;1.269080
1611.000000;1.465410
1610.000000;1.289117
1609.000000;1.090661
1608.000000;1.022587
1607.000000;1.007165
1606.000000;0.946762
1605.000000;0.938718
1604.000000;1.100862
1603.000000;1.359421
1602.000000;1.283515
1601.000000;1.200337
1600.000000;1.261298
1599.000000;1.137349
1598.000000;0.955400
1597.000000;0.904235
1596.000000;0.944120
1595.000000;0.865389
1594.000000;0.673123
1593.000000;0.541123
1592.000000;0.505841
1591.000000;0.577574
1590.000000;0.781009
1589.000000;1.133323
1588.000000;1.140785
1587.000000;1.077101
1586.000000;1.171775
1585.000000;1.157978
1584.000000;1.001575
1583.000000;0.929529
1582.000000;0.948358
1581.000000;0.999865
1580.000000;1.001188
1579.000000;0.965998
1578.000000;0.966422
1577.000000;1.025325
1576.000000;1.111278
1575.000000;1.229128
1574.000000;1.310003
1573.000000;1.203445
1572.000000;1.081440
1571.000000;1.019746
1570.000000;0.965616
1569.000000;0.916168
1568.000000;0.920103
1567.000000;1.031540
1566.000000;1.277189
1565.000000;1.405916
1564.000000;1.252195
1563.000000;1.121064
1562.000000;1.186134
1561.000000;1.514490
1560.000000;1.126031
1559.000000;0.976459
1558.000000;0.920268
1557.000000;0.920780
1556.000000;0.921134
1555.000000;0.874317
1554.000000;0.846379
1553.000000;0.866956
1552.000000;0.911665
1551.000000;1.024608
1550.000000;1.242778
1549.000000;1.462450
1548.000000;1.462656
1547.000000;1.314954
1546.000000;1.256858
1545.000000;1.277489
1544.000000;1.186331
1543.000000;1.078224
1542.000000;1.059499
1541.000000;1.121156
1540.000000;1.238171
1539.000000;1.380648
1538.000000;1.431396
1537.000000;1.389232
1536.000000;1.439935
1535.000000;1.322355
1534.000000;1.093326
1533.000000;0.996786
1532.000000;1.011408
1531.000000;1.125405
1530.000000;1.396317
1529.000000;2.001833
1528.000000;1.941595
1527.000000;1.614219
1526.000000;1.294039
1525.000000;1.143572
1524.000000;1.083501
1523.000000;1.032250
1522.000000;1.002466
1521.000000;1.060119
1520.000000;1.171879
1519.000000;1.100180
1518.000000;0.941380
1517.000000;0.891610
1516.000000;0.972834
1515.000000;0.918677
1514.000000;0.741214
1513.000000;0.677481
1512.000000;0.720159
1511.000000;0.818235
1510.000000;0.946408
1509.000000;1.101668
1508.000000;1.186302
1507.000000;1.107909
1506.000000;0.997712
1505.000000;0.960560
1504.000000;1.057525
1503.000000;1.368794
1502.000000;1.524046
1501.000000;1.199696
1500.000000;1.116247
1499.000000;1.121044
1498.000000;1.341659
1497.000000;1.428697
1496.000000;1.054885
1495.000000;0.926670
1494.000000;0.894719
1493.000000;0.913052
1492.000000;0.974440
1491.000000;1.098807
1490.000000;1.249197
1489.000000;1.282302
1488.000000;1.229451
1487.000000;1.126747
1486.000000;0.928084
1485.000000;0.778134
1484.000000;0.729156
1483.000000;0.757364
1482.000000;0.847386
1481.000000;1.018061
1480.000000;1.373442
1479.000000;1.289009
1478.000000;0.970081
1477.000000;0.868719
1476.000000;0.911637
1475.000000;1.206691
1474.000000;1.636771
1473.000000;1.013369
1472.000000;0.891451
1471.000000;0.915383
1470.000000;1.072779
1469.000000;1.237554
1468.000000;1.638659
1467.000000;1.258046
1466.000000;0.877753
1465.000000;0.794194
1464.000000;0.813678
1463.000000;0.911482
1462.000000;0.941069
1461.000000;0.928083
1460.000000;0.987796
1459.000000;1.139215
1458.000000;1.375269
1457.000000;1.596503
1456.000000;1.518421
1455.000000;1.471451
1454.000000;1.553221
1453.000000;1.444134
1452.000000;1.390613
1451.000000;1.530698
1450.000000;1.214115
1449.000000;0.960898
1448.000000;0.853749
1447.000000;0.830102
1446.000000;0.851023
1445.000000;0.869157
1444.000000;0.809269
1443.000000;0.694437
1442.000000;0.629344
1441.000000;0.632888
1440.000000;0.697147
1439.000000;0.816782
1438.000000;1.166798
1437.000000;1.297675
1436.000000;0.975753
1435.000000;0.884489
1434.000000;0.905226
1433.000000;1.011249
1432.000000;1.141527
1431.000000;1.206209
1430.000000;1.196357
1429.000000;1.056235
1428.000000;0.902311
1427.000000;0.800725
1426.000000;0.715717
1425.000000;0.686636
1424.000000;0.776057
1423.000000;0.953685
1422.000000;0.956297
1421.000000;0.922439
1420.000000;1.049303
1419.000000;1.257718
1418.000000;1.623659
1417.000000;2.034966
1416.000000;1.715312
1415.000000;1.787672
1414.000000;1.372046
1413.000000;1.082916
1412.000000;0.925977
1411.000000;0.843965
1410.000000;0.850374
1409.000000;0.919902
1408.000000;0.935708
1407.000000;0.939549
1406.000000;1.054361
1405.000000;1.228385
1404.000000;1.185861
1403.000000;0.944107
1402.000000;0.737473
1401.000000;0.640583
1400.000000;0.681696
1399.000000;0.895271
1398.000000;1.422600
1397.000000;1.637708
1396.000000;1.458006
1395.000000;1.287309
1394.000000;1.015522
1393.000000;0.874420
1392.000000;0.852682
1391.000000;0.902669
1390.000000;0.894428
1389.000000;0.860290
1388.000000;0.880867
1387.000000;0.931386
1386.000000;1.051260
1385.000000;1.206120
1384.000000;1.134428
1383.000000;1.044108
1382.000000;1.146333
1381.000000;1.095449
1380.000000;0.864799
1379.000000;0.755733
1378.000000;0.746411
1377.000000;0.795407
1376.000000;0.902244
1375.000000;1.032073
1374.000000;1.064508
1373.000000;1.018363
1372.000000;1.070965
1371.000000;1.514686
1370.000000;1.295553
1369.000000;0.945709
1368.000000;0.902669
1367.000000;1.013704
1366.000000;0.970337
1365.000000;0.730504
1364.000000;0.624006
1363.000000;0.630136
1362.000000;0.726428
1361.000000;0.866060
1360.000000;0.975261
1359.000000;1.032624
1358.000000;0.935989
1357.000000;0.807978
1356.000000;0.808573
1355.000000;1.107455
1354.000000;1.318239
1353.000000;0.931345
1352.000000;0.760138
1351.000000;0.683571
1350.000000;0.641708
1349.000000;0.640262
1348.000000;0.688637
1347.000000;0.792654
1346.000000;0.938281
1345.000000;1.074329
1344.000000;1.208823
1343.000000;1.363569
1342.000000;1.214656
1341.000000;1.026341
1340.000000;0.870332
1339.000000;0.717630
1338.000000;0.637350
1337.000000;0.648817
1336.000000;0.710732
1335.000000;0.733743
1334.000000;0.675587
1333.000000;0.582813
1332.000000;0.509863
1331.000000;0.497664
1330.000000;0.593427
1329.000000;0.851050
1328.000000;1.438413
1327.000000;1.477982
1326.000000;1.349348
1325.000000;1.464161
1324.000000;1.342812
1323.000000;0.942515
1322.000000;0.679747
1321.000000;0.602123
1320.000000;0.703951
1319.000000;1.029153
1318.000000;2.318394
1317.000000;1.177838
1316.000000;1.042927
1315.000000;1.039385
1314.000000;1.047895
1313.000000;1.023391
1312.000000;0.921704
1311.000000;0.773255
1310.000000;0.732621
1309.000000;0.787204
1308.000000;1.275671
1307.000000;1.625449
1306.000000;0.911980
1305.000000;0.939162
1304.000000;0.900300
1303.000000;0.817677
1302.000000;0.820402
1301.000000;0.893631
1300.000000;0.895078
1299.000000;0.879848
1298.000000;0.993709
1297.000000;1.222540
1296.000000;1.046299
1295.000000;0.878078
1294.000000;0.769132
1293.000000;0.718499
1292.000000;0.806904
1291.000000;1.103706
1290.000000;1.532657
1289.000000;1.565456
1288.000000;1.316086
1287.000000;1.001521
1286.000000;0.881709
1285.000000;0.823420
1284.000000;0.816279
1283.000000;0.925726
1282.000000;0.967541
1281.000000;0.772496
1280.000000;0.692701
1279.000000;0.742335
1278.000000;0.827062
1277.000000;0.809601
1276.000000;0.733108
1275.000000;0.745457
1274.000000;0.953856
1273.000000;1.542875
1272.000000;1.176578
1271.000000;1.066155
1270.000000;1.527053
1269.000000;0.893639
1268.000000;0.599034
1267.000000;0.516721
1266.000000;0.553751
1265.000000;0.685697
1264.000000;0.867890
1263.000000;1.082804
1262.000000;1.324756
1261.000000;1.410250
1260.000000;1.181672
1259.000000;0.890901
1258.000000;0.689059
1257.000000;0.599971
1256.000000;0.596845
1255.000000;0.633970
1254.000000;0.702881
1253.000000;0.867066
1252.000000;1.057360
1251.000000;0.914717
1250.000000;0.718465
1249.000000;0.635300
1248.000000;0.654005
1247.000000;0.777426
1246.000000;1.027426
1245.000000;1.269345
1244.000000;0.942666
1243.000000;0.698919
1242.000000;0.602296
1241.000000;0.604635
1240.000000;0.709587
1239.000000;0.861966
1238.000000;0.898259
1237.000000;0.913064
1236.000000;0.938099
1235.000000;0.887617
1234.000000;0.792363
1233.000000;0.682769
1232.000000;0.623112
1231.000000;0.646478
1230.000000;0.695067
1229.000000;0.685168
1228.000000;0.682572
1227.000000;0.728294
1226.000000;0.774872
1225.000000;0.820120
1224.000000;0.939279
1223.000000;1.337689
1222.000000;1.306479
1221.000000;1.051598
1220.000000;1.122321
1219.000000;1.361285
1218.000000;1.606801
1217.000000;1.550551
1216.000000;1.216819
1215.000000;0.952469
1214.000000;0.783411
1213.000000;0.696938
1212.000000;0.722019
1211.000000;0.965668
1210.000000;1.846117
1209.000000;0.894399
1208.000000;0.702129
1207.000000;0.679078
1206.000000;0.794342
1205.000000;1.226020
1204.000000;1.656007
1203.000000;1.035426
1202.000000;0.876400
1201.000000;0.760840
1200.000000;0.657443
