Criado como novo conjunto de dados;"1909daniel.spp","-4227101.5 Secs"
cm-1;Abs
10000.000000;1.560812
9999.000000;1.559725
9998.000000;1.558628
9997.000000;1.557556
9996.000000;1.556446
9995.000000;1.555421
9994.000000;1.554163
9993.000000;1.552162
9992.000000;1.549932
9991.000000;1.547697
9990.000000;1.545920
9989.000000;1.544764
9988.000000;1.544090
9987.000000;1.543785
9986.000000;1.543963
9985.000000;1.544637
9984.000000;1.545643
9983.000000;1.546885
9982.000000;1.548092
9981.000000;1.548325
9980.000000;1.546663
9979.000000;1.543697
9978.000000;1.541415
9977.000000;1.541077
9976.000000;1.541875
9975.000000;1.542256
9974.000000;1.541914
9973.000000;1.541626
9972.000000;1.541579
9971.000000;1.540954
9970.000000;1.539186
9969.000000;1.536792
9968.000000;1.534723
9967.000000;1.533454
9966.000000;1.532909
9965.000000;1.532891
9964.000000;1.533288
9963.000000;1.533990
9962.000000;1.534710
9961.000000;1.534889
9960.000000;1.533936
9959.000000;1.531776
9958.000000;1.529086
9957.000000;1.526898
9956.000000;1.526026
9955.000000;1.526737
9954.000000;1.528529
9953.000000;1.530036
9952.000000;1.529694
9951.000000;1.527086
9950.000000;1.523472
9949.000000;1.520636
9948.000000;1.519454
9947.000000;1.519729
9946.000000;1.520894
9945.000000;1.522343
9944.000000;1.523296
9943.000000;1.522995
9942.000000;1.521254
9941.000000;1.518648
9940.000000;1.516204
9939.000000;1.514997
9938.000000;1.515683
9937.000000;1.517967
9936.000000;1.520631
9935.000000;1.522468
9934.000000;1.523128
9933.000000;1.522718
9932.000000;1.520962
9931.000000;1.517611
9930.000000;1.513556
9929.000000;1.510484
9928.000000;1.509189
9927.000000;1.508939
9926.000000;1.508732
9925.000000;1.508458
9924.000000;1.508425
9923.000000;1.508401
9922.000000;1.507895
9921.000000;1.506980
9920.000000;1.506065
9919.000000;1.505063
9918.000000;1.503479
9917.000000;1.501328
9916.000000;1.499329
9915.000000;1.497973
9914.000000;1.497014
9913.000000;1.496250
9912.000000;1.496209
9911.000000;1.497494
9910.000000;1.499658
9909.000000;1.501297
9908.000000;1.501355
9907.000000;1.500065
9906.000000;1.498582
9905.000000;1.498016
9904.000000;1.498679
9903.000000;1.499902
9902.000000;1.500538
9901.000000;1.499854
9900.000000;1.498045
9899.000000;1.495907
9898.000000;1.494194
9897.000000;1.493325
9896.000000;1.493255
9895.000000;1.493226
9894.000000;1.492024
9893.000000;1.489193
9892.000000;1.485883
9891.000000;1.483843
9890.000000;1.483519
9889.000000;1.483733
9888.000000;1.483372
9887.000000;1.482689
9886.000000;1.482541
9885.000000;1.482972
9884.000000;1.483212
9883.000000;1.482753
9882.000000;1.481828
9881.000000;1.480941
9880.000000;1.480407
9879.000000;1.480195
9878.000000;1.479787
9877.000000;1.478429
9876.000000;1.476110
9875.000000;1.474079
9874.000000;1.473768
9873.000000;1.475240
9872.000000;1.477060
9871.000000;1.477654
9870.000000;1.476445
9869.000000;1.473884
9868.000000;1.471021
9867.000000;1.469145
9866.000000;1.469153
9865.000000;1.470762
9864.000000;1.472505
9863.000000;1.472807
9862.000000;1.471118
9861.000000;1.468122
9860.000000;1.465124
9859.000000;1.463285
9858.000000;1.463078
9857.000000;1.464198
9856.000000;1.466000
9855.000000;1.467908
9854.000000;1.469291
9853.000000;1.469353
9852.000000;1.467750
9851.000000;1.465225
9850.000000;1.463047
9849.000000;1.461853
9848.000000;1.461424
9847.000000;1.461391
9846.000000;1.461486
9845.000000;1.461213
9844.000000;1.460118
9843.000000;1.458590
9842.000000;1.457624
9841.000000;1.457492
9840.000000;1.457338
9839.000000;1.456441
9838.000000;1.455139
9837.000000;1.454078
9836.000000;1.453173
9835.000000;1.451866
9834.000000;1.450003
9833.000000;1.447999
9832.000000;1.446448
9831.000000;1.445869
9830.000000;1.446510
9829.000000;1.447965
9828.000000;1.449187
9827.000000;1.449394
9826.000000;1.448851
9825.000000;1.448375
9824.000000;1.448333
9823.000000;1.448445
9822.000000;1.448200
9821.000000;1.447103
9820.000000;1.444891
9819.000000;1.442064
9818.000000;1.439938
9817.000000;1.439617
9816.000000;1.440831
9815.000000;1.442092
9814.000000;1.441966
9813.000000;1.440109
9812.000000;1.437379
9811.000000;1.435314
9810.000000;1.435158
9809.000000;1.436746
9808.000000;1.438344
9807.000000;1.438151
9806.000000;1.436072
9805.000000;1.433603
9804.000000;1.432074
9803.000000;1.431563
9802.000000;1.431392
9801.000000;1.431056
9800.000000;1.430485
9799.000000;1.429811
9798.000000;1.429125
9797.000000;1.428336
9796.000000;1.427331
9795.000000;1.426389
9794.000000;1.426162
9793.000000;1.426869
9792.000000;1.427711
9791.000000;1.427574
9790.000000;1.426276
9789.000000;1.424622
9788.000000;1.423249
9787.000000;1.422010
9786.000000;1.420598
9785.000000;1.419224
9784.000000;1.418449
9783.000000;1.418628
9782.000000;1.419612
9781.000000;1.420672
9780.000000;1.420693
9779.000000;1.418875
9778.000000;1.415572
9777.000000;1.412133
9776.000000;1.409705
9775.000000;1.408407
9774.000000;1.407731
9773.000000;1.407365
9772.000000;1.407325
9771.000000;1.407554
9770.000000;1.407855
9769.000000;1.408237
9768.000000;1.408967
9767.000000;1.410118
9766.000000;1.411220
9765.000000;1.411529
9764.000000;1.410679
9763.000000;1.409029
9762.000000;1.407346
9761.000000;1.406140
9760.000000;1.405294
9759.000000;1.404303
9758.000000;1.402886
9757.000000;1.401350
9756.000000;1.400306
9755.000000;1.399962
9754.000000;1.399769
9753.000000;1.399001
9752.000000;1.397730
9751.000000;1.396937
9750.000000;1.397355
9749.000000;1.398361
9748.000000;1.398377
9747.000000;1.396496
9746.000000;1.393495
9745.000000;1.391140
9744.000000;1.390790
9743.000000;1.392577
9742.000000;1.395346
9741.000000;1.397185
9740.000000;1.396657
9739.000000;1.394102
9738.000000;1.391477
9737.000000;1.390556
9736.000000;1.391355
9735.000000;1.392297
9734.000000;1.391738
9733.000000;1.389329
9732.000000;1.386193
9731.000000;1.384070
9730.000000;1.384017
9729.000000;1.385428
9728.000000;1.386453
9727.000000;1.385829
9726.000000;1.384141
9725.000000;1.382907
9724.000000;1.382768
9723.000000;1.383096
9722.000000;1.383039
9721.000000;1.382294
9720.000000;1.380984
9719.000000;1.379477
9718.000000;1.378392
9717.000000;1.378142
9716.000000;1.378351
9715.000000;1.378228
9714.000000;1.377602
9713.000000;1.376951
9712.000000;1.376284
9711.000000;1.374769
9710.000000;1.371934
9709.000000;1.368687
9708.000000;1.366593
9707.000000;1.366428
9706.000000;1.367726
9705.000000;1.369358
9704.000000;1.370146
9703.000000;1.369294
9702.000000;1.366916
9701.000000;1.364204
9700.000000;1.362646
9699.000000;1.362876
9698.000000;1.364327
9697.000000;1.365893
9696.000000;1.366734
9695.000000;1.366515
9694.000000;1.365233
9693.000000;1.363177
9692.000000;1.361044
9691.000000;1.359765
9690.000000;1.359803
9689.000000;1.360506
9688.000000;1.360443
9687.000000;1.358741
9686.000000;1.356026
9685.000000;1.353800
9684.000000;1.352986
9683.000000;1.353327
9682.000000;1.353978
9681.000000;1.354266
9680.000000;1.353917
9679.000000;1.353008
9678.000000;1.351919
9677.000000;1.351006
9676.000000;1.350167
9675.000000;1.349003
9674.000000;1.347540
9673.000000;1.346441
9672.000000;1.346287
9671.000000;1.346893
9670.000000;1.347512
9669.000000;1.347623
9668.000000;1.347378
9667.000000;1.347342
9666.000000;1.347863
9665.000000;1.348644
9664.000000;1.348965
9663.000000;1.348385
9662.000000;1.347175
9661.000000;1.345929
9660.000000;1.344864
9659.000000;1.343801
9658.000000;1.342719
9657.000000;1.341845
9656.000000;1.341115
9655.000000;1.340003
9654.000000;1.338130
9653.000000;1.335787
9652.000000;1.333699
9651.000000;1.332490
9650.000000;1.332449
9649.000000;1.333414
9648.000000;1.334679
9647.000000;1.335327
9646.000000;1.334998
9645.000000;1.334118
9644.000000;1.333209
9643.000000;1.332256
9642.000000;1.330996
9641.000000;1.329586
9640.000000;1.328645
9639.000000;1.328643
9638.000000;1.329383
9637.000000;1.330064
9636.000000;1.329801
9635.000000;1.328309
9634.000000;1.326182
9633.000000;1.324360
9632.000000;1.323330
9631.000000;1.322958
9630.000000;1.323015
9629.000000;1.323471
9628.000000;1.324124
9627.000000;1.324448
9626.000000;1.324162
9625.000000;1.323557
9624.000000;1.322898
9623.000000;1.321891
9622.000000;1.320204
9621.000000;1.318334
9620.000000;1.317426
9619.000000;1.318089
9618.000000;1.319577
9617.000000;1.320231
9616.000000;1.318862
9615.000000;1.315917
9614.000000;1.313252
9613.000000;1.312450
9612.000000;1.313274
9611.000000;1.314034
9610.000000;1.313520
9609.000000;1.312136
9608.000000;1.310926
9607.000000;1.310146
9606.000000;1.309400
9605.000000;1.308718
9604.000000;1.308618
9603.000000;1.309140
9602.000000;1.309535
9601.000000;1.309182
9600.000000;1.308354
9599.000000;1.307777
9598.000000;1.307698
9597.000000;1.307563
9596.000000;1.306547
9595.000000;1.304390
9594.000000;1.301840
9593.000000;1.300141
9592.000000;1.299886
9591.000000;1.300401
9590.000000;1.300427
9589.000000;1.299384
9588.000000;1.297807
9587.000000;1.296674
9586.000000;1.296578
9585.000000;1.297403
9584.000000;1.298360
9583.000000;1.298375
9582.000000;1.296886
9581.000000;1.294416
9580.000000;1.292178
9579.000000;1.291055
9578.000000;1.291093
9577.000000;1.291782
9576.000000;1.292529
9575.000000;1.292935
9574.000000;1.292933
9573.000000;1.292750
9572.000000;1.292543
9571.000000;1.292112
9570.000000;1.291184
9569.000000;1.289948
9568.000000;1.288959
9567.000000;1.288489
9566.000000;1.288226
9565.000000;1.287690
9564.000000;1.286675
9563.000000;1.285293
9562.000000;1.283878
9561.000000;1.282933
9560.000000;1.282854
9559.000000;1.283542
9558.000000;1.284467
9557.000000;1.285167
9556.000000;1.285432
9555.000000;1.284993
9554.000000;1.283502
9553.000000;1.281133
9552.000000;1.278921
9551.000000;1.278038
9550.000000;1.278652
9549.000000;1.279656
9548.000000;1.279651
9547.000000;1.278244
9546.000000;1.276325
9545.000000;1.274986
9544.000000;1.274316
9543.000000;1.273442
9542.000000;1.271760
9541.000000;1.269785
9540.000000;1.268487
9539.000000;1.268116
9538.000000;1.268148
9537.000000;1.268194
9536.000000;1.268347
9535.000000;1.268633
9534.000000;1.268719
9533.000000;1.268451
9532.000000;1.268219
9531.000000;1.268433
9530.000000;1.268939
9529.000000;1.269252
9528.000000;1.269138
9527.000000;1.268652
9526.000000;1.267811
9525.000000;1.266638
9524.000000;1.265424
9523.000000;1.264500
9522.000000;1.263685
9521.000000;1.262332
9520.000000;1.260157
9519.000000;1.257822
9518.000000;1.256420
9517.000000;1.256437
9516.000000;1.257405
9515.000000;1.258501
9514.000000;1.259365
9513.000000;1.260144
9512.000000;1.260821
9511.000000;1.260932
9510.000000;1.260131
9509.000000;1.258718
9508.000000;1.257267
9507.000000;1.255930
9506.000000;1.254490
9505.000000;1.252948
9504.000000;1.251612
9503.000000;1.250592
9502.000000;1.249687
9501.000000;1.248915
9500.000000;1.248716
9499.000000;1.249346
9498.000000;1.250428
9497.000000;1.251392
9496.000000;1.252045
9495.000000;1.252382
9494.000000;1.252100
9493.000000;1.250794
9492.000000;1.248595
9491.000000;1.246212
9490.000000;1.244277
9489.000000;1.242925
9488.000000;1.242055
9487.000000;1.241720
9486.000000;1.242023
9485.000000;1.242772
9484.000000;1.243434
9483.000000;1.243460
9482.000000;1.242643
9481.000000;1.241217
9480.000000;1.239692
9479.000000;1.238594
9478.000000;1.238209
9477.000000;1.238384
9476.000000;1.238590
9475.000000;1.238402
9474.000000;1.238043
9473.000000;1.238215
9472.000000;1.239161
9471.000000;1.240072
9470.000000;1.239794
9469.000000;1.238108
9468.000000;1.235949
9467.000000;1.234313
9466.000000;1.233373
9465.000000;1.232771
9464.000000;1.232309
9463.000000;1.232028
9462.000000;1.231868
9461.000000;1.231665
9460.000000;1.231447
9459.000000;1.231408
9458.000000;1.231545
9457.000000;1.231456
9456.000000;1.230598
9455.000000;1.228739
9454.000000;1.226271
9453.000000;1.224106
9452.000000;1.223097
9451.000000;1.223439
9450.000000;1.224649
9449.000000;1.226123
9448.000000;1.227516
9447.000000;1.228515
9446.000000;1.228609
9445.000000;1.227503
9444.000000;1.225630
9443.000000;1.223867
9442.000000;1.222747
9441.000000;1.222114
9440.000000;1.221500
9439.000000;1.220664
9438.000000;1.219724
9437.000000;1.218878
9436.000000;1.218141
9435.000000;1.217394
9434.000000;1.216716
9433.000000;1.216492
9432.000000;1.216910
9431.000000;1.217425
9430.000000;1.217175
9429.000000;1.216140
9428.000000;1.215440
9427.000000;1.216025
9426.000000;1.217332
9425.000000;1.217758
9424.000000;1.216422
9423.000000;1.213986
9422.000000;1.211753
9421.000000;1.210436
9420.000000;1.209919
9419.000000;1.209726
9418.000000;1.209437
9417.000000;1.208857
9416.000000;1.208038
9415.000000;1.207154
9414.000000;1.206336
9413.000000;1.205703
9412.000000;1.205532
9411.000000;1.206127
9410.000000;1.207405
9409.000000;1.208728
9408.000000;1.209271
9407.000000;1.208599
9406.000000;1.207037
9405.000000;1.205585
9404.000000;1.205243
9403.000000;1.206078
9402.000000;1.206950
9401.000000;1.206488
9400.000000;1.204480
9399.000000;1.202059
9398.000000;1.200434
9397.000000;1.199744
9396.000000;1.199309
9395.000000;1.198653
9394.000000;1.197916
9393.000000;1.197435
9392.000000;1.197284
9391.000000;1.197288
9390.000000;1.197231
9389.000000;1.196927
9388.000000;1.196248
9387.000000;1.195250
9386.000000;1.194264
9385.000000;1.193746
9384.000000;1.193916
9383.000000;1.194529
9382.000000;1.195098
9381.000000;1.195369
9380.000000;1.195479
9379.000000;1.195555
9378.000000;1.195365
9377.000000;1.194601
9376.000000;1.193386
9375.000000;1.192172
9374.000000;1.191167
9373.000000;1.190159
9372.000000;1.189000
9371.000000;1.187896
9370.000000;1.187074
9369.000000;1.186456
9368.000000;1.185913
9367.000000;1.185574
9366.000000;1.185600
9365.000000;1.185809
9364.000000;1.185856
9363.000000;1.185675
9362.000000;1.185465
9361.000000;1.185285
9360.000000;1.185037
9359.000000;1.184845
9358.000000;1.185061
9357.000000;1.185664
9356.000000;1.185961
9355.000000;1.185181
9354.000000;1.183310
9353.000000;1.181132
9352.000000;1.179468
9351.000000;1.178488
9350.000000;1.177819
9349.000000;1.177148
9348.000000;1.176574
9347.000000;1.176404
9346.000000;1.176699
9345.000000;1.177104
9344.000000;1.177132
9343.000000;1.176578
9342.000000;1.175637
9341.000000;1.174679
9340.000000;1.173932
9339.000000;1.173338
9338.000000;1.172722
9337.000000;1.172111
9336.000000;1.171791
9335.000000;1.171923
9334.000000;1.172173
9333.000000;1.171946
9332.000000;1.171054
9331.000000;1.169974
9330.000000;1.169349
9329.000000;1.169414
9328.000000;1.169961
9327.000000;1.170592
9326.000000;1.170782
9325.000000;1.170023
9324.000000;1.168305
9323.000000;1.166401
9322.000000;1.165312
9321.000000;1.165429
9320.000000;1.166392
9319.000000;1.167631
9318.000000;1.168695
9317.000000;1.169105
9316.000000;1.168378
9315.000000;1.166477
9314.000000;1.164011
9313.000000;1.161803
9312.000000;1.160392
9311.000000;1.159917
9310.000000;1.160162
9309.000000;1.160594
9308.000000;1.160674
9307.000000;1.160365
9306.000000;1.160119
9305.000000;1.160251
9304.000000;1.160563
9303.000000;1.160721
9302.000000;1.160688
9301.000000;1.160565
9300.000000;1.160291
9299.000000;1.159798
9298.000000;1.159180
9297.000000;1.158383
9296.000000;1.157029
9295.000000;1.155004
9294.000000;1.153061
9293.000000;1.152280
9292.000000;1.152910
9291.000000;1.154158
9290.000000;1.155121
9289.000000;1.155493
9288.000000;1.155308
9287.000000;1.154558
9286.000000;1.153419
9285.000000;1.152454
9284.000000;1.152147
9283.000000;1.152330
9282.000000;1.152348
9281.000000;1.151781
9280.000000;1.150918
9279.000000;1.150591
9278.000000;1.151508
9277.000000;1.153512
9276.000000;1.155402
9275.000000;1.155808
9274.000000;1.154438
9273.000000;1.152261
9272.000000;1.150405
9271.000000;1.149208
9270.000000;1.148442
9269.000000;1.147960
9268.000000;1.147691
9267.000000;1.147330
9266.000000;1.146592
9265.000000;1.145707
9264.000000;1.145179
9263.000000;1.145101
9262.000000;1.145093
9261.000000;1.144932
9260.000000;1.144800
9259.000000;1.144770
9258.000000;1.144458
9257.000000;1.143420
9256.000000;1.141692
9255.000000;1.139729
9254.000000;1.138027
9253.000000;1.136954
9252.000000;1.136749
9251.000000;1.137433
9250.000000;1.138776
9249.000000;1.140412
9248.000000;1.141930
9247.000000;1.142812
9246.000000;1.142586
9245.000000;1.141268
9244.000000;1.139559
9243.000000;1.138320
9242.000000;1.137821
9241.000000;1.137628
9240.000000;1.137227
9239.000000;1.136635
9238.000000;1.136316
9237.000000;1.136568
9236.000000;1.137088
9235.000000;1.137208
9234.000000;1.136562
9233.000000;1.135451
9232.000000;1.134516
9231.000000;1.134101
9230.000000;1.134036
9229.000000;1.133955
9228.000000;1.133628
9227.000000;1.132971
9226.000000;1.132014
9225.000000;1.130987
9224.000000;1.130279
9223.000000;1.130107
9222.000000;1.130296
9221.000000;1.130491
9220.000000;1.130506
9219.000000;1.130339
9218.000000;1.129982
9217.000000;1.129396
9216.000000;1.128617
9215.000000;1.127741
9214.000000;1.126845
9213.000000;1.126105
9212.000000;1.125861
9211.000000;1.126310
9210.000000;1.127152
9209.000000;1.127787
9208.000000;1.127919
9207.000000;1.127735
9206.000000;1.127458
9205.000000;1.127060
9204.000000;1.126549
9203.000000;1.126189
9202.000000;1.126092
9201.000000;1.125815
9200.000000;1.124810
9199.000000;1.123222
9198.000000;1.121798
9197.000000;1.120991
9196.000000;1.120565
9195.000000;1.120210
9194.000000;1.120102
9193.000000;1.120526
9192.000000;1.121192
9191.000000;1.121385
9190.000000;1.120787
9189.000000;1.119822
9188.000000;1.119148
9187.000000;1.119095
9186.000000;1.119595
9185.000000;1.120337
9184.000000;1.120811
9183.000000;1.120470
9182.000000;1.119187
9181.000000;1.117528
9180.000000;1.116375
9179.000000;1.116224
9178.000000;1.116878
9177.000000;1.117724
9176.000000;1.118205
9175.000000;1.118053
9174.000000;1.117279
9173.000000;1.116153
9172.000000;1.115205
9171.000000;1.114993
9170.000000;1.115624
9169.000000;1.116431
9168.000000;1.116354
9167.000000;1.114926
9166.000000;1.112895
9165.000000;1.111639
9164.000000;1.111856
9163.000000;1.112939
9162.000000;1.113704
9161.000000;1.113584
9160.000000;1.112959
9159.000000;1.112435
9158.000000;1.112097
9157.000000;1.111589
9156.000000;1.110811
9155.000000;1.110232
9154.000000;1.110368
9153.000000;1.111084
9152.000000;1.111658
9151.000000;1.111641
9150.000000;1.111353
9149.000000;1.111284
9148.000000;1.111240
9147.000000;1.110528
9146.000000;1.108993
9145.000000;1.107353
9144.000000;1.106305
9143.000000;1.105767
9142.000000;1.105358
9141.000000;1.105271
9140.000000;1.106070
9139.000000;1.107665
9138.000000;1.109018
9137.000000;1.109093
9136.000000;1.107856
9135.000000;1.106139
9134.000000;1.104752
9133.000000;1.103926
9132.000000;1.103425
9131.000000;1.102952
9130.000000;1.102446
9129.000000;1.102084
9128.000000;1.102020
9127.000000;1.102202
9126.000000;1.102518
9125.000000;1.103013
9124.000000;1.103749
9123.000000;1.104484
9122.000000;1.104710
9121.000000;1.104149
9120.000000;1.103086
9119.000000;1.102124
9118.000000;1.101692
9117.000000;1.101823
9116.000000;1.102223
9115.000000;1.102464
9114.000000;1.102241
9113.000000;1.101618
9112.000000;1.100978
9111.000000;1.100636
9110.000000;1.100592
9109.000000;1.100689
9108.000000;1.100836
9107.000000;1.100973
9106.000000;1.100963
9105.000000;1.100669
9104.000000;1.100086
9103.000000;1.099287
9102.000000;1.098333
9101.000000;1.097374
9100.000000;1.096727
9099.000000;1.096653
9098.000000;1.097041
9097.000000;1.097435
9096.000000;1.097399
9095.000000;1.096788
9094.000000;1.095758
9093.000000;1.094632
9092.000000;1.093709
9091.000000;1.093063
9090.000000;1.092580
9089.000000;1.092264
9088.000000;1.092372
9087.000000;1.093029
9086.000000;1.093784
9085.000000;1.093878
9084.000000;1.093047
9083.000000;1.091846
9082.000000;1.091061
9081.000000;1.090950
9080.000000;1.091149
9079.000000;1.091139
9078.000000;1.090690
9077.000000;1.090020
9076.000000;1.089666
9075.000000;1.090048
9074.000000;1.091000
9073.000000;1.091864
9072.000000;1.092165
9071.000000;1.092031
9070.000000;1.091778
9069.000000;1.091353
9068.000000;1.090564
9067.000000;1.089715
9066.000000;1.089502
9065.000000;1.090141
9064.000000;1.090989
9063.000000;1.091236
9062.000000;1.090738
9061.000000;1.089914
9060.000000;1.089100
9059.000000;1.088307
9058.000000;1.087512
9057.000000;1.086840
9056.000000;1.086424
9055.000000;1.086261
9054.000000;1.086226
9053.000000;1.086127
9052.000000;1.085819
9051.000000;1.085416
9050.000000;1.085318
9049.000000;1.085818
9048.000000;1.086676
9047.000000;1.087271
9046.000000;1.087199
9045.000000;1.086576
9044.000000;1.085777
9043.000000;1.085126
9042.000000;1.084852
9041.000000;1.085034
9040.000000;1.085410
9039.000000;1.085425
9038.000000;1.084709
9037.000000;1.083505
9036.000000;1.082521
9035.000000;1.082361
9034.000000;1.083080
9033.000000;1.084158
9032.000000;1.084839
9031.000000;1.084622
9030.000000;1.083606
9029.000000;1.082405
9028.000000;1.081682
9027.000000;1.081741
9026.000000;1.082424
9025.000000;1.083234
9024.000000;1.083586
9023.000000;1.083151
9022.000000;1.082160
9021.000000;1.081242
9020.000000;1.080843
9019.000000;1.080790
9018.000000;1.080557
9017.000000;1.079884
9016.000000;1.079030
9015.000000;1.078415
9014.000000;1.078182
9013.000000;1.078169
9012.000000;1.078205
9011.000000;1.078286
9010.000000;1.078449
9009.000000;1.078621
9008.000000;1.078691
9007.000000;1.078627
9006.000000;1.078379
9005.000000;1.077712
9004.000000;1.076434
9003.000000;1.074881
9002.000000;1.073903
9001.000000;1.074106
9000.000000;1.075249
8999.000000;1.076563
8998.000000;1.077553
8997.000000;1.078210
8996.000000;1.078542
8995.000000;1.078368
8994.000000;1.077673
8993.000000;1.076802
8992.000000;1.076079
8991.000000;1.075476
8990.000000;1.074869
8989.000000;1.074376
8988.000000;1.074162
8987.000000;1.074093
8986.000000;1.073939
8985.000000;1.073793
8984.000000;1.073998
8983.000000;1.074646
8982.000000;1.075374
8981.000000;1.075669
8980.000000;1.075253
8979.000000;1.074226
8978.000000;1.073041
8977.000000;1.072291
8976.000000;1.072269
8975.000000;1.072650
8974.000000;1.072791
8973.000000;1.072446
8972.000000;1.072017
8971.000000;1.072024
8970.000000;1.072427
8969.000000;1.072610
8968.000000;1.072087
8967.000000;1.071132
8966.000000;1.070585
8965.000000;1.071009
8964.000000;1.072132
8963.000000;1.073196
8962.000000;1.073711
8961.000000;1.073685
8960.000000;1.073187
8959.000000;1.072094
8958.000000;1.070449
8957.000000;1.068785
8956.000000;1.067793
8955.000000;1.067741
8954.000000;1.068392
8953.000000;1.069376
8952.000000;1.070421
8951.000000;1.071282
8950.000000;1.071701
8949.000000;1.071571
8948.000000;1.071073
8947.000000;1.070602
8946.000000;1.070490
8945.000000;1.070692
8944.000000;1.070743
8943.000000;1.070190
8942.000000;1.069149
8941.000000;1.068252
8940.000000;1.067955
8939.000000;1.068118
8938.000000;1.068359
8937.000000;1.068532
8936.000000;1.068668
8935.000000;1.068730
8934.000000;1.068740
8933.000000;1.068915
8932.000000;1.069289
8931.000000;1.069386
8930.000000;1.068673
8929.000000;1.067311
8928.000000;1.066084
8927.000000;1.065578
8926.000000;1.065745
8925.000000;1.066232
8924.000000;1.066768
8923.000000;1.067145
8922.000000;1.067188
8921.000000;1.066919
8920.000000;1.066559
8919.000000;1.066278
8918.000000;1.066105
8917.000000;1.066054
8916.000000;1.066083
8915.000000;1.065921
8914.000000;1.065279
8913.000000;1.064325
8912.000000;1.063665
8911.000000;1.063677
8910.000000;1.064095
8909.000000;1.064359
8908.000000;1.064195
8907.000000;1.063767
8906.000000;1.063462
8905.000000;1.063588
8904.000000;1.064075
8903.000000;1.064433
8902.000000;1.064226
8901.000000;1.063664
8900.000000;1.063467
8899.000000;1.064037
8898.000000;1.065011
8897.000000;1.065713
8896.000000;1.065749
8895.000000;1.065081
8894.000000;1.063919
8893.000000;1.062799
8892.000000;1.062408
8891.000000;1.062894
8890.000000;1.063518
8889.000000;1.063341
8888.000000;1.062186
8887.000000;1.060682
8886.000000;1.059510
8885.000000;1.058915
8884.000000;1.058852
8883.000000;1.059223
8882.000000;1.059894
8881.000000;1.060694
8880.000000;1.061509
8879.000000;1.062268
8878.000000;1.062866
8877.000000;1.063182
8876.000000;1.063140
8875.000000;1.062710
8874.000000;1.061946
8873.000000;1.061105
8872.000000;1.060536
8871.000000;1.060319
8870.000000;1.060144
8869.000000;1.059743
8868.000000;1.059321
8867.000000;1.059294
8866.000000;1.059692
8865.000000;1.060082
8864.000000;1.060112
8863.000000;1.059891
8862.000000;1.059776
8861.000000;1.059968
8860.000000;1.060386
8859.000000;1.060807
8858.000000;1.061048
8857.000000;1.061064
8856.000000;1.060894
8855.000000;1.060528
8854.000000;1.059946
8853.000000;1.059352
8852.000000;1.059174
8851.000000;1.059610
8850.000000;1.060263
8849.000000;1.060499
8848.000000;1.060186
8847.000000;1.059820
8846.000000;1.059892
8845.000000;1.060381
8844.000000;1.060941
8843.000000;1.061359
8842.000000;1.061682
8841.000000;1.062008
8840.000000;1.062300
8839.000000;1.062380
8838.000000;1.062022
8837.000000;1.061115
8836.000000;1.059822
8835.000000;1.058576
8834.000000;1.057826
8833.000000;1.057736
8832.000000;1.058092
8831.000000;1.058525
8830.000000;1.058829
8829.000000;1.059088
8828.000000;1.059442
8827.000000;1.059780
8826.000000;1.059786
8825.000000;1.059329
8824.000000;1.058670
8823.000000;1.058197
8822.000000;1.058069
8821.000000;1.058208
8820.000000;1.058491
8819.000000;1.058769
8818.000000;1.058827
8817.000000;1.058578
8816.000000;1.058234
8815.000000;1.058069
8814.000000;1.058033
8813.000000;1.057869
8812.000000;1.057612
8811.000000;1.057669
8810.000000;1.058292
8809.000000;1.059230
8808.000000;1.060043
8807.000000;1.060527
8806.000000;1.060667
8805.000000;1.060442
8804.000000;1.059923
8803.000000;1.059410
8802.000000;1.059167
8801.000000;1.059095
8800.000000;1.058911
8799.000000;1.058629
8798.000000;1.058572
8797.000000;1.058915
8796.000000;1.059471
8795.000000;1.060001
8794.000000;1.060484
8793.000000;1.060923
8792.000000;1.061109
8791.000000;1.060854
8790.000000;1.060372
8789.000000;1.060159
8788.000000;1.060454
8787.000000;1.060995
8786.000000;1.061368
8785.000000;1.061454
8784.000000;1.061455
8783.000000;1.061572
8782.000000;1.061794
8781.000000;1.061939
8780.000000;1.061801
8779.000000;1.061324
8778.000000;1.060738
8777.000000;1.060482
8776.000000;1.060811
8775.000000;1.061454
8774.000000;1.061812
8773.000000;1.061579
8772.000000;1.061046
8771.000000;1.060739
8770.000000;1.060883
8769.000000;1.061335
8768.000000;1.061864
8767.000000;1.062330
8766.000000;1.062652
8765.000000;1.062800
8764.000000;1.062797
8763.000000;1.062625
8762.000000;1.062206
8761.000000;1.061631
8760.000000;1.061318
8759.000000;1.061698
8758.000000;1.062686
8757.000000;1.063672
8756.000000;1.064081
8755.000000;1.063835
8754.000000;1.063290
8753.000000;1.062927
8752.000000;1.063115
8751.000000;1.063864
8750.000000;1.064650
8749.000000;1.064736
8748.000000;1.063933
8747.000000;1.062900
8746.000000;1.062457
8745.000000;1.062711
8744.000000;1.063094
8743.000000;1.063124
8742.000000;1.062870
8741.000000;1.062680
8740.000000;1.062747
8739.000000;1.063036
8738.000000;1.063465
8737.000000;1.063993
8736.000000;1.064600
8735.000000;1.065236
8734.000000;1.065694
8733.000000;1.065630
8732.000000;1.064939
8731.000000;1.064132
8730.000000;1.064024
8729.000000;1.064881
8728.000000;1.066026
8727.000000;1.066505
8726.000000;1.066039
8725.000000;1.065200
8724.000000;1.064723
8723.000000;1.064859
8722.000000;1.065379
8721.000000;1.065996
8720.000000;1.066644
8719.000000;1.067414
8718.000000;1.068256
8717.000000;1.068827
8716.000000;1.068719
8715.000000;1.067908
8714.000000;1.066916
8713.000000;1.066439
8712.000000;1.066787
8711.000000;1.067658
8710.000000;1.068346
8709.000000;1.068194
8708.000000;1.067091
8707.000000;1.065670
8706.000000;1.064879
8705.000000;1.065129
8704.000000;1.065929
8703.000000;1.066487
8702.000000;1.066577
8701.000000;1.066616
8700.000000;1.066979
8699.000000;1.067490
8698.000000;1.067674
8697.000000;1.067301
8696.000000;1.066596
8695.000000;1.066036
8694.000000;1.066024
8693.000000;1.066657
8692.000000;1.067681
8691.000000;1.068685
8690.000000;1.069369
8689.000000;1.069591
8688.000000;1.069280
8687.000000;1.068500
8686.000000;1.067569
8685.000000;1.066893
8684.000000;1.066579
8683.000000;1.066400
8682.000000;1.066243
8681.000000;1.066386
8680.000000;1.067133
8679.000000;1.068322
8678.000000;1.069379
8677.000000;1.069846
8676.000000;1.069693
8675.000000;1.069220
8674.000000;1.068847
8673.000000;1.068959
8672.000000;1.069669
8671.000000;1.070638
8670.000000;1.071259
8669.000000;1.071162
8668.000000;1.070518
8667.000000;1.069812
8666.000000;1.069369
8665.000000;1.069163
8664.000000;1.069009
8663.000000;1.068867
8662.000000;1.068906
8661.000000;1.069252
8660.000000;1.069713
8659.000000;1.069858
8658.000000;1.069430
8657.000000;1.068612
8656.000000;1.067816
8655.000000;1.067317
8654.000000;1.067182
8653.000000;1.067419
8652.000000;1.067979
8651.000000;1.068630
8650.000000;1.069103
8649.000000;1.069411
8648.000000;1.069823
8647.000000;1.070393
8646.000000;1.070713
8645.000000;1.070298
8644.000000;1.069140
8643.000000;1.067722
8642.000000;1.066612
8641.000000;1.066208
8640.000000;1.066694
8639.000000;1.067891
8638.000000;1.069128
8637.000000;1.069620
8636.000000;1.069220
8635.000000;1.068609
8634.000000;1.068544
8633.000000;1.069034
8632.000000;1.069506
8631.000000;1.069634
8630.000000;1.069697
8629.000000;1.070026
8628.000000;1.070444
8627.000000;1.070474
8626.000000;1.069995
8625.000000;1.069409
8624.000000;1.069182
8623.000000;1.069409
8622.000000;1.069812
8621.000000;1.069990
8620.000000;1.069640
8619.000000;1.068757
8618.000000;1.067750
8617.000000;1.067223
8616.000000;1.067458
8615.000000;1.068128
8614.000000;1.068588
8613.000000;1.068454
8612.000000;1.067870
8611.000000;1.067288
8610.000000;1.067101
8609.000000;1.067428
8608.000000;1.068121
8607.000000;1.068891
8606.000000;1.069503
8605.000000;1.069910
8604.000000;1.070178
8603.000000;1.070323
8602.000000;1.070257
8601.000000;1.069909
8600.000000;1.069352
8599.000000;1.068799
8598.000000;1.068468
8597.000000;1.068397
8596.000000;1.068389
8595.000000;1.068198
8594.000000;1.067822
8593.000000;1.067527
8592.000000;1.067517
8591.000000;1.067662
8590.000000;1.067672
8589.000000;1.067483
8588.000000;1.067290
8587.000000;1.067215
8586.000000;1.067128
8585.000000;1.066878
8584.000000;1.066533
8583.000000;1.066267
8582.000000;1.066120
8581.000000;1.065999
8580.000000;1.065867
8579.000000;1.065788
8578.000000;1.065765
8577.000000;1.065654
8576.000000;1.065312
8575.000000;1.064828
8574.000000;1.064531
8573.000000;1.064709
8572.000000;1.065311
8571.000000;1.065978
8570.000000;1.066417
8569.000000;1.066650
8568.000000;1.066826
8567.000000;1.066896
8566.000000;1.066710
8565.000000;1.066379
8564.000000;1.066307
8563.000000;1.066739
8562.000000;1.067471
8561.000000;1.068104
8560.000000;1.068398
8559.000000;1.068247
8558.000000;1.067524
8557.000000;1.066280
8556.000000;1.065017
8555.000000;1.064446
8554.000000;1.064866
8553.000000;1.065906
8552.000000;1.066912
8551.000000;1.067408
8550.000000;1.067225
8549.000000;1.066457
8548.000000;1.065466
8547.000000;1.064755
8546.000000;1.064618
8545.000000;1.064901
8544.000000;1.065195
8543.000000;1.065237
8542.000000;1.065086
8541.000000;1.064970
8540.000000;1.065037
8539.000000;1.065240
8538.000000;1.065395
8537.000000;1.065369
8536.000000;1.065184
8535.000000;1.064907
8534.000000;1.064498
8533.000000;1.063928
8532.000000;1.063430
8531.000000;1.063387
8530.000000;1.063840
8529.000000;1.064273
8528.000000;1.064122
8527.000000;1.063393
8526.000000;1.062631
8525.000000;1.062327
8524.000000;1.062530
8523.000000;1.062958
8522.000000;1.063298
8521.000000;1.063372
8520.000000;1.063191
8519.000000;1.062929
8518.000000;1.062765
8517.000000;1.062741
8516.000000;1.062831
8515.000000;1.063095
8514.000000;1.063599
8513.000000;1.064197
8512.000000;1.064575
8511.000000;1.064562
8510.000000;1.064266
8509.000000;1.063896
8508.000000;1.063578
8507.000000;1.063364
8506.000000;1.063209
8505.000000;1.062902
8504.000000;1.062270
8503.000000;1.061534
8502.000000;1.061236
8501.000000;1.061586
8500.000000;1.062085
8499.000000;1.062040
8498.000000;1.061411
8497.000000;1.060870
8496.000000;1.061038
8495.000000;1.061855
8494.000000;1.062714
8493.000000;1.063047
8492.000000;1.062776
8491.000000;1.062336
8490.000000;1.062295
8489.000000;1.062826
8488.000000;1.063518
8487.000000;1.063780
8486.000000;1.063436
8485.000000;1.062829
8484.000000;1.062379
8483.000000;1.062254
8482.000000;1.062435
8481.000000;1.062877
8480.000000;1.063439
8479.000000;1.063816
8478.000000;1.063711
8477.000000;1.063103
8476.000000;1.062291
8475.000000;1.061670
8474.000000;1.061455
8473.000000;1.061537
8472.000000;1.061596
8471.000000;1.061436
8470.000000;1.061225
8469.000000;1.061276
8468.000000;1.061625
8467.000000;1.062011
8466.000000;1.062313
8465.000000;1.062730
8464.000000;1.063349
8463.000000;1.063786
8462.000000;1.063560
8461.000000;1.062744
8460.000000;1.061934
8459.000000;1.061553
8458.000000;1.061477
8457.000000;1.061403
8456.000000;1.061313
8455.000000;1.061377
8454.000000;1.061574
8453.000000;1.061632
8452.000000;1.061326
8451.000000;1.060736
8450.000000;1.060173
8449.000000;1.059932
8448.000000;1.060064
8447.000000;1.060344
8446.000000;1.060495
8445.000000;1.060474
8444.000000;1.060493
8443.000000;1.060736
8442.000000;1.061162
8441.000000;1.061611
8440.000000;1.061953
8439.000000;1.062046
8438.000000;1.061732
8437.000000;1.061056
8436.000000;1.060414
8435.000000;1.060215
8434.000000;1.060414
8433.000000;1.060570
8432.000000;1.060376
8431.000000;1.059941
8430.000000;1.059521
8429.000000;1.059218
8428.000000;1.059043
8427.000000;1.059048
8426.000000;1.059204
8425.000000;1.059309
8424.000000;1.059224
8423.000000;1.059098
8422.000000;1.059153
8421.000000;1.059354
8420.000000;1.059511
8419.000000;1.059638
8418.000000;1.059958
8417.000000;1.060543
8416.000000;1.061164
8415.000000;1.061535
8414.000000;1.061498
8413.000000;1.060960
8412.000000;1.059895
8411.000000;1.058560
8410.000000;1.057534
8409.000000;1.057312
8408.000000;1.057873
8407.000000;1.058701
8406.000000;1.059211
8405.000000;1.059148
8404.000000;1.058721
8403.000000;1.058381
8402.000000;1.058412
8401.000000;1.058685
8400.000000;1.058904
8399.000000;1.059042
8398.000000;1.059332
8397.000000;1.059818
8396.000000;1.060198
8395.000000;1.060242
8394.000000;1.060106
8393.000000;1.060035
8392.000000;1.059970
8391.000000;1.059704
8390.000000;1.059297
8389.000000;1.059085
8388.000000;1.059303
8387.000000;1.059880
8386.000000;1.060546
8385.000000;1.060955
8384.000000;1.060828
8383.000000;1.060204
8382.000000;1.059529
8381.000000;1.059234
8380.000000;1.059273
8379.000000;1.059277
8378.000000;1.059071
8377.000000;1.058820
8376.000000;1.058692
8375.000000;1.058682
8374.000000;1.058774
8373.000000;1.058992
8372.000000;1.059217
8371.000000;1.059219
8370.000000;1.058984
8369.000000;1.058777
8368.000000;1.058781
8367.000000;1.058886
8366.000000;1.058920
8365.000000;1.058873
8364.000000;1.058772
8363.000000;1.058595
8362.000000;1.058437
8361.000000;1.058505
8360.000000;1.058751
8359.000000;1.058765
8358.000000;1.058311
8357.000000;1.057760
8356.000000;1.057662
8355.000000;1.058009
8354.000000;1.058269
8353.000000;1.058110
8352.000000;1.057751
8351.000000;1.057584
8350.000000;1.057742
8349.000000;1.058106
8348.000000;1.058460
8347.000000;1.058541
8346.000000;1.058195
8345.000000;1.057674
8344.000000;1.057542
8343.000000;1.058090
8342.000000;1.058930
8341.000000;1.059374
8340.000000;1.059137
8339.000000;1.058534
8338.000000;1.058061
8337.000000;1.057951
8336.000000;1.058118
8335.000000;1.058325
8334.000000;1.058331
8333.000000;1.058024
8332.000000;1.057508
8331.000000;1.057019
8330.000000;1.056703
8329.000000;1.056547
8328.000000;1.056532
8327.000000;1.056730
8326.000000;1.057161
8325.000000;1.057648
8324.000000;1.057965
8323.000000;1.058055
8322.000000;1.057964
8321.000000;1.057609
8320.000000;1.056860
8319.000000;1.055914
8318.000000;1.055322
8317.000000;1.055449
8316.000000;1.056037
8315.000000;1.056505
8314.000000;1.056611
8313.000000;1.056604
8312.000000;1.056739
8311.000000;1.056915
8310.000000;1.056876
8309.000000;1.056577
8308.000000;1.056204
8307.000000;1.055942
8306.000000;1.055864
8305.000000;1.055965
8304.000000;1.056185
8303.000000;1.056402
8302.000000;1.056484
8301.000000;1.056366
8300.000000;1.056103
8299.000000;1.055849
8298.000000;1.055778
8297.000000;1.055931
8296.000000;1.056159
8295.000000;1.056293
8294.000000;1.056363
8293.000000;1.056508
8292.000000;1.056691
8291.000000;1.056704
8290.000000;1.056530
8289.000000;1.056483
8288.000000;1.056814
8287.000000;1.057319
8286.000000;1.057538
8285.000000;1.057266
8284.000000;1.056682
8283.000000;1.056046
8282.000000;1.055492
8281.000000;1.055131
8280.000000;1.055115
8279.000000;1.055465
8278.000000;1.055978
8277.000000;1.056394
8276.000000;1.056571
8275.000000;1.056464
8274.000000;1.056058
8273.000000;1.055461
8272.000000;1.054971
8271.000000;1.054904
8270.000000;1.055309
8269.000000;1.055925
8268.000000;1.056388
8267.000000;1.056455
8266.000000;1.056069
8265.000000;1.055363
8264.000000;1.054631
8263.000000;1.054196
8262.000000;1.054190
8261.000000;1.054472
8260.000000;1.054821
8259.000000;1.055179
8258.000000;1.055616
8257.000000;1.056082
8256.000000;1.056326
8255.000000;1.056169
8254.000000;1.055734
8253.000000;1.055295
8252.000000;1.054961
8251.000000;1.054666
8250.000000;1.054456
8249.000000;1.054576
8248.000000;1.055138
8247.000000;1.055842
8246.000000;1.056194
8245.000000;1.056005
8244.000000;1.055525
8243.000000;1.055086
8242.000000;1.054737
8241.000000;1.054331
8240.000000;1.053870
8239.000000;1.053603
8238.000000;1.053730
8237.000000;1.054101
8236.000000;1.054337
8235.000000;1.054251
8234.000000;1.054058
8233.000000;1.054084
8232.000000;1.054370
8231.000000;1.054691
8230.000000;1.054931
8229.000000;1.055249
8228.000000;1.055792
8227.000000;1.056348
8226.000000;1.056457
8225.000000;1.055884
8224.000000;1.054917
8223.000000;1.054130
8222.000000;1.053870
8221.000000;1.054012
8220.000000;1.054192
8219.000000;1.054231
8218.000000;1.054238
8217.000000;1.054340
8216.000000;1.054440
8215.000000;1.054383
8214.000000;1.054233
8213.000000;1.054188
8212.000000;1.054228
8211.000000;1.054052
8210.000000;1.053468
8209.000000;1.052720
8208.000000;1.052295
8207.000000;1.052446
8206.000000;1.052993
8205.000000;1.053541
8204.000000;1.053788
8203.000000;1.053665
8202.000000;1.053285
8201.000000;1.052844
8200.000000;1.052541
8199.000000;1.052540
8198.000000;1.052897
8197.000000;1.053452
8196.000000;1.053854
8195.000000;1.053827
8194.000000;1.053475
8193.000000;1.053215
8192.000000;1.053350
8191.000000;1.053775
8190.000000;1.054142
8189.000000;1.054254
8188.000000;1.054201
8187.000000;1.054198
8186.000000;1.054362
8185.000000;1.054629
8184.000000;1.054805
8183.000000;1.054707
8182.000000;1.054329
8181.000000;1.053860
8180.000000;1.053517
8179.000000;1.053384
8178.000000;1.053406
8177.000000;1.053487
8176.000000;1.053537
8175.000000;1.053496
8174.000000;1.053372
8173.000000;1.053211
8172.000000;1.053028
8171.000000;1.052835
8170.000000;1.052740
8169.000000;1.052876
8168.000000;1.053170
8167.000000;1.053336
8166.000000;1.053199
8165.000000;1.052934
8164.000000;1.052823
8163.000000;1.052910
8162.000000;1.053052
8161.000000;1.053216
8160.000000;1.053488
8159.000000;1.053823
8158.000000;1.054035
8157.000000;1.054057
8156.000000;1.054030
8155.000000;1.054067
8154.000000;1.054110
8153.000000;1.054105
8152.000000;1.054106
8151.000000;1.054114
8150.000000;1.053987
8149.000000;1.053663
8148.000000;1.053329
8147.000000;1.053169
8146.000000;1.053060
8145.000000;1.052726
8144.000000;1.052177
8143.000000;1.051745
8142.000000;1.051662
8141.000000;1.051811
8140.000000;1.051957
8139.000000;1.052039
8138.000000;1.052067
8137.000000;1.051909
8136.000000;1.051432
8135.000000;1.050831
8134.000000;1.050599
8133.000000;1.051058
8132.000000;1.052023
8131.000000;1.052992
8130.000000;1.053558
8129.000000;1.053597
8128.000000;1.053230
8127.000000;1.052774
8126.000000;1.052639
8125.000000;1.053010
8124.000000;1.053572
8123.000000;1.053746
8122.000000;1.053297
8121.000000;1.052604
8120.000000;1.052209
8119.000000;1.052227
8118.000000;1.052340
8117.000000;1.052278
8116.000000;1.052116
8115.000000;1.052075
8114.000000;1.052211
8113.000000;1.052410
8112.000000;1.052577
8111.000000;1.052708
8110.000000;1.052798
8109.000000;1.052761
8108.000000;1.052507
8107.000000;1.052088
8106.000000;1.051725
8105.000000;1.051659
8104.000000;1.051922
8103.000000;1.052275
8102.000000;1.052414
8101.000000;1.052261
8100.000000;1.052013
8099.000000;1.051887
8098.000000;1.051877
8097.000000;1.051816
8096.000000;1.051646
8095.000000;1.051511
8094.000000;1.051565
8093.000000;1.051771
8092.000000;1.051951
8091.000000;1.051984
8090.000000;1.051859
8089.000000;1.051602
8088.000000;1.051291
8087.000000;1.051140
8086.000000;1.051392
8085.000000;1.052033
8084.000000;1.052743
8083.000000;1.053215
8082.000000;1.053413
8081.000000;1.053411
8080.000000;1.053139
8079.000000;1.052550
8078.000000;1.051906
8077.000000;1.051612
8076.000000;1.051699
8075.000000;1.051775
8074.000000;1.051556
8073.000000;1.051248
8072.000000;1.051206
8071.000000;1.051446
8070.000000;1.051692
8069.000000;1.051796
8068.000000;1.051856
8067.000000;1.051975
8066.000000;1.052108
8065.000000;1.052171
8064.000000;1.052150
8063.000000;1.052046
8062.000000;1.051881
8061.000000;1.051785
8060.000000;1.051962
8059.000000;1.052486
8058.000000;1.053156
8057.000000;1.053593
8056.000000;1.053498
8055.000000;1.052876
8054.000000;1.052073
8053.000000;1.051544
8052.000000;1.051479
8051.000000;1.051671
8050.000000;1.051774
8049.000000;1.051653
8048.000000;1.051410
8047.000000;1.051181
8046.000000;1.051051
8045.000000;1.051130
8044.000000;1.051493
8043.000000;1.052009
8042.000000;1.052370
8041.000000;1.052366
8040.000000;1.052060
8039.000000;1.051660
8038.000000;1.051323
8037.000000;1.051118
8036.000000;1.051059
8035.000000;1.051081
8034.000000;1.051070
8033.000000;1.050975
8032.000000;1.050832
8031.000000;1.050638
8030.000000;1.050337
8029.000000;1.049997
8028.000000;1.049867
8027.000000;1.050117
8026.000000;1.050571
8025.000000;1.050866
8024.000000;1.050867
8023.000000;1.050807
8022.000000;1.050985
8021.000000;1.051438
8020.000000;1.051955
8019.000000;1.052313
8018.000000;1.052430
8017.000000;1.052321
8016.000000;1.052046
8015.000000;1.051704
8014.000000;1.051448
8013.000000;1.051444
8012.000000;1.051752
8011.000000;1.052225
8010.000000;1.052568
8009.000000;1.052557
8008.000000;1.052235
8007.000000;1.051830
8006.000000;1.051485
8005.000000;1.051133
8004.000000;1.050653
8003.000000;1.050101
8002.000000;1.049699
8001.000000;1.049639
8000.000000;1.049976
7999.000000;1.050655
7998.000000;1.051531
7997.000000;1.052343
7996.000000;1.052813
7995.000000;1.052860
7994.000000;1.052654
7993.000000;1.052362
7992.000000;1.051929
7991.000000;1.051242
7990.000000;1.050502
7989.000000;1.050229
7988.000000;1.050768
7987.000000;1.051863
7986.000000;1.052831
7985.000000;1.053159
7984.000000;1.052862
7983.000000;1.052295
7982.000000;1.051766
7981.000000;1.051386
7980.000000;1.051175
7979.000000;1.051138
7978.000000;1.051201
7977.000000;1.051203
7976.000000;1.051025
7975.000000;1.050736
7974.000000;1.050534
7973.000000;1.050546
7972.000000;1.050735
7971.000000;1.050989
7970.000000;1.051222
7969.000000;1.051378
7968.000000;1.051401
7967.000000;1.051310
7966.000000;1.051260
7965.000000;1.051436
7964.000000;1.051865
7963.000000;1.052353
7962.000000;1.052644
7961.000000;1.052606
7960.000000;1.052309
7959.000000;1.051960
7958.000000;1.051757
7957.000000;1.051742
7956.000000;1.051794
7955.000000;1.051773
7954.000000;1.051661
7953.000000;1.051537
7952.000000;1.051462
7951.000000;1.051467
7950.000000;1.051576
7949.000000;1.051754
7948.000000;1.051857
7947.000000;1.051776
7946.000000;1.051604
7945.000000;1.051545
7944.000000;1.051634
7943.000000;1.051709
7942.000000;1.051669
7941.000000;1.051604
7940.000000;1.051611
7939.000000;1.051648
7938.000000;1.051689
7937.000000;1.051875
7936.000000;1.052310
7935.000000;1.052820
7934.000000;1.053088
7933.000000;1.053019
7932.000000;1.052806
7931.000000;1.052674
7930.000000;1.052697
7929.000000;1.052855
7928.000000;1.053067
7927.000000;1.053138
7926.000000;1.052829
7925.000000;1.052116
7924.000000;1.051341
7923.000000;1.051005
7922.000000;1.051388
7921.000000;1.052326
7920.000000;1.053291
7919.000000;1.053737
7918.000000;1.053494
7917.000000;1.052885
7916.000000;1.052399
7915.000000;1.052258
7914.000000;1.052356
7913.000000;1.052554
7912.000000;1.052877
7911.000000;1.053369
7910.000000;1.053871
7909.000000;1.054112
7908.000000;1.053974
7907.000000;1.053622
7906.000000;1.053353
7905.000000;1.053370
7904.000000;1.053682
7903.000000;1.054147
7902.000000;1.054580
7901.000000;1.054852
7900.000000;1.054904
7899.000000;1.054716
7898.000000;1.054314
7897.000000;1.053823
7896.000000;1.053460
7895.000000;1.053410
7894.000000;1.053707
7893.000000;1.054234
7892.000000;1.054819
7891.000000;1.055302
7890.000000;1.055513
7889.000000;1.055303
7888.000000;1.054679
7887.000000;1.053920
7886.000000;1.053453
7885.000000;1.053522
7884.000000;1.053952
7883.000000;1.054332
7882.000000;1.054406
7881.000000;1.054255
7880.000000;1.054089
7879.000000;1.054001
7878.000000;1.053986
7877.000000;1.054082
7876.000000;1.054343
7875.000000;1.054696
7874.000000;1.054976
7873.000000;1.055134
7872.000000;1.055286
7871.000000;1.055508
7870.000000;1.055683
7869.000000;1.055621
7868.000000;1.055277
7867.000000;1.054800
7866.000000;1.054402
7865.000000;1.054217
7864.000000;1.054258
7863.000000;1.054429
7862.000000;1.054605
7861.000000;1.054726
7860.000000;1.054834
7859.000000;1.054997
7858.000000;1.055216
7857.000000;1.055430
7856.000000;1.055579
7855.000000;1.055640
7854.000000;1.055648
7853.000000;1.055696
7852.000000;1.055885
7851.000000;1.056215
7850.000000;1.056550
7849.000000;1.056750
7848.000000;1.056830
7847.000000;1.056917
7846.000000;1.057052
7845.000000;1.057130
7844.000000;1.057079
7843.000000;1.057030
7842.000000;1.057205
7841.000000;1.057613
7840.000000;1.057974
7839.000000;1.057967
7838.000000;1.057556
7837.000000;1.057001
7836.000000;1.056623
7835.000000;1.056577
7834.000000;1.056824
7833.000000;1.057190
7832.000000;1.057441
7831.000000;1.057388
7830.000000;1.057013
7829.000000;1.056494
7828.000000;1.056084
7827.000000;1.055953
7826.000000;1.056113
7825.000000;1.056451
7824.000000;1.056802
7823.000000;1.057051
7822.000000;1.057213
7821.000000;1.057397
7820.000000;1.057660
7819.000000;1.057906
7818.000000;1.057973
7817.000000;1.057797
7816.000000;1.057466
7815.000000;1.057113
7814.000000;1.056816
7813.000000;1.056615
7812.000000;1.056588
7811.000000;1.056825
7810.000000;1.057299
7809.000000;1.057774
7808.000000;1.057941
7807.000000;1.057699
7806.000000;1.057276
7805.000000;1.057023
7804.000000;1.057098
7803.000000;1.057400
7802.000000;1.057761
7801.000000;1.058096
7800.000000;1.058343
7799.000000;1.058413
7798.000000;1.058288
7797.000000;1.058099
7796.000000;1.058008
7795.000000;1.058048
7794.000000;1.058162
7793.000000;1.058350
7792.000000;1.058682
7791.000000;1.059173
7790.000000;1.059707
7789.000000;1.060103
7788.000000;1.060209
7787.000000;1.059971
7786.000000;1.059508
7785.000000;1.059094
7784.000000;1.058992
7783.000000;1.059249
7782.000000;1.059691
7781.000000;1.060109
7780.000000;1.060397
7779.000000;1.060538
7778.000000;1.060548
7777.000000;1.060494
7776.000000;1.060494
7775.000000;1.060623
7774.000000;1.060824
7773.000000;1.060955
7772.000000;1.060940
7771.000000;1.060850
7770.000000;1.060835
7769.000000;1.060980
7768.000000;1.061253
7767.000000;1.061563
7766.000000;1.061832
7765.000000;1.061973
7764.000000;1.061862
7763.000000;1.061444
7762.000000;1.060869
7761.000000;1.060416
7760.000000;1.060231
7759.000000;1.060213
7758.000000;1.060210
7757.000000;1.060268
7756.000000;1.060543
7755.000000;1.061035
7754.000000;1.061514
7753.000000;1.061766
7752.000000;1.061815
7751.000000;1.061872
7750.000000;1.062084
7749.000000;1.062374
7748.000000;1.062516
7747.000000;1.062376
7746.000000;1.062084
7745.000000;1.061934
7744.000000;1.062072
7743.000000;1.062347
7742.000000;1.062506
7741.000000;1.062487
7740.000000;1.062425
7739.000000;1.062417
7738.000000;1.062413
7737.000000;1.062350
7736.000000;1.062281
7735.000000;1.062313
7734.000000;1.062475
7733.000000;1.062704
7732.000000;1.062901
7731.000000;1.062994
7730.000000;1.063001
7729.000000;1.063046
7728.000000;1.063237
7727.000000;1.063510
7726.000000;1.063668
7725.000000;1.063631
7724.000000;1.063568
7723.000000;1.063701
7722.000000;1.064027
7721.000000;1.064334
7720.000000;1.064494
7719.000000;1.064609
7718.000000;1.064807
7717.000000;1.064994
7716.000000;1.064951
7715.000000;1.064679
7714.000000;1.064514
7713.000000;1.064771
7712.000000;1.065363
7711.000000;1.065901
7710.000000;1.066138
7709.000000;1.066153
7708.000000;1.066103
7707.000000;1.065983
7706.000000;1.065745
7705.000000;1.065502
7704.000000;1.065423
7703.000000;1.065520
7702.000000;1.065685
7701.000000;1.065878
7700.000000;1.066137
7699.000000;1.066451
7698.000000;1.066791
7697.000000;1.067206
7696.000000;1.067700
7695.000000;1.068032
7694.000000;1.067892
7693.000000;1.067322
7692.000000;1.066758
7691.000000;1.066572
7690.000000;1.066728
7689.000000;1.066975
7688.000000;1.067193
7687.000000;1.067413
7686.000000;1.067646
7685.000000;1.067856
7684.000000;1.068032
7683.000000;1.068168
7682.000000;1.068238
7681.000000;1.068288
7680.000000;1.068464
7679.000000;1.068830
7678.000000;1.069250
7677.000000;1.069560
7676.000000;1.069781
7675.000000;1.069981
7674.000000;1.070049
7673.000000;1.069821
7672.000000;1.069408
7671.000000;1.069170
7670.000000;1.069293
7669.000000;1.069574
7668.000000;1.069693
7667.000000;1.069551
7666.000000;1.069289
7665.000000;1.069102
7664.000000;1.069140
7663.000000;1.069455
7662.000000;1.069929
7661.000000;1.070302
7660.000000;1.070401
7659.000000;1.070306
7658.000000;1.070226
7657.000000;1.070269
7656.000000;1.070432
7655.000000;1.070722
7654.000000;1.071152
7653.000000;1.071615
7652.000000;1.071934
7651.000000;1.072067
7650.000000;1.072160
7649.000000;1.072362
7648.000000;1.072668
7647.000000;1.072996
7646.000000;1.073285
7645.000000;1.073473
7644.000000;1.073469
7643.000000;1.073293
7642.000000;1.073166
7641.000000;1.073337
7640.000000;1.073805
7639.000000;1.074318
7638.000000;1.074646
7637.000000;1.074769
7636.000000;1.074799
7635.000000;1.074811
7634.000000;1.074818
7633.000000;1.074808
7632.000000;1.074762
7631.000000;1.074682
7630.000000;1.074659
7629.000000;1.074826
7628.000000;1.075188
7627.000000;1.075559
7626.000000;1.075744
7625.000000;1.075762
7624.000000;1.075810
7623.000000;1.076023
7622.000000;1.076315
7621.000000;1.076488
7620.000000;1.076458
7619.000000;1.076386
7618.000000;1.076559
7617.000000;1.077107
7616.000000;1.077817
7615.000000;1.078296
7614.000000;1.078366
7613.000000;1.078205
7612.000000;1.078081
7611.000000;1.078088
7610.000000;1.078212
7609.000000;1.078520
7608.000000;1.079057
7607.000000;1.079631
7606.000000;1.079950
7605.000000;1.079971
7604.000000;1.079950
7603.000000;1.080093
7602.000000;1.080345
7601.000000;1.080582
7600.000000;1.080833
7599.000000;1.081177
7598.000000;1.081564
7597.000000;1.081853
7596.000000;1.081962
7595.000000;1.081865
7594.000000;1.081565
7593.000000;1.081194
7592.000000;1.081056
7591.000000;1.081356
7590.000000;1.081934
7589.000000;1.082408
7588.000000;1.082608
7587.000000;1.082712
7586.000000;1.082933
7585.000000;1.083245
7584.000000;1.083496
7583.000000;1.083661
7582.000000;1.083852
7581.000000;1.084126
7580.000000;1.084401
7579.000000;1.084570
7578.000000;1.084602
7577.000000;1.084538
7576.000000;1.084434
7575.000000;1.084363
7574.000000;1.084427
7573.000000;1.084709
7572.000000;1.085181
7571.000000;1.085674
7570.000000;1.085975
7569.000000;1.086001
7568.000000;1.085901
7567.000000;1.085940
7566.000000;1.086275
7565.000000;1.086817
7564.000000;1.087331
7563.000000;1.087633
7562.000000;1.087706
7561.000000;1.087661
7560.000000;1.087656
7559.000000;1.087831
7558.000000;1.088241
7557.000000;1.088811
7556.000000;1.089380
7555.000000;1.089837
7554.000000;1.090164
7553.000000;1.090349
7552.000000;1.090350
7551.000000;1.090215
7550.000000;1.090166
7549.000000;1.090420
7548.000000;1.090931
7547.000000;1.091443
7546.000000;1.091824
7545.000000;1.092209
7544.000000;1.092753
7543.000000;1.093359
7542.000000;1.093758
7541.000000;1.093797
7540.000000;1.093571
7539.000000;1.093329
7538.000000;1.093333
7537.000000;1.093720
7536.000000;1.094384
7535.000000;1.095023
7534.000000;1.095394
7533.000000;1.095518
7532.000000;1.095572
7531.000000;1.095657
7530.000000;1.095763
7529.000000;1.095886
7528.000000;1.096034
7527.000000;1.096162
7526.000000;1.096256
7525.000000;1.096468
7524.000000;1.096972
7523.000000;1.097674
7522.000000;1.098220
7521.000000;1.098379
7520.000000;1.098296
7519.000000;1.098311
7518.000000;1.098607
7517.000000;1.099099
7516.000000;1.099558
7515.000000;1.099793
7514.000000;1.099787
7513.000000;1.099747
7512.000000;1.099948
7511.000000;1.100489
7510.000000;1.101201
7509.000000;1.101824
7508.000000;1.102220
7507.000000;1.102428
7506.000000;1.102597
7505.000000;1.102892
7504.000000;1.103375
7503.000000;1.103952
7502.000000;1.104502
7501.000000;1.105044
7500.000000;1.105639
7499.000000;1.106150
7498.000000;1.106286
7497.000000;1.105989
7496.000000;1.105618
7495.000000;1.105583
7494.000000;1.105949
7493.000000;1.106427
7492.000000;1.106742
7491.000000;1.106837
7490.000000;1.106783
7489.000000;1.106753
7488.000000;1.106941
7487.000000;1.107419
7486.000000;1.108026
7485.000000;1.108530
7484.000000;1.108861
7483.000000;1.109111
7482.000000;1.109326
7481.000000;1.109458
7480.000000;1.109491
7479.000000;1.109511
7478.000000;1.109599
7477.000000;1.109767
7476.000000;1.110015
7475.000000;1.110385
7474.000000;1.110920
7473.000000;1.111630
7472.000000;1.112486
7471.000000;1.113371
7470.000000;1.114049
7469.000000;1.114320
7468.000000;1.114239
7467.000000;1.114134
7466.000000;1.114301
7465.000000;1.114746
7464.000000;1.115226
7463.000000;1.115516
7462.000000;1.115559
7461.000000;1.115427
7460.000000;1.115239
7459.000000;1.115147
7458.000000;1.115342
7457.000000;1.115931
7456.000000;1.116785
7455.000000;1.117570
7454.000000;1.118011
7453.000000;1.118131
7452.000000;1.118181
7451.000000;1.118341
7450.000000;1.118591
7449.000000;1.118880
7448.000000;1.119288
7447.000000;1.119908
7446.000000;1.120612
7445.000000;1.121076
7444.000000;1.121116
7443.000000;1.120928
7442.000000;1.120927
7441.000000;1.121316
7440.000000;1.121881
7439.000000;1.122225
7438.000000;1.122193
7437.000000;1.121994
7436.000000;1.121944
7435.000000;1.122156
7434.000000;1.122540
7433.000000;1.122980
7432.000000;1.123406
7431.000000;1.123754
7430.000000;1.123997
7429.000000;1.124207
7428.000000;1.124470
7427.000000;1.124751
7426.000000;1.124953
7425.000000;1.125112
7424.000000;1.125391
7423.000000;1.125833
7422.000000;1.126256
7421.000000;1.126447
7420.000000;1.126378
7419.000000;1.126207
7418.000000;1.126136
7417.000000;1.126324
7416.000000;1.126841
7415.000000;1.127621
7414.000000;1.128478
7413.000000;1.129235
7412.000000;1.129823
7411.000000;1.130245
7410.000000;1.130485
7409.000000;1.130514
7408.000000;1.130324
7407.000000;1.129957
7406.000000;1.129539
7405.000000;1.129298
7404.000000;1.129465
7403.000000;1.130105
7402.000000;1.131057
7401.000000;1.132044
7400.000000;1.132806
7399.000000;1.133181
7398.000000;1.133160
7397.000000;1.132918
7396.000000;1.132707
7395.000000;1.132652
7394.000000;1.132785
7393.000000;1.133208
7392.000000;1.133998
7391.000000;1.134967
7390.000000;1.135755
7389.000000;1.136204
7388.000000;1.136428
7387.000000;1.136490
7386.000000;1.136281
7385.000000;1.135800
7384.000000;1.135248
7383.000000;1.134778
7382.000000;1.134427
7381.000000;1.134334
7380.000000;1.134705
7379.000000;1.135383
7378.000000;1.135820
7377.000000;1.135697
7376.000000;1.135340
7375.000000;1.135426
7374.000000;1.136350
7373.000000;1.137917
7372.000000;1.139487
7371.000000;1.140323
7370.000000;1.140065
7369.000000;1.139141
7368.000000;1.138535
7367.000000;1.138816
7366.000000;1.139622
7365.000000;1.140344
7364.000000;1.140838
7363.000000;1.141199
7362.000000;1.141419
7361.000000;1.141575
7360.000000;1.141928
7359.000000;1.142466
7358.000000;1.142678
7357.000000;1.142181
7356.000000;1.141360
7355.000000;1.141078
7354.000000;1.141727
7353.000000;1.142915
7352.000000;1.144052
7351.000000;1.144786
7350.000000;1.144956
7349.000000;1.144625
7348.000000;1.144190
7347.000000;1.144056
7346.000000;1.144174
7345.000000;1.144185
7344.000000;1.143859
7343.000000;1.143063
7342.000000;1.141617
7341.000000;1.139797
7340.000000;1.138833
7339.000000;1.140109
7338.000000;1.143528
7337.000000;1.147453
7336.000000;1.150385
7335.000000;1.151996
7334.000000;1.152746
7333.000000;1.153054
7332.000000;1.152921
7331.000000;1.152131
7330.000000;1.150596
7329.000000;1.148646
7328.000000;1.147161
7327.000000;1.147103
7326.000000;1.148500
7325.000000;1.150331
7324.000000;1.151777
7323.000000;1.152970
7322.000000;1.154308
7321.000000;1.155656
7320.000000;1.156617
7319.000000;1.157218
7318.000000;1.157759
7317.000000;1.158280
7316.000000;1.158632
7315.000000;1.158827
7314.000000;1.158935
7313.000000;1.158822
7312.000000;1.158363
7311.000000;1.157896
7310.000000;1.157912
7309.000000;1.158306
7308.000000;1.158576
7307.000000;1.158757
7306.000000;1.159580
7305.000000;1.161406
7304.000000;1.163554
7303.000000;1.165128
7302.000000;1.165845
7301.000000;1.165927
7300.000000;1.165781
7299.000000;1.165888
7298.000000;1.166564
7297.000000;1.167544
7296.000000;1.168147
7295.000000;1.168055
7294.000000;1.167798
7293.000000;1.168280
7292.000000;1.169698
7291.000000;1.171364
7290.000000;1.172551
7289.000000;1.173049
7288.000000;1.173119
7287.000000;1.173249
7286.000000;1.173876
7285.000000;1.175088
7284.000000;1.176548
7283.000000;1.177876
7282.000000;1.178977
7281.000000;1.179955
7280.000000;1.180889
7279.000000;1.181764
7278.000000;1.182557
7277.000000;1.183269
7276.000000;1.183899
7275.000000;1.184518
7274.000000;1.185312
7273.000000;1.186384
7272.000000;1.187570
7271.000000;1.188608
7270.000000;1.189390
7269.000000;1.189978
7268.000000;1.190498
7267.000000;1.191097
7266.000000;1.191870
7265.000000;1.192706
7264.000000;1.193370
7263.000000;1.193832
7262.000000;1.194435
7261.000000;1.195561
7260.000000;1.197231
7259.000000;1.199155
7258.000000;1.200984
7257.000000;1.202376
7256.000000;1.203045
7255.000000;1.202995
7254.000000;1.202683
7253.000000;1.202797
7252.000000;1.203842
7251.000000;1.205833
7250.000000;1.208340
7249.000000;1.210817
7248.000000;1.212807
7247.000000;1.214012
7246.000000;1.214335
7245.000000;1.213855
7244.000000;1.212874
7243.000000;1.212147
7242.000000;1.212734
7241.000000;1.215088
7240.000000;1.218499
7239.000000;1.221892
7238.000000;1.224768
7237.000000;1.227089
7236.000000;1.228680
7235.000000;1.229121
7234.000000;1.228295
7233.000000;1.226953
7232.000000;1.226640
7231.000000;1.228569
7230.000000;1.232443
7229.000000;1.236830
7228.000000;1.240432
7227.000000;1.242850
7226.000000;1.244647
7225.000000;1.246681
7224.000000;1.249170
7223.000000;1.251571
7222.000000;1.253326
7221.000000;1.254483
7220.000000;1.255652
7219.000000;1.257574
7218.000000;1.260530
7217.000000;1.264017
7216.000000;1.267142
7215.000000;1.269467
7214.000000;1.271371
7213.000000;1.273488
7212.000000;1.275967
7211.000000;1.278483
7210.000000;1.280799
7209.000000;1.282974
7208.000000;1.285029
7207.000000;1.286775
7206.000000;1.288152
7205.000000;1.289445
7204.000000;1.291035
7203.000000;1.293122
7202.000000;1.295773
7201.000000;1.298990
7200.000000;1.302562
7199.000000;1.306060
7198.000000;1.309134
7197.000000;1.311785
7196.000000;1.314261
7195.000000;1.316794
7194.000000;1.319458
7193.000000;1.322165
7192.000000;1.324766
7191.000000;1.327243
7190.000000;1.329807
7189.000000;1.332699
7188.000000;1.335891
7187.000000;1.339120
7186.000000;1.342127
7185.000000;1.344753
7184.000000;1.346836
7183.000000;1.348289
7182.000000;1.349407
7181.000000;1.350912
7180.000000;1.353324
7179.000000;1.356430
7178.000000;1.359701
7177.000000;1.362953
7176.000000;1.366341
7175.000000;1.369988
7174.000000;1.373765
7173.000000;1.377319
7172.000000;1.380255
7171.000000;1.382339
7170.000000;1.383725
7169.000000;1.384960
7168.000000;1.386662
7167.000000;1.389103
7166.000000;1.392063
7165.000000;1.395169
7164.000000;1.398242
7163.000000;1.401227
7162.000000;1.404007
7161.000000;1.406565
7160.000000;1.409183
7159.000000;1.412201
7158.000000;1.415654
7157.000000;1.419320
7156.000000;1.422933
7155.000000;1.426311
7154.000000;1.429363
7153.000000;1.432071
7152.000000;1.434542
7151.000000;1.436928
7150.000000;1.439239
7149.000000;1.441409
7148.000000;1.443479
7147.000000;1.445478
7146.000000;1.447274
7145.000000;1.448854
7144.000000;1.450571
7143.000000;1.452770
7142.000000;1.455301
7141.000000;1.457766
7140.000000;1.460138
7139.000000;1.462775
7138.000000;1.465746
7137.000000;1.468617
7136.000000;1.471128
7135.000000;1.473610
7134.000000;1.476432
7133.000000;1.479421
7132.000000;1.482178
7131.000000;1.484702
7130.000000;1.487268
7129.000000;1.489925
7128.000000;1.492510
7127.000000;1.495009
7126.000000;1.497504
7125.000000;1.499795
7124.000000;1.501491
7123.000000;1.502573
7122.000000;1.503488
7121.000000;1.504565
7120.000000;1.505635
7119.000000;1.506460
7118.000000;1.507367
7117.000000;1.509086
7116.000000;1.511878
7115.000000;1.515106
7114.000000;1.517866
7113.000000;1.519760
7112.000000;1.521005
7111.000000;1.522051
7110.000000;1.523193
7109.000000;1.524458
7108.000000;1.525752
7107.000000;1.527043
7106.000000;1.528421
7105.000000;1.530028
7104.000000;1.531974
7103.000000;1.534171
7102.000000;1.536297
7101.000000;1.538099
7100.000000;1.539651
7099.000000;1.541163
7098.000000;1.542627
7097.000000;1.543778
7096.000000;1.544458
7095.000000;1.544914
7094.000000;1.545636
7093.000000;1.546979
7092.000000;1.549002
7091.000000;1.551490
7090.000000;1.553971
7089.000000;1.555860
7088.000000;1.556873
7087.000000;1.557357
7086.000000;1.558082
7085.000000;1.559549
7084.000000;1.561528
7083.000000;1.563273
7082.000000;1.564238
7081.000000;1.564576
7080.000000;1.564913
7079.000000;1.565684
7078.000000;1.566824
7077.000000;1.568013
7076.000000;1.569026
7075.000000;1.569837
7074.000000;1.570540
7073.000000;1.571266
7072.000000;1.572082
7071.000000;1.572868
7070.000000;1.573339
7069.000000;1.573350
7068.000000;1.573162
7067.000000;1.573269
7066.000000;1.573973
7065.000000;1.575188
7064.000000;1.576606
7063.000000;1.577948
7062.000000;1.579066
7061.000000;1.579983
7060.000000;1.580846
7059.000000;1.581765
7058.000000;1.582737
7057.000000;1.583744
7056.000000;1.584753
7055.000000;1.585542
7054.000000;1.585724
7053.000000;1.585216
7052.000000;1.584625
7051.000000;1.584807
7050.000000;1.585920
7049.000000;1.587177
7048.000000;1.587705
7047.000000;1.587483
7046.000000;1.587266
7045.000000;1.587746
7044.000000;1.589016
7043.000000;1.590704
7042.000000;1.592324
7041.000000;1.593509
7040.000000;1.594149
7039.000000;1.594393
7038.000000;1.594517
7037.000000;1.594760
7036.000000;1.595250
7035.000000;1.595908
7034.000000;1.596387
7033.000000;1.596287
7032.000000;1.595625
7031.000000;1.594974
7030.000000;1.594921
7029.000000;1.595499
7028.000000;1.596316
7027.000000;1.597105
7026.000000;1.597877
7025.000000;1.598585
7024.000000;1.599012
7023.000000;1.599074
7022.000000;1.598987
7021.000000;1.599031
7020.000000;1.599319
7019.000000;1.599841
7018.000000;1.600521
7017.000000;1.601113
7016.000000;1.601293
7015.000000;1.601047
7014.000000;1.600819
7013.000000;1.601058
7012.000000;1.601707
7011.000000;1.602297
7010.000000;1.602508
7009.000000;1.602487
7008.000000;1.602621
7007.000000;1.603145
7006.000000;1.603960
7005.000000;1.604767
7004.000000;1.605353
7003.000000;1.605783
7002.000000;1.606219
7001.000000;1.606571
7000.000000;1.606516
6999.000000;1.605993
6998.000000;1.605496
6997.000000;1.605612
6996.000000;1.606319
6995.000000;1.607023
6994.000000;1.607289
6993.000000;1.607271
6992.000000;1.607336
6991.000000;1.607589
6990.000000;1.607933
6989.000000;1.608336
6988.000000;1.608785
6987.000000;1.609094
6986.000000;1.609082
6985.000000;1.608951
6984.000000;1.609213
6983.000000;1.610124
6982.000000;1.611327
6981.000000;1.612171
6980.000000;1.612281
6979.000000;1.611783
6978.000000;1.611087
6977.000000;1.610595
6976.000000;1.610508
6975.000000;1.610737
6974.000000;1.610966
6973.000000;1.610926
6972.000000;1.610660
6971.000000;1.610492
6970.000000;1.610682
6969.000000;1.611157
6968.000000;1.611625
6967.000000;1.611899
6966.000000;1.612036
6965.000000;1.612178
6964.000000;1.612394
6963.000000;1.612675
6962.000000;1.612980
6961.000000;1.613222
6960.000000;1.613260
6959.000000;1.613050
6958.000000;1.612802
6957.000000;1.612865
6956.000000;1.613374
6955.000000;1.614077
6954.000000;1.614542
6953.000000;1.614515
6952.000000;1.614072
6951.000000;1.613501
6950.000000;1.613074
6949.000000;1.612876
6948.000000;1.612750
6947.000000;1.612451
6946.000000;1.611918
6945.000000;1.611387
6944.000000;1.611249
6943.000000;1.611766
6942.000000;1.612896
6941.000000;1.614269
6940.000000;1.615345
6939.000000;1.615718
6938.000000;1.615396
6937.000000;1.614780
6936.000000;1.614353
6935.000000;1.614388
6934.000000;1.614883
6933.000000;1.615618
6932.000000;1.616220
6931.000000;1.616346
6930.000000;1.615978
6929.000000;1.615447
6928.000000;1.615066
6927.000000;1.614833
6926.000000;1.614581
6925.000000;1.614298
6924.000000;1.614122
6923.000000;1.614089
6922.000000;1.614049
6921.000000;1.613842
6920.000000;1.613429
6919.000000;1.612849
6918.000000;1.612223
6917.000000;1.611783
6916.000000;1.611719
6915.000000;1.611951
6914.000000;1.612228
6913.000000;1.612471
6912.000000;1.612859
6911.000000;1.613535
6910.000000;1.614358
6909.000000;1.615006
6908.000000;1.615231
6907.000000;1.614982
6906.000000;1.614436
6905.000000;1.613921
6904.000000;1.613670
6903.000000;1.613568
6902.000000;1.613294
6901.000000;1.612766
6900.000000;1.612282
6899.000000;1.612107
6898.000000;1.612119
6897.000000;1.612023
6896.000000;1.611783
6895.000000;1.611642
6894.000000;1.611792
6893.000000;1.612160
6892.000000;1.612463
6891.000000;1.612398
6890.000000;1.611902
6889.000000;1.611351
6888.000000;1.611331
6887.000000;1.612020
6886.000000;1.612902
6885.000000;1.613293
6884.000000;1.613069
6883.000000;1.612657
6882.000000;1.612413
6881.000000;1.612315
6880.000000;1.612250
6879.000000;1.612242
6878.000000;1.612292
6877.000000;1.612232
6876.000000;1.611918
6875.000000;1.611467
6874.000000;1.611178
6873.000000;1.611261
6872.000000;1.611677
6871.000000;1.612170
6870.000000;1.612429
6869.000000;1.612328
6868.000000;1.612015
6867.000000;1.611684
6866.000000;1.611352
6865.000000;1.610984
6864.000000;1.610785
6863.000000;1.611103
6862.000000;1.611944
6861.000000;1.612808
6860.000000;1.613154
6859.000000;1.612937
6858.000000;1.612564
6857.000000;1.612400
6856.000000;1.612473
6855.000000;1.612567
6854.000000;1.612456
6853.000000;1.612044
6852.000000;1.611406
6851.000000;1.610713
6850.000000;1.610081
6849.000000;1.609532
6848.000000;1.609125
6847.000000;1.609048
6846.000000;1.609444
6845.000000;1.610153
6844.000000;1.610733
6843.000000;1.610811
6842.000000;1.610330
6841.000000;1.609467
6840.000000;1.608434
6839.000000;1.607440
6838.000000;1.606761
6837.000000;1.606658
6836.000000;1.607119
6835.000000;1.607783
6834.000000;1.608201
6833.000000;1.608199
6832.000000;1.607924
6831.000000;1.607596
6830.000000;1.607315
6829.000000;1.607057
6828.000000;1.606722
6827.000000;1.606122
6826.000000;1.605111
6825.000000;1.603846
6824.000000;1.602807
6823.000000;1.602364
6822.000000;1.602368
6821.000000;1.602305
6820.000000;1.601862
6819.000000;1.601209
6818.000000;1.600722
6817.000000;1.600580
6816.000000;1.600677
6815.000000;1.600804
6814.000000;1.600818
6813.000000;1.600690
6812.000000;1.600466
6811.000000;1.600215
6810.000000;1.600006
6809.000000;1.599881
6808.000000;1.599785
6807.000000;1.599501
6806.000000;1.598783
6805.000000;1.597661
6804.000000;1.596512
6803.000000;1.595709
6802.000000;1.595248
6801.000000;1.594854
6800.000000;1.594367
6799.000000;1.593827
6798.000000;1.593271
6797.000000;1.592692
6796.000000;1.592197
6795.000000;1.591910
6794.000000;1.591649
6793.000000;1.590980
6792.000000;1.589784
6791.000000;1.588555
6790.000000;1.587898
6789.000000;1.587849
6788.000000;1.587900
6787.000000;1.587596
6786.000000;1.586919
6785.000000;1.586151
6784.000000;1.585552
6783.000000;1.585188
6782.000000;1.584903
6781.000000;1.584442
6780.000000;1.583662
6779.000000;1.582670
6778.000000;1.581691
6777.000000;1.580837
6776.000000;1.580092
6775.000000;1.579459
6774.000000;1.579003
6773.000000;1.578747
6772.000000;1.578600
6771.000000;1.578374
6770.000000;1.577851
6769.000000;1.576904
6768.000000;1.575651
6767.000000;1.574429
6766.000000;1.573525
6765.000000;1.572982
6764.000000;1.572711
6763.000000;1.572710
6762.000000;1.573013
6761.000000;1.573424
6760.000000;1.573484
6759.000000;1.572773
6758.000000;1.571244
6757.000000;1.569264
6756.000000;1.567361
6755.000000;1.565898
6754.000000;1.564901
6753.000000;1.564156
6752.000000;1.563483
6751.000000;1.562864
6750.000000;1.562356
6749.000000;1.561988
6748.000000;1.561789
6747.000000;1.561777
6746.000000;1.561788
6745.000000;1.561468
6744.000000;1.560615
6743.000000;1.559471
6742.000000;1.558469
6741.000000;1.557728
6740.000000;1.556981
6739.000000;1.556007
6738.000000;1.554949
6737.000000;1.554112
6736.000000;1.553610
6735.000000;1.553280
6734.000000;1.552859
6733.000000;1.552165
6732.000000;1.551198
6731.000000;1.550116
6730.000000;1.549103
6729.000000;1.548229
6728.000000;1.547450
6727.000000;1.546711
6726.000000;1.545966
6725.000000;1.545177
6724.000000;1.544407
6723.000000;1.543871
6722.000000;1.543713
6721.000000;1.543710
6720.000000;1.543390
6719.000000;1.542503
6718.000000;1.541264
6717.000000;1.540036
6716.000000;1.538960
6715.000000;1.537976
6714.000000;1.537072
6713.000000;1.536313
6712.000000;1.535681
6711.000000;1.535026
6710.000000;1.534240
6709.000000;1.533361
6708.000000;1.532521
6707.000000;1.531846
6706.000000;1.531286
6705.000000;1.530662
6704.000000;1.529838
6703.000000;1.528867
6702.000000;1.527910
6701.000000;1.527066
6700.000000;1.526259
6699.000000;1.525442
6698.000000;1.524626
6697.000000;1.523852
6696.000000;1.523103
6695.000000;1.522337
6694.000000;1.521561
6693.000000;1.520787
6692.000000;1.519997
6691.000000;1.519147
6690.000000;1.518154
6689.000000;1.516892
6688.000000;1.515358
6687.000000;1.513887
6686.000000;1.512989
6685.000000;1.512821
6684.000000;1.512935
6683.000000;1.512691
6682.000000;1.511874
6681.000000;1.510749
6680.000000;1.509607
6679.000000;1.508500
6678.000000;1.507401
6677.000000;1.506387
6676.000000;1.505552
6675.000000;1.504882
6674.000000;1.504294
6673.000000;1.503706
6672.000000;1.503027
6671.000000;1.502172
6670.000000;1.501175
6669.000000;1.500214
6668.000000;1.499444
6667.000000;1.498855
6666.000000;1.498342
6665.000000;1.497823
6664.000000;1.497233
6663.000000;1.496468
6662.000000;1.495445
6661.000000;1.494208
6660.000000;1.492894
6659.000000;1.491633
6658.000000;1.490540
6657.000000;1.489749
6656.000000;1.489300
6655.000000;1.488979
6654.000000;1.488433
6653.000000;1.487528
6652.000000;1.486501
6651.000000;1.485669
6650.000000;1.485065
6649.000000;1.484478
6648.000000;1.483775
6647.000000;1.483028
6646.000000;1.482309
6645.000000;1.481518
6644.000000;1.480481
6643.000000;1.479155
6642.000000;1.477681
6641.000000;1.476296
6640.000000;1.475230
6639.000000;1.474576
6638.000000;1.474178
6637.000000;1.473719
6636.000000;1.473011
6635.000000;1.472125
6634.000000;1.471195
6633.000000;1.470214
6632.000000;1.469147
6631.000000;1.468126
6630.000000;1.467313
6629.000000;1.466625
6628.000000;1.465811
6627.000000;1.464837
6626.000000;1.463952
6625.000000;1.463324
6624.000000;1.462794
6623.000000;1.462141
6622.000000;1.461411
6621.000000;1.460786
6620.000000;1.460238
6619.000000;1.459506
6618.000000;1.458419
6617.000000;1.457087
6616.000000;1.455772
6615.000000;1.454670
6614.000000;1.453827
6613.000000;1.453160
6612.000000;1.452511
6611.000000;1.451755
6610.000000;1.450905
6609.000000;1.450081
6608.000000;1.449387
6607.000000;1.448809
6606.000000;1.448225
6605.000000;1.447479
6604.000000;1.446500
6603.000000;1.445385
6602.000000;1.444361
6601.000000;1.443591
6600.000000;1.443040
6599.000000;1.442517
6598.000000;1.441848
6597.000000;1.440987
6596.000000;1.440037
6595.000000;1.439199
6594.000000;1.438628
6593.000000;1.438277
6592.000000;1.437909
6591.000000;1.437318
6590.000000;1.436503
6589.000000;1.435570
6588.000000;1.434552
6587.000000;1.433418
6586.000000;1.432233
6585.000000;1.431160
6584.000000;1.430292
6583.000000;1.429554
6582.000000;1.428816
6581.000000;1.428038
6580.000000;1.427276
6579.000000;1.426578
6578.000000;1.425914
6577.000000;1.425209
6576.000000;1.424440
6575.000000;1.423675
6574.000000;1.423002
6573.000000;1.422399
6572.000000;1.421744
6571.000000;1.420981
6570.000000;1.420205
6569.000000;1.419523
6568.000000;1.418854
6567.000000;1.417972
6566.000000;1.416760
6565.000000;1.415368
6564.000000;1.414107
6563.000000;1.413200
6562.000000;1.412621
6561.000000;1.412149
6560.000000;1.411565
6559.000000;1.410852
6558.000000;1.410169
6557.000000;1.409635
6556.000000;1.409185
6555.000000;1.408663
6554.000000;1.407987
6553.000000;1.407173
6552.000000;1.406266
6551.000000;1.405334
6550.000000;1.404470
6549.000000;1.403681
6548.000000;1.402833
6547.000000;1.401807
6546.000000;1.400689
6545.000000;1.399692
6544.000000;1.398901
6543.000000;1.398209
6542.000000;1.397530
6541.000000;1.396920
6540.000000;1.396437
6539.000000;1.395997
6538.000000;1.395446
6537.000000;1.394731
6536.000000;1.393937
6535.000000;1.393184
6534.000000;1.392533
6533.000000;1.391945
6532.000000;1.391314
6531.000000;1.390539
6530.000000;1.389609
6529.000000;1.388596
6528.000000;1.387587
6527.000000;1.386663
6526.000000;1.385938
6525.000000;1.385492
6524.000000;1.385249
6523.000000;1.384973
6522.000000;1.384462
6521.000000;1.383705
6520.000000;1.382819
6519.000000;1.381896
6518.000000;1.380955
6517.000000;1.379996
6516.000000;1.379042
6515.000000;1.378135
6514.000000;1.377334
6513.000000;1.376684
6512.000000;1.376162
6511.000000;1.375690
6510.000000;1.375213
6509.000000;1.374730
6508.000000;1.374204
6507.000000;1.373528
6506.000000;1.372652
6505.000000;1.371718
6504.000000;1.370973
6503.000000;1.370522
6502.000000;1.370220
6501.000000;1.369827
6500.000000;1.369234
6499.000000;1.368528
6498.000000;1.367850
6497.000000;1.367231
6496.000000;1.366565
6495.000000;1.365744
6494.000000;1.364783
6493.000000;1.363809
6492.000000;1.362927
6491.000000;1.362146
6490.000000;1.361440
6489.000000;1.360833
6488.000000;1.360353
6487.000000;1.359930
6486.000000;1.359415
6485.000000;1.358726
6484.000000;1.357960
6483.000000;1.357321
6482.000000;1.356920
6481.000000;1.356684
6480.000000;1.356428
6479.000000;1.356003
6478.000000;1.355359
6477.000000;1.354509
6476.000000;1.353496
6475.000000;1.352417
6474.000000;1.351428
6473.000000;1.350678
6472.000000;1.350204
6471.000000;1.349896
6470.000000;1.349564
6469.000000;1.349048
6468.000000;1.348315
6467.000000;1.347471
6466.000000;1.346681
6465.000000;1.346046
6464.000000;1.345550
6463.000000;1.345093
6462.000000;1.344563
6461.000000;1.343884
6460.000000;1.343058
6459.000000;1.342198
6458.000000;1.341475
6457.000000;1.340994
6456.000000;1.340708
6455.000000;1.340467
6454.000000;1.340122
6453.000000;1.339592
6452.000000;1.338891
6451.000000;1.338134
6450.000000;1.337472
6449.000000;1.336967
6448.000000;1.336541
6447.000000;1.336084
6446.000000;1.335563
6445.000000;1.334995
6444.000000;1.334351
6443.000000;1.333580
6442.000000;1.332722
6441.000000;1.331923
6440.000000;1.331298
6439.000000;1.330843
6438.000000;1.330462
6437.000000;1.330064
6436.000000;1.329606
6435.000000;1.329092
6434.000000;1.328532
6433.000000;1.327907
6432.000000;1.327199
6431.000000;1.326476
6430.000000;1.325886
6429.000000;1.325504
6428.000000;1.325215
6427.000000;1.324828
6426.000000;1.324302
6425.000000;1.323753
6424.000000;1.323263
6423.000000;1.322787
6422.000000;1.322268
6421.000000;1.321719
6420.000000;1.321139
6419.000000;1.320449
6418.000000;1.319598
6417.000000;1.318708
6416.000000;1.318003
6415.000000;1.317607
6414.000000;1.317452
6413.000000;1.317340
6412.000000;1.317079
6411.000000;1.316589
6410.000000;1.315954
6409.000000;1.315355
6408.000000;1.314885
6407.000000;1.314443
6406.000000;1.313872
6405.000000;1.313178
6404.000000;1.312537
6403.000000;1.312075
6402.000000;1.311704
6401.000000;1.311234
6400.000000;1.310608
6399.000000;1.309968
6398.000000;1.309480
6397.000000;1.309152
6396.000000;1.308834
6395.000000;1.308389
6394.000000;1.307821
6393.000000;1.307246
6392.000000;1.306749
6391.000000;1.306292
6390.000000;1.305769
6389.000000;1.305149
6388.000000;1.304545
6387.000000;1.304114
6386.000000;1.303869
6385.000000;1.303653
6384.000000;1.303305
6383.000000;1.302853
6382.000000;1.302464
6381.000000;1.302220
6380.000000;1.302002
6379.000000;1.301627
6378.000000;1.301038
6377.000000;1.300329
6376.000000;1.299614
6375.000000;1.298946
6374.000000;1.298353
6373.000000;1.297867
6372.000000;1.297501
6371.000000;1.297205
6370.000000;1.296881
6369.000000;1.296466
6368.000000;1.295992
6367.000000;1.295555
6366.000000;1.295204
6365.000000;1.294874
6364.000000;1.294439
6363.000000;1.293838
6362.000000;1.293113
6361.000000;1.292356
6360.000000;1.291657
6359.000000;1.291118
6358.000000;1.290814
6357.000000;1.290699
6356.000000;1.290596
6355.000000;1.290345
6354.000000;1.289923
6353.000000;1.289412
6352.000000;1.288904
6351.000000;1.288465
6350.000000;1.288122
6349.000000;1.287812
6348.000000;1.287385
6347.000000;1.286756
6346.000000;1.286034
6345.000000;1.285413
6344.000000;1.284973
6343.000000;1.284644
6342.000000;1.284340
6341.000000;1.284033
6340.000000;1.283713
6339.000000;1.283361
6338.000000;1.282967
6337.000000;1.282551
6336.000000;1.282139
6335.000000;1.281776
6334.000000;1.281518
6333.000000;1.281352
6332.000000;1.281152
6331.000000;1.280792
6330.000000;1.280300
6329.000000;1.279811
6328.000000;1.279405
6327.000000;1.279060
6326.000000;1.278741
6325.000000;1.278430
6324.000000;1.278086
6323.000000;1.277659
6322.000000;1.277195
6321.000000;1.276798
6320.000000;1.276485
6319.000000;1.276145
6318.000000;1.275694
6317.000000;1.275165
6316.000000;1.274637
6315.000000;1.274156
6314.000000;1.273771
6313.000000;1.273547
6312.000000;1.273482
6311.000000;1.273481
6310.000000;1.273426
6309.000000;1.273233
6308.000000;1.272837
6307.000000;1.272239
6306.000000;1.271595
6305.000000;1.271144
6304.000000;1.270937
6303.000000;1.270765
6302.000000;1.270419
6301.000000;1.269938
6300.000000;1.269497
6299.000000;1.269136
6298.000000;1.268757
6297.000000;1.268328
6296.000000;1.267955
6295.000000;1.267715
6294.000000;1.267536
6293.000000;1.267281
6292.000000;1.266889
6291.000000;1.266397
6290.000000;1.265902
6289.000000;1.265498
6288.000000;1.265228
6287.000000;1.265053
6286.000000;1.264907
6285.000000;1.264747
6284.000000;1.264550
6283.000000;1.264281
6282.000000;1.263929
6281.000000;1.263554
6280.000000;1.263244
6279.000000;1.263012
6278.000000;1.262794
6277.000000;1.262539
6276.000000;1.262257
6275.000000;1.261949
6274.000000;1.261560
6273.000000;1.261026
6272.000000;1.260374
6271.000000;1.259755
6270.000000;1.259355
6269.000000;1.259246
6268.000000;1.259317
6267.000000;1.259353
6266.000000;1.259209
6265.000000;1.258898
6264.000000;1.258522
6263.000000;1.258163
6262.000000;1.257864
6261.000000;1.257649
6260.000000;1.257506
6259.000000;1.257364
6258.000000;1.257148
6257.000000;1.256858
6256.000000;1.256543
6255.000000;1.256227
6254.000000;1.255892
6253.000000;1.255541
6252.000000;1.255208
6251.000000;1.254910
6250.000000;1.254632
6249.000000;1.254357
6248.000000;1.254076
6247.000000;1.253762
6246.000000;1.253367
6245.000000;1.252875
6244.000000;1.252343
6243.000000;1.251875
6242.000000;1.251561
6241.000000;1.251426
6240.000000;1.251403
6239.000000;1.251369
6238.000000;1.251222
6237.000000;1.250962
6236.000000;1.250682
6235.000000;1.250474
6234.000000;1.250356
6233.000000;1.250273
6232.000000;1.250132
6231.000000;1.249868
6230.000000;1.249497
6229.000000;1.249111
6228.000000;1.248793
6227.000000;1.248539
6226.000000;1.248283
6225.000000;1.247993
6224.000000;1.247689
6223.000000;1.247375
6222.000000;1.247018
6221.000000;1.246621
6220.000000;1.246266
6219.000000;1.246025
6218.000000;1.245863
6217.000000;1.245686
6216.000000;1.245483
6215.000000;1.245333
6214.000000;1.245259
6213.000000;1.245152
6212.000000;1.244902
6211.000000;1.244562
6210.000000;1.244294
6209.000000;1.244146
6208.000000;1.243981
6207.000000;1.243667
6206.000000;1.243259
6205.000000;1.242938
6204.000000;1.242788
6203.000000;1.242735
6202.000000;1.242680
6201.000000;1.242604
6200.000000;1.242514
6199.000000;1.242368
6198.000000;1.242117
6197.000000;1.241792
6196.000000;1.241492
6195.000000;1.241295
6194.000000;1.241200
6193.000000;1.241146
6192.000000;1.241049
6191.000000;1.240850
6190.000000;1.240552
6189.000000;1.240202
6188.000000;1.239831
6187.000000;1.239415
6186.000000;1.238939
6185.000000;1.238467
6184.000000;1.238103
6183.000000;1.237888
6182.000000;1.237765
6181.000000;1.237646
6180.000000;1.237496
6179.000000;1.237330
6178.000000;1.237181
6177.000000;1.237069
6176.000000;1.236981
6175.000000;1.236864
6174.000000;1.236657
6173.000000;1.236360
6172.000000;1.236051
6171.000000;1.235834
6170.000000;1.235750
6169.000000;1.235752
6168.000000;1.235759
6167.000000;1.235707
6166.000000;1.235576
6165.000000;1.235376
6164.000000;1.235146
6163.000000;1.234938
6162.000000;1.234782
6161.000000;1.234662
6160.000000;1.234532
6159.000000;1.234365
6158.000000;1.234158
6157.000000;1.233901
6156.000000;1.233550
6155.000000;1.233082
6154.000000;1.232558
6153.000000;1.232110
6152.000000;1.231835
6151.000000;1.231724
6150.000000;1.231701
6149.000000;1.231718
6148.000000;1.231768
6147.000000;1.231840
6146.000000;1.231875
6145.000000;1.231798
6144.000000;1.231574
6143.000000;1.231241
6142.000000;1.230893
6141.000000;1.230614
6140.000000;1.230416
6139.000000;1.230229
6138.000000;1.229970
6137.000000;1.229629
6136.000000;1.229275
6135.000000;1.228987
6134.000000;1.228797
6133.000000;1.228710
6132.000000;1.228734
6131.000000;1.228844
6130.000000;1.228942
6129.000000;1.228905
6128.000000;1.228702
6127.000000;1.228426
6126.000000;1.228189
6125.000000;1.227996
6124.000000;1.227774
6123.000000;1.227501
6122.000000;1.227246
6121.000000;1.227084
6120.000000;1.227013
6119.000000;1.226992
6118.000000;1.227004
6117.000000;1.227038
6116.000000;1.227046
6115.000000;1.226961
6114.000000;1.226760
6113.000000;1.226472
6112.000000;1.226149
6111.000000;1.225860
6110.000000;1.225693
6109.000000;1.225686
6108.000000;1.225750
6107.000000;1.225724
6106.000000;1.225528
6105.000000;1.225243
6104.000000;1.225017
6103.000000;1.224908
6102.000000;1.224854
6101.000000;1.224757
6100.000000;1.224557
6099.000000;1.224256
6098.000000;1.223916
6097.000000;1.223622
6096.000000;1.223433
6095.000000;1.223330
6094.000000;1.223256
6093.000000;1.223183
6092.000000;1.223122
6091.000000;1.223067
6090.000000;1.222980
6089.000000;1.222841
6088.000000;1.222692
6087.000000;1.222594
6086.000000;1.222559
6085.000000;1.222537
6084.000000;1.222474
6083.000000;1.222355
6082.000000;1.222197
6081.000000;1.222034
6080.000000;1.221901
6079.000000;1.221819
6078.000000;1.221758
6077.000000;1.221659
6076.000000;1.221495
6075.000000;1.221312
6074.000000;1.221179
6073.000000;1.221104
6072.000000;1.221030
6071.000000;1.220912
6070.000000;1.220765
6069.000000;1.220616
6068.000000;1.220467
6067.000000;1.220316
6066.000000;1.220202
6065.000000;1.220178
6064.000000;1.220239
6063.000000;1.220306
6062.000000;1.220312
6061.000000;1.220271
6060.000000;1.220244
6059.000000;1.220234
6058.000000;1.220169
6057.000000;1.219985
6056.000000;1.219723
6055.000000;1.219497
6054.000000;1.219371
6053.000000;1.219293
6052.000000;1.219171
6051.000000;1.218978
6050.000000;1.218774
6049.000000;1.218626
6048.000000;1.218543
6047.000000;1.218473
6046.000000;1.218344
6045.000000;1.218118
6044.000000;1.217845
6043.000000;1.217645
6042.000000;1.217609
6041.000000;1.217705
6040.000000;1.217810
6039.000000;1.217823
6038.000000;1.217733
6037.000000;1.217591
6036.000000;1.217460
6035.000000;1.217399
6034.000000;1.217436
6033.000000;1.217523
6032.000000;1.217568
6031.000000;1.217523
6030.000000;1.217436
6029.000000;1.217378
6028.000000;1.217353
6027.000000;1.217294
6026.000000;1.217143
6025.000000;1.216900
6024.000000;1.216624
6023.000000;1.216405
6022.000000;1.216308
6021.000000;1.216335
6020.000000;1.216427
6019.000000;1.216505
6018.000000;1.216523
6017.000000;1.216483
6016.000000;1.216442
6015.000000;1.216484
6014.000000;1.216632
6013.000000;1.216787
6012.000000;1.216809
6011.000000;1.216665
6010.000000;1.216462
6009.000000;1.216316
6008.000000;1.216239
6007.000000;1.216184
6006.000000;1.216127
6005.000000;1.216064
6004.000000;1.215990
6003.000000;1.215911
6002.000000;1.215852
6001.000000;1.215792
6000.000000;1.215647
5999.000000;1.215378
5998.000000;1.215087
5997.000000;1.214935
5996.000000;1.214967
5995.000000;1.215086
5994.000000;1.215179
5993.000000;1.215218
5992.000000;1.215234
5991.000000;1.215248
5990.000000;1.215249
5989.000000;1.215206
5988.000000;1.215102
5987.000000;1.214988
5986.000000;1.214958
5985.000000;1.215063
5984.000000;1.215251
5983.000000;1.215434
5982.000000;1.215575
5981.000000;1.215683
5980.000000;1.215743
5979.000000;1.215722
5978.000000;1.215612
5977.000000;1.215430
5976.000000;1.215193
5975.000000;1.214947
5974.000000;1.214814
5973.000000;1.214884
5972.000000;1.215083
5971.000000;1.215219
5970.000000;1.215187
5969.000000;1.215077
5968.000000;1.215035
5967.000000;1.215082
5966.000000;1.215119
5965.000000;1.215064
5964.000000;1.214938
5963.000000;1.214826
5962.000000;1.214799
5961.000000;1.214877
5960.000000;1.215033
5959.000000;1.215226
5958.000000;1.215397
5957.000000;1.215462
5956.000000;1.215371
5955.000000;1.215191
5954.000000;1.215100
5953.000000;1.215226
5952.000000;1.215501
5951.000000;1.215739
5950.000000;1.215845
5949.000000;1.215882
5948.000000;1.215952
5947.000000;1.216074
5946.000000;1.216199
5945.000000;1.216279
5944.000000;1.216292
5943.000000;1.216226
5942.000000;1.216086
5941.000000;1.215912
5940.000000;1.215752
5939.000000;1.215645
5938.000000;1.215608
5937.000000;1.215646
5936.000000;1.215761
5935.000000;1.215958
5934.000000;1.216214
5933.000000;1.216433
5932.000000;1.216484
5931.000000;1.216340
5930.000000;1.216152
5929.000000;1.216119
5928.000000;1.216291
5927.000000;1.216544
5926.000000;1.216729
5925.000000;1.216787
5924.000000;1.216728
5923.000000;1.216591
5922.000000;1.216459
5921.000000;1.216431
5920.000000;1.216533
5919.000000;1.216696
5918.000000;1.216828
5917.000000;1.216892
5916.000000;1.216900
5915.000000;1.216879
5914.000000;1.216884
5913.000000;1.216970
5912.000000;1.217126
5911.000000;1.217279
5910.000000;1.217389
5909.000000;1.217501
5908.000000;1.217645
5907.000000;1.217753
5906.000000;1.217743
5905.000000;1.217654
5904.000000;1.217623
5903.000000;1.217728
5902.000000;1.217902
5901.000000;1.218035
5900.000000;1.218095
5899.000000;1.218142
5898.000000;1.218221
5897.000000;1.218309
5896.000000;1.218354
5895.000000;1.218358
5894.000000;1.218388
5893.000000;1.218497
5892.000000;1.218658
5891.000000;1.218793
5890.000000;1.218859
5889.000000;1.218871
5888.000000;1.218875
5887.000000;1.218921
5886.000000;1.219057
5885.000000;1.219299
5884.000000;1.219589
5883.000000;1.219826
5882.000000;1.219971
5881.000000;1.220087
5880.000000;1.220252
5879.000000;1.220455
5878.000000;1.220620
5877.000000;1.220699
5876.000000;1.220709
5875.000000;1.220693
5874.000000;1.220680
5873.000000;1.220680
5872.000000;1.220698
5871.000000;1.220731
5870.000000;1.220767
5869.000000;1.220806
5868.000000;1.220864
5867.000000;1.220957
5866.000000;1.221075
5865.000000;1.221191
5864.000000;1.221308
5863.000000;1.221479
5862.000000;1.221747
5861.000000;1.222089
5860.000000;1.222436
5859.000000;1.222751
5858.000000;1.223053
5857.000000;1.223331
5856.000000;1.223520
5855.000000;1.223584
5854.000000;1.223587
5853.000000;1.223615
5852.000000;1.223659
5851.000000;1.223667
5850.000000;1.223681
5849.000000;1.223824
5848.000000;1.224140
5847.000000;1.224528
5846.000000;1.224877
5845.000000;1.225175
5844.000000;1.225439
5843.000000;1.225613
5842.000000;1.225624
5841.000000;1.225516
5840.000000;1.225433
5839.000000;1.225481
5838.000000;1.225656
5837.000000;1.225902
5836.000000;1.226181
5835.000000;1.226470
5834.000000;1.226749
5833.000000;1.227005
5832.000000;1.227238
5831.000000;1.227442
5830.000000;1.227621
5829.000000;1.227821
5828.000000;1.228088
5827.000000;1.228388
5826.000000;1.228602
5825.000000;1.228663
5824.000000;1.228660
5823.000000;1.228764
5822.000000;1.229050
5821.000000;1.229448
5820.000000;1.229862
5819.000000;1.230270
5818.000000;1.230687
5817.000000;1.231085
5816.000000;1.231412
5815.000000;1.231662
5814.000000;1.231873
5813.000000;1.232079
5812.000000;1.232289
5811.000000;1.232523
5810.000000;1.232803
5809.000000;1.233111
5808.000000;1.233388
5807.000000;1.233584
5806.000000;1.233704
5805.000000;1.233792
5804.000000;1.233913
5803.000000;1.234119
5802.000000;1.234412
5801.000000;1.234725
5800.000000;1.234994
5799.000000;1.235239
5798.000000;1.235527
5797.000000;1.235859
5796.000000;1.236150
5795.000000;1.236342
5794.000000;1.236481
5793.000000;1.236660
5792.000000;1.236944
5791.000000;1.237365
5790.000000;1.237919
5789.000000;1.238509
5788.000000;1.238977
5787.000000;1.239246
5786.000000;1.239408
5785.000000;1.239610
5784.000000;1.239899
5783.000000;1.240235
5782.000000;1.240605
5781.000000;1.241029
5780.000000;1.241485
5779.000000;1.241891
5778.000000;1.242189
5777.000000;1.242381
5776.000000;1.242512
5775.000000;1.242652
5774.000000;1.242888
5773.000000;1.243260
5772.000000;1.243705
5771.000000;1.244109
5770.000000;1.244411
5769.000000;1.244638
5768.000000;1.244848
5767.000000;1.245090
5766.000000;1.245405
5765.000000;1.245802
5764.000000;1.246225
5763.000000;1.246596
5762.000000;1.246886
5761.000000;1.247125
5760.000000;1.247358
5759.000000;1.247628
5758.000000;1.247985
5757.000000;1.248454
5756.000000;1.248992
5755.000000;1.249537
5754.000000;1.250073
5753.000000;1.250615
5752.000000;1.251162
5751.000000;1.251711
5750.000000;1.252305
5749.000000;1.252978
5748.000000;1.253665
5747.000000;1.254238
5746.000000;1.254646
5745.000000;1.254949
5744.000000;1.255223
5743.000000;1.255500
5742.000000;1.255801
5741.000000;1.256150
5740.000000;1.256528
5739.000000;1.256884
5738.000000;1.257235
5737.000000;1.257665
5736.000000;1.258223
5735.000000;1.258853
5734.000000;1.259473
5733.000000;1.260055
5732.000000;1.260576
5731.000000;1.260984
5730.000000;1.261266
5729.000000;1.261509
5728.000000;1.261822
5727.000000;1.262211
5726.000000;1.262603
5725.000000;1.262984
5724.000000;1.263440
5723.000000;1.264032
5722.000000;1.264705
5721.000000;1.265333
5720.000000;1.265841
5719.000000;1.266253
5718.000000;1.266629
5717.000000;1.266995
5716.000000;1.267349
5715.000000;1.267708
5714.000000;1.268132
5713.000000;1.268687
5712.000000;1.269385
5711.000000;1.270177
5710.000000;1.270953
5709.000000;1.271590
5708.000000;1.272022
5707.000000;1.272319
5706.000000;1.272659
5705.000000;1.273183
5704.000000;1.273876
5703.000000;1.274618
5702.000000;1.275307
5701.000000;1.275914
5700.000000;1.276447
5699.000000;1.276929
5698.000000;1.277413
5697.000000;1.277939
5696.000000;1.278498
5695.000000;1.279019
5694.000000;1.279450
5693.000000;1.279844
5692.000000;1.280250
5691.000000;1.280701
5690.000000;1.281199
5689.000000;1.281732
5688.000000;1.282282
5687.000000;1.282849
5686.000000;1.283460
5685.000000;1.284127
5684.000000;1.284806
5683.000000;1.285431
5682.000000;1.285993
5681.000000;1.286535
5680.000000;1.287081
5679.000000;1.287610
5678.000000;1.288116
5677.000000;1.288630
5676.000000;1.289180
5675.000000;1.289764
5674.000000;1.290383
5673.000000;1.291071
5672.000000;1.291843
5671.000000;1.292640
5670.000000;1.293350
5669.000000;1.293890
5668.000000;1.294274
5667.000000;1.294617
5666.000000;1.295063
5665.000000;1.295677
5664.000000;1.296412
5663.000000;1.297169
5662.000000;1.297870
5661.000000;1.298458
5660.000000;1.298869
5659.000000;1.299095
5658.000000;1.299235
5657.000000;1.299448
5656.000000;1.299815
5655.000000;1.300296
5654.000000;1.300815
5653.000000;1.301343
5652.000000;1.301881
5651.000000;1.302416
5650.000000;1.302923
5649.000000;1.303385
5648.000000;1.303805
5647.000000;1.304222
5646.000000;1.304716
5645.000000;1.305346
5644.000000;1.306062
5643.000000;1.306700
5642.000000;1.307105
5641.000000;1.307270
5640.000000;1.307357
5639.000000;1.307588
5638.000000;1.308086
5637.000000;1.308788
5636.000000;1.309506
5635.000000;1.310096
5634.000000;1.310557
5633.000000;1.310955
5632.000000;1.311318
5631.000000;1.311649
5630.000000;1.312006
5629.000000;1.312471
5628.000000;1.313029
5627.000000;1.313539
5626.000000;1.313861
5625.000000;1.313998
5624.000000;1.314093
5623.000000;1.314302
5622.000000;1.314663
5621.000000;1.315069
5620.000000;1.315384
5619.000000;1.315592
5618.000000;1.315828
5617.000000;1.316216
5616.000000;1.316716
5615.000000;1.317163
5614.000000;1.317451
5613.000000;1.317623
5612.000000;1.317816
5611.000000;1.318137
5610.000000;1.318602
5609.000000;1.319109
5608.000000;1.319487
5607.000000;1.319638
5606.000000;1.319653
5605.000000;1.319735
5604.000000;1.319997
5603.000000;1.320383
5602.000000;1.320766
5601.000000;1.321066
5600.000000;1.321262
5599.000000;1.321381
5598.000000;1.321493
5597.000000;1.321663
5596.000000;1.321894
5595.000000;1.322133
5594.000000;1.322370
5593.000000;1.322650
5592.000000;1.322988
5591.000000;1.323319
5590.000000;1.323567
5589.000000;1.323723
5588.000000;1.323830
5587.000000;1.323935
5586.000000;1.324072
5585.000000;1.324230
5584.000000;1.324333
5583.000000;1.324300
5582.000000;1.324174
5581.000000;1.324129
5580.000000;1.324317
5579.000000;1.324707
5578.000000;1.325113
5577.000000;1.325355
5576.000000;1.325401
5575.000000;1.325359
5574.000000;1.325371
5573.000000;1.325498
5572.000000;1.325706
5571.000000;1.325958
5570.000000;1.326254
5569.000000;1.326552
5568.000000;1.326715
5567.000000;1.326622
5566.000000;1.326340
5565.000000;1.326093
5564.000000;1.326062
5563.000000;1.326251
5562.000000;1.326540
5561.000000;1.326781
5560.000000;1.326857
5559.000000;1.326753
5558.000000;1.326585
5557.000000;1.326496
5556.000000;1.326504
5555.000000;1.326515
5554.000000;1.326494
5553.000000;1.326518
5552.000000;1.326647
5551.000000;1.326836
5550.000000;1.326996
5549.000000;1.327071
5548.000000;1.327046
5547.000000;1.326968
5546.000000;1.326980
5545.000000;1.327221
5544.000000;1.327628
5543.000000;1.327958
5542.000000;1.328039
5541.000000;1.327949
5540.000000;1.327886
5539.000000;1.327956
5538.000000;1.328108
5537.000000;1.328203
5536.000000;1.328114
5535.000000;1.327824
5534.000000;1.327482
5533.000000;1.327294
5532.000000;1.327313
5531.000000;1.327408
5530.000000;1.327445
5529.000000;1.327451
5528.000000;1.327550
5527.000000;1.327785
5526.000000;1.328053
5525.000000;1.328203
5524.000000;1.328156
5523.000000;1.327973
5522.000000;1.327839
5521.000000;1.327884
5520.000000;1.328055
5519.000000;1.328185
5518.000000;1.328200
5517.000000;1.328189
5516.000000;1.328254
5515.000000;1.328392
5514.000000;1.328561
5513.000000;1.328742
5512.000000;1.328892
5511.000000;1.328928
5510.000000;1.328840
5509.000000;1.328754
5508.000000;1.328807
5507.000000;1.328986
5506.000000;1.329141
5505.000000;1.329174
5504.000000;1.329135
5503.000000;1.329164
5502.000000;1.329364
5501.000000;1.329683
5500.000000;1.329987
5499.000000;1.330225
5498.000000;1.330452
5497.000000;1.330701
5496.000000;1.330917
5495.000000;1.331038
5494.000000;1.331093
5493.000000;1.331137
5492.000000;1.331155
5491.000000;1.331088
5490.000000;1.330985
5489.000000;1.331002
5488.000000;1.331217
5487.000000;1.331563
5486.000000;1.331937
5485.000000;1.332302
5484.000000;1.332627
5483.000000;1.332823
5482.000000;1.332861
5481.000000;1.332795
5480.000000;1.332679
5479.000000;1.332600
5478.000000;1.332685
5477.000000;1.332989
5476.000000;1.333401
5475.000000;1.333801
5474.000000;1.334245
5473.000000;1.334840
5472.000000;1.335537
5471.000000;1.336120
5470.000000;1.336417
5469.000000;1.336451
5468.000000;1.336404
5467.000000;1.336490
5466.000000;1.336838
5465.000000;1.337389
5464.000000;1.337903
5463.000000;1.338188
5462.000000;1.338338
5461.000000;1.338567
5460.000000;1.338895
5459.000000;1.339231
5458.000000;1.339611
5457.000000;1.340084
5456.000000;1.340557
5455.000000;1.340968
5454.000000;1.341401
5453.000000;1.341902
5452.000000;1.342364
5451.000000;1.342717
5450.000000;1.343090
5449.000000;1.343576
5448.000000;1.344073
5447.000000;1.344509
5446.000000;1.344944
5445.000000;1.345398
5444.000000;1.345811
5443.000000;1.346190
5442.000000;1.346685
5441.000000;1.347404
5440.000000;1.348253
5439.000000;1.349103
5438.000000;1.349991
5437.000000;1.350982
5436.000000;1.351957
5435.000000;1.352812
5434.000000;1.353600
5433.000000;1.354315
5432.000000;1.354903
5431.000000;1.355453
5430.000000;1.356050
5429.000000;1.356686
5428.000000;1.357406
5427.000000;1.358292
5426.000000;1.359388
5425.000000;1.360652
5424.000000;1.361904
5423.000000;1.362944
5422.000000;1.363763
5421.000000;1.364559
5420.000000;1.365534
5419.000000;1.366688
5418.000000;1.367912
5417.000000;1.369126
5416.000000;1.370284
5415.000000;1.371374
5414.000000;1.372474
5413.000000;1.373729
5412.000000;1.375121
5411.000000;1.376477
5410.000000;1.377704
5409.000000;1.378855
5408.000000;1.380053
5407.000000;1.381438
5406.000000;1.383100
5405.000000;1.384952
5404.000000;1.386768
5403.000000;1.388476
5402.000000;1.390152
5401.000000;1.391828
5400.000000;1.393529
5399.000000;1.395240
5398.000000;1.396955
5397.000000;1.398743
5396.000000;1.400660
5395.000000;1.402673
5394.000000;1.404709
5393.000000;1.406786
5392.000000;1.408998
5391.000000;1.411357
5390.000000;1.413801
5389.000000;1.416254
5388.000000;1.418661
5387.000000;1.421066
5386.000000;1.423605
5385.000000;1.426293
5384.000000;1.428948
5383.000000;1.431503
5382.000000;1.434069
5381.000000;1.436739
5380.000000;1.439513
5379.000000;1.442343
5378.000000;1.445191
5377.000000;1.448104
5376.000000;1.451170
5375.000000;1.454376
5374.000000;1.457653
5373.000000;1.461049
5372.000000;1.464631
5371.000000;1.468289
5370.000000;1.471888
5369.000000;1.475453
5368.000000;1.479072
5367.000000;1.482739
5366.000000;1.486428
5365.000000;1.490191
5364.000000;1.494121
5363.000000;1.498261
5362.000000;1.502558
5361.000000;1.506992
5360.000000;1.511612
5359.000000;1.516350
5358.000000;1.521023
5357.000000;1.525566
5356.000000;1.530100
5355.000000;1.534711
5354.000000;1.539323
5353.000000;1.543856
5352.000000;1.548400
5351.000000;1.553236
5350.000000;1.558564
5349.000000;1.564197
5348.000000;1.569732
5347.000000;1.574963
5346.000000;1.580000
5345.000000;1.585143
5344.000000;1.590662
5343.000000;1.596543
5342.000000;1.602549
5341.000000;1.608615
5340.000000;1.614692
5339.000000;1.620538
5338.000000;1.626104
5337.000000;1.631614
5336.000000;1.637254
5335.000000;1.643070
5334.000000;1.648997
5333.000000;1.654772
5332.000000;1.660209
5331.000000;1.665594
5330.000000;1.671388
5329.000000;1.677653
5328.000000;1.684009
5327.000000;1.690055
5326.000000;1.695735
5325.000000;1.701244
5324.000000;1.706658
5323.000000;1.711826
5322.000000;1.716652
5321.000000;1.721310
5320.000000;1.726070
5319.000000;1.731052
5318.000000;1.736187
5317.000000;1.741297
5316.000000;1.746181
5315.000000;1.750711
5314.000000;1.754966
5313.000000;1.759080
5312.000000;1.763024
5311.000000;1.766774
5310.000000;1.770532
5309.000000;1.774429
5308.000000;1.778133
5307.000000;1.781166
5306.000000;1.783569
5305.000000;1.785919
5304.000000;1.788680
5303.000000;1.791815
5302.000000;1.795022
5301.000000;1.798072
5300.000000;1.800846
5299.000000;1.803276
5298.000000;1.805354
5297.000000;1.807141
5296.000000;1.808661
5295.000000;1.809920
5294.000000;1.811113
5293.000000;1.812511
5292.000000;1.814115
5291.000000;1.815687
5290.000000;1.817110
5289.000000;1.818467
5288.000000;1.819755
5287.000000;1.820899
5286.000000;1.821973
5285.000000;1.823103
5284.000000;1.824258
5283.000000;1.825326
5282.000000;1.826408
5281.000000;1.827764
5280.000000;1.829348
5279.000000;1.830691
5278.000000;1.831402
5277.000000;1.831605
5276.000000;1.831733
5275.000000;1.832062
5274.000000;1.832666
5273.000000;1.833601
5272.000000;1.834763
5271.000000;1.835795
5270.000000;1.836434
5269.000000;1.836854
5268.000000;1.837493
5267.000000;1.838492
5266.000000;1.839511
5265.000000;1.840134
5264.000000;1.840359
5263.000000;1.840502
5262.000000;1.840738
5261.000000;1.841062
5260.000000;1.841545
5259.000000;1.842331
5258.000000;1.843407
5257.000000;1.844461
5256.000000;1.845039
5255.000000;1.844998
5254.000000;1.844719
5253.000000;1.844744
5252.000000;1.845266
5251.000000;1.846119
5250.000000;1.846968
5249.000000;1.847416
5248.000000;1.847326
5247.000000;1.846922
5246.000000;1.846505
5245.000000;1.846190
5244.000000;1.845929
5243.000000;1.845736
5242.000000;1.845804
5241.000000;1.846312
5240.000000;1.847133
5239.000000;1.847869
5238.000000;1.848266
5237.000000;1.848412
5236.000000;1.848525
5235.000000;1.848784
5234.000000;1.849264
5233.000000;1.849776
5232.000000;1.849948
5231.000000;1.849670
5230.000000;1.849329
5229.000000;1.849397
5228.000000;1.849896
5227.000000;1.850378
5226.000000;1.850442
5225.000000;1.850197
5224.000000;1.850084
5223.000000;1.850353
5222.000000;1.850877
5221.000000;1.851327
5220.000000;1.851442
5219.000000;1.851220
5218.000000;1.850919
5217.000000;1.850833
5216.000000;1.851100
5215.000000;1.851718
5214.000000;1.852525
5213.000000;1.853227
5212.000000;1.853545
5211.000000;1.853345
5210.000000;1.852721
5209.000000;1.852015
5208.000000;1.851582
5207.000000;1.851441
5206.000000;1.851288
5205.000000;1.850922
5204.000000;1.850554
5203.000000;1.850580
5202.000000;1.851101
5201.000000;1.851895
5200.000000;1.852744
5199.000000;1.853480
5198.000000;1.853781
5197.000000;1.853313
5196.000000;1.852254
5195.000000;1.851323
5194.000000;1.851025
5193.000000;1.851163
5192.000000;1.851255
5191.000000;1.851131
5190.000000;1.850940
5189.000000;1.850766
5188.000000;1.850539
5187.000000;1.850261
5186.000000;1.850049
5185.000000;1.849950
5184.000000;1.849933
5183.000000;1.850020
5182.000000;1.850253
5181.000000;1.850513
5180.000000;1.850580
5179.000000;1.850403
5178.000000;1.850198
5177.000000;1.850201
5176.000000;1.850429
5175.000000;1.850710
5174.000000;1.850863
5173.000000;1.850814
5172.000000;1.850618
5171.000000;1.850435
5170.000000;1.850427
5169.000000;1.850642
5168.000000;1.850993
5167.000000;1.851350
5166.000000;1.851594
5165.000000;1.851627
5164.000000;1.851396
5163.000000;1.850936
5162.000000;1.850347
5161.000000;1.849772
5160.000000;1.849383
5159.000000;1.849306
5158.000000;1.849492
5157.000000;1.849723
5156.000000;1.849803
5155.000000;1.849750
5154.000000;1.849729
5153.000000;1.849819
5152.000000;1.849891
5151.000000;1.849784
5150.000000;1.849578
5149.000000;1.849558
5148.000000;1.849875
5147.000000;1.850249
5146.000000;1.850152
5145.000000;1.849341
5144.000000;1.848187
5143.000000;1.847317
5142.000000;1.846956
5141.000000;1.846797
5140.000000;1.846532
5139.000000;1.846283
5138.000000;1.846351
5137.000000;1.846715
5136.000000;1.847043
5135.000000;1.847100
5134.000000;1.846944
5133.000000;1.846719
5132.000000;1.846454
5131.000000;1.846112
5130.000000;1.845700
5129.000000;1.845297
5128.000000;1.845009
5127.000000;1.844878
5126.000000;1.844784
5125.000000;1.844529
5124.000000;1.844092
5123.000000;1.843710
5122.000000;1.843568
5121.000000;1.843517
5120.000000;1.843297
5119.000000;1.842955
5118.000000;1.842783
5117.000000;1.842842
5116.000000;1.842833
5115.000000;1.842548
5114.000000;1.842211
5113.000000;1.842178
5112.000000;1.842440
5111.000000;1.842608
5110.000000;1.842341
5109.000000;1.841680
5108.000000;1.840976
5107.000000;1.840612
5106.000000;1.840731
5105.000000;1.841095
5104.000000;1.841242
5103.000000;1.840914
5102.000000;1.840327
5101.000000;1.839939
5100.000000;1.839946
5099.000000;1.840079
5098.000000;1.839914
5097.000000;1.839308
5096.000000;1.838486
5095.000000;1.837778
5094.000000;1.837344
5093.000000;1.837136
5092.000000;1.837046
5091.000000;1.837008
5090.000000;1.836993
5089.000000;1.836981
5088.000000;1.836978
5087.000000;1.837017
5086.000000;1.837086
5085.000000;1.837059
5084.000000;1.836753
5083.000000;1.836053
5082.000000;1.834990
5081.000000;1.833767
5080.000000;1.832732
5079.000000;1.832242
5078.000000;1.832396
5077.000000;1.832896
5076.000000;1.833268
5075.000000;1.833288
5074.000000;1.833157
5073.000000;1.833224
5072.000000;1.833589
5071.000000;1.833995
5070.000000;1.834092
5069.000000;1.833787
5068.000000;1.833314
5067.000000;1.832975
5066.000000;1.832815
5065.000000;1.832622
5064.000000;1.832226
5063.000000;1.831737
5062.000000;1.831402
5061.000000;1.831265
5060.000000;1.831075
5059.000000;1.830564
5058.000000;1.829795
5057.000000;1.829186
5056.000000;1.829156
5055.000000;1.829704
5054.000000;1.830328
5053.000000;1.830453
5052.000000;1.830006
5051.000000;1.829495
5050.000000;1.829466
5049.000000;1.829922
5048.000000;1.830347
5047.000000;1.830249
5046.000000;1.829605
5045.000000;1.828785
5044.000000;1.828140
5043.000000;1.827714
5042.000000;1.827321
5041.000000;1.826853
5040.000000;1.826464
5039.000000;1.826400
5038.000000;1.826643
5037.000000;1.826818
5036.000000;1.826531
5035.000000;1.825761
5034.000000;1.824872
5033.000000;1.824265
5032.000000;1.824078
5031.000000;1.824154
5030.000000;1.824185
5029.000000;1.823922
5028.000000;1.823324
5027.000000;1.822537
5026.000000;1.821722
5025.000000;1.820942
5024.000000;1.820260
5023.000000;1.819822
5022.000000;1.819718
5021.000000;1.819804
5020.000000;1.819824
5019.000000;1.819716
5018.000000;1.819676
5017.000000;1.819859
5016.000000;1.820128
5015.000000;1.820179
5014.000000;1.819893
5013.000000;1.819462
5012.000000;1.819156
5011.000000;1.818969
5010.000000;1.818598
5009.000000;1.817791
5008.000000;1.816694
5007.000000;1.815723
5006.000000;1.815135
5005.000000;1.814844
5004.000000;1.814700
5003.000000;1.814761
5002.000000;1.815118
5001.000000;1.815580
5000.000000;1.815739
4999.000000;1.815378
4998.000000;1.814663
4997.000000;1.813928
4996.000000;1.813369
4995.000000;1.812939
4994.000000;1.812465
4993.000000;1.811814
4992.000000;1.811025
4991.000000;1.810276
4990.000000;1.809700
4989.000000;1.809269
4988.000000;1.808898
4987.000000;1.808604
4986.000000;1.808440
4985.000000;1.808294
4984.000000;1.807921
4983.000000;1.807204
4982.000000;1.806311
4981.000000;1.805550
4980.000000;1.805130
4979.000000;1.805049
4978.000000;1.805150
4977.000000;1.805254
4976.000000;1.805261
4975.000000;1.805150
4974.000000;1.804874
4973.000000;1.804318
4972.000000;1.803443
4971.000000;1.802412
4970.000000;1.801529
4969.000000;1.801021
4968.000000;1.800927
4967.000000;1.801133
4966.000000;1.801411
4965.000000;1.801492
4964.000000;1.801199
4963.000000;1.800553
4962.000000;1.799702
4961.000000;1.798785
4960.000000;1.797894
4959.000000;1.797114
4958.000000;1.796483
4957.000000;1.795943
4956.000000;1.795402
4955.000000;1.794858
4954.000000;1.794379
4953.000000;1.794006
4952.000000;1.793722
4951.000000;1.793436
4950.000000;1.792999
4949.000000;1.792288
4948.000000;1.791412
4947.000000;1.790704
4946.000000;1.790405
4945.000000;1.790422
4944.000000;1.790492
4943.000000;1.790466
4942.000000;1.790286
4941.000000;1.789846
4940.000000;1.789118
4939.000000;1.788326
4938.000000;1.787733
4937.000000;1.787287
4936.000000;1.786738
4935.000000;1.786053
4934.000000;1.785435
4933.000000;1.784897
4932.000000;1.784184
4931.000000;1.783205
4930.000000;1.782263
4929.000000;1.781638
4928.000000;1.781207
4927.000000;1.780672
4926.000000;1.779995
4925.000000;1.779352
4924.000000;1.778811
4923.000000;1.778293
4922.000000;1.777753
4921.000000;1.777200
4920.000000;1.776573
4919.000000;1.775806
4918.000000;1.775012
4917.000000;1.774396
4916.000000;1.774005
4915.000000;1.773678
4914.000000;1.773284
4913.000000;1.772863
4912.000000;1.772512
4911.000000;1.772245
4910.000000;1.771965
4909.000000;1.771513
4908.000000;1.770756
4907.000000;1.769763
4906.000000;1.768843
4905.000000;1.768278
4904.000000;1.767970
4903.000000;1.767510
4902.000000;1.766640
4901.000000;1.765554
4900.000000;1.764662
4899.000000;1.764164
4898.000000;1.763925
4897.000000;1.763655
4896.000000;1.763092
4895.000000;1.762087
4894.000000;1.760708
4893.000000;1.759307
4892.000000;1.758329
4891.000000;1.757943
4890.000000;1.757900
4889.000000;1.757783
4888.000000;1.757373
4887.000000;1.756704
4886.000000;1.755841
4885.000000;1.754763
4884.000000;1.753514
4883.000000;1.752335
4882.000000;1.751503
4881.000000;1.751047
4880.000000;1.750681
4879.000000;1.750083
4878.000000;1.749206
4877.000000;1.748304
4876.000000;1.747660
4875.000000;1.747292
4874.000000;1.746913
4873.000000;1.746175
4872.000000;1.744975
4871.000000;1.743528
4870.000000;1.742187
4869.000000;1.741189
4868.000000;1.740550
4867.000000;1.740108
4866.000000;1.739652
4865.000000;1.739045
4864.000000;1.738317
4863.000000;1.737606
4862.000000;1.736975
4861.000000;1.736299
4860.000000;1.735367
4859.000000;1.734140
4858.000000;1.732864
4857.000000;1.731894
4856.000000;1.731378
4855.000000;1.731111
4854.000000;1.730733
4853.000000;1.730110
4852.000000;1.729427
4851.000000;1.728849
4850.000000;1.728180
4849.000000;1.727032
4848.000000;1.725372
4847.000000;1.723719
4846.000000;1.722673
4845.000000;1.722309
4844.000000;1.722144
4843.000000;1.721633
4842.000000;1.720607
4841.000000;1.719281
4840.000000;1.717978
4839.000000;1.716881
4838.000000;1.715984
4837.000000;1.715195
4836.000000;1.714464
4835.000000;1.713788
4834.000000;1.713140
4833.000000;1.712466
4832.000000;1.711768
4831.000000;1.711087
4830.000000;1.710375
4829.000000;1.709505
4828.000000;1.708469
4827.000000;1.707414
4826.000000;1.706414
4825.000000;1.705332
4824.000000;1.704076
4823.000000;1.702890
4822.000000;1.702133
4821.000000;1.701823
4820.000000;1.701538
4819.000000;1.700818
4818.000000;1.699522
4817.000000;1.697844
4816.000000;1.696159
4815.000000;1.694851
4814.000000;1.694097
4813.000000;1.693705
4812.000000;1.693265
4811.000000;1.692521
4810.000000;1.691540
4809.000000;1.690488
4808.000000;1.689419
4807.000000;1.688318
4806.000000;1.687248
4805.000000;1.686333
4804.000000;1.685610
4803.000000;1.684989
4802.000000;1.684293
4801.000000;1.683408
4800.000000;1.682414
4799.000000;1.681541
4798.000000;1.680882
4797.000000;1.680163
4796.000000;1.678978
4795.000000;1.677294
4794.000000;1.675560
4793.000000;1.674234
4792.000000;1.673355
4791.000000;1.672663
4790.000000;1.672013
4789.000000;1.671460
4788.000000;1.670980
4787.000000;1.670330
4786.000000;1.669253
4785.000000;1.667739
4784.000000;1.666012
4783.000000;1.664372
4782.000000;1.663062
4781.000000;1.662200
4780.000000;1.661681
4779.000000;1.661164
4778.000000;1.660299
4777.000000;1.659068
4776.000000;1.657835
4775.000000;1.656961
4774.000000;1.656380
4773.000000;1.655661
4772.000000;1.654485
4771.000000;1.652947
4770.000000;1.651370
4769.000000;1.649972
4768.000000;1.648795
4767.000000;1.647823
4766.000000;1.646995
4765.000000;1.646177
4764.000000;1.645271
4763.000000;1.644333
4762.000000;1.643444
4761.000000;1.642551
4760.000000;1.641582
4759.000000;1.640667
4758.000000;1.639995
4757.000000;1.639456
4756.000000;1.638665
4755.000000;1.637426
4754.000000;1.635986
4753.000000;1.634712
4752.000000;1.633709
4751.000000;1.632869
4750.000000;1.632134
4749.000000;1.631494
4748.000000;1.630822
4747.000000;1.629914
4746.000000;1.628697
4745.000000;1.627292
4744.000000;1.625886
4743.000000;1.624613
4742.000000;1.623514
4741.000000;1.622470
4740.000000;1.621258
4739.000000;1.619793
4738.000000;1.618316
4737.000000;1.617192
4736.000000;1.616524
4735.000000;1.616066
4734.000000;1.615500
4733.000000;1.614695
4732.000000;1.613707
4731.000000;1.612660
4730.000000;1.611696
4729.000000;1.610906
4728.000000;1.610234
4727.000000;1.609502
4726.000000;1.608570
4725.000000;1.607450
4724.000000;1.606252
4723.000000;1.605094
4722.000000;1.604083
4721.000000;1.603284
4720.000000;1.602642
4719.000000;1.601985
4718.000000;1.601165
4717.000000;1.600168
4716.000000;1.599056
4715.000000;1.597873
4714.000000;1.596663
4713.000000;1.595509
4712.000000;1.594463
4711.000000;1.593453
4710.000000;1.592389
4709.000000;1.591345
4708.000000;1.590535
4707.000000;1.590065
4706.000000;1.589779
4705.000000;1.589391
4704.000000;1.588734
4703.000000;1.587832
4702.000000;1.586803
4701.000000;1.585768
4700.000000;1.584799
4699.000000;1.583883
4698.000000;1.582946
4697.000000;1.581949
4696.000000;1.580942
4695.000000;1.579955
4694.000000;1.578891
4693.000000;1.577625
4692.000000;1.576231
4691.000000;1.574970
4690.000000;1.574027
4689.000000;1.573304
4688.000000;1.572571
4687.000000;1.571725
4686.000000;1.570834
4685.000000;1.569972
4684.000000;1.569131
4683.000000;1.568290
4682.000000;1.567491
4681.000000;1.566775
4680.000000;1.566117
4679.000000;1.565421
4678.000000;1.564564
4677.000000;1.563452
4676.000000;1.562135
4675.000000;1.560881
4674.000000;1.560046
4673.000000;1.559739
4672.000000;1.559652
4671.000000;1.559311
4670.000000;1.558521
4669.000000;1.557484
4668.000000;1.556484
4667.000000;1.555557
4666.000000;1.554546
4665.000000;1.553422
4664.000000;1.552386
4663.000000;1.551646
4662.000000;1.551164
4661.000000;1.550702
4660.000000;1.550071
4659.000000;1.549294
4658.000000;1.548519
4657.000000;1.547847
4656.000000;1.547246
4655.000000;1.546612
4654.000000;1.545895
4653.000000;1.545146
4652.000000;1.544448
4651.000000;1.543798
4650.000000;1.543095
4649.000000;1.542272
4648.000000;1.541398
4647.000000;1.540595
4646.000000;1.539904
4645.000000;1.539271
4644.000000;1.538668
4643.000000;1.538127
4642.000000;1.537640
4641.000000;1.537092
4640.000000;1.536353
4639.000000;1.535409
4638.000000;1.534348
4637.000000;1.533268
4636.000000;1.532256
4635.000000;1.531428
4634.000000;1.530929
4633.000000;1.530823
4632.000000;1.530998
4631.000000;1.531194
4630.000000;1.531137
4629.000000;1.530683
4628.000000;1.529846
4627.000000;1.528726
4626.000000;1.527423
4625.000000;1.526035
4624.000000;1.524701
4623.000000;1.523605
4622.000000;1.522890
4621.000000;1.522562
4620.000000;1.522447
4619.000000;1.522274
4618.000000;1.521856
4617.000000;1.521195
4616.000000;1.520392
4615.000000;1.519471
4614.000000;1.518388
4613.000000;1.517241
4612.000000;1.516317
4611.000000;1.515825
4610.000000;1.515640
4609.000000;1.515443
4608.000000;1.515064
4607.000000;1.514565
4606.000000;1.514030
4605.000000;1.513461
4604.000000;1.512881
4603.000000;1.512370
4602.000000;1.511914
4601.000000;1.511391
4600.000000;1.510744
4599.000000;1.510064
4598.000000;1.509409
4597.000000;1.508708
4596.000000;1.507923
4595.000000;1.507196
4594.000000;1.506678
4593.000000;1.506333
4592.000000;1.506045
4591.000000;1.505817
4590.000000;1.505703
4589.000000;1.505572
4588.000000;1.505134
4587.000000;1.504239
4586.000000;1.503046
4585.000000;1.501872
4584.000000;1.500943
4583.000000;1.500277
4582.000000;1.499728
4581.000000;1.499127
4580.000000;1.498440
4579.000000;1.497820
4578.000000;1.497458
4577.000000;1.497403
4576.000000;1.497500
4575.000000;1.497476
4574.000000;1.497074
4573.000000;1.496245
4572.000000;1.495266
4571.000000;1.494562
4570.000000;1.494265
4569.000000;1.494044
4568.000000;1.493488
4567.000000;1.492594
4566.000000;1.491706
4565.000000;1.491056
4564.000000;1.490594
4563.000000;1.490232
4562.000000;1.489988
4561.000000;1.489809
4560.000000;1.489469
4559.000000;1.488798
4558.000000;1.487890
4557.000000;1.486978
4556.000000;1.486193
4555.000000;1.485550
4554.000000;1.485060
4553.000000;1.484721
4552.000000;1.484449
4551.000000;1.484138
4550.000000;1.483780
4549.000000;1.483457
4548.000000;1.483209
4547.000000;1.482990
4546.000000;1.482740
4545.000000;1.482436
4544.000000;1.482069
4543.000000;1.481604
4542.000000;1.480994
4541.000000;1.480211
4540.000000;1.479303
4539.000000;1.478418
4538.000000;1.477734
4537.000000;1.477308
4536.000000;1.477021
4535.000000;1.476701
4534.000000;1.476288
4533.000000;1.475837
4532.000000;1.475392
4531.000000;1.474905
4530.000000;1.474339
4529.000000;1.473796
4528.000000;1.473501
4527.000000;1.473594
4526.000000;1.473956
4525.000000;1.474264
4524.000000;1.474263
4523.000000;1.473942
4522.000000;1.473451
4521.000000;1.472905
4520.000000;1.472335
4519.000000;1.471765
4518.000000;1.471265
4517.000000;1.470906
4516.000000;1.470701
4515.000000;1.470580
4514.000000;1.470396
4513.000000;1.470004
4512.000000;1.469435
4511.000000;1.468938
4510.000000;1.468751
4509.000000;1.468808
4508.000000;1.468776
4507.000000;1.468425
4506.000000;1.467893
4505.000000;1.467551
4504.000000;1.467637
4503.000000;1.468013
4502.000000;1.468236
4501.000000;1.467921
4500.000000;1.467123
4499.000000;1.466354
4498.000000;1.466112
4497.000000;1.466367
4496.000000;1.466601
4495.000000;1.466374
4494.000000;1.465743
4493.000000;1.465100
4492.000000;1.464726
4491.000000;1.464631
4490.000000;1.464701
4489.000000;1.464840
4488.000000;1.464952
4487.000000;1.464935
4486.000000;1.464767
4485.000000;1.464569
4484.000000;1.464535
4483.000000;1.464793
4482.000000;1.465277
4481.000000;1.465740
4480.000000;1.465935
4479.000000;1.465830
4478.000000;1.465624
4477.000000;1.465522
4476.000000;1.465523
4475.000000;1.465472
4474.000000;1.465299
4473.000000;1.465102
4472.000000;1.464994
4471.000000;1.464952
4470.000000;1.464862
4469.000000;1.464690
4468.000000;1.464506
4467.000000;1.464363
4466.000000;1.464216
4465.000000;1.464013
4464.000000;1.463829
4463.000000;1.463799
4462.000000;1.463918
4461.000000;1.463984
4460.000000;1.463811
4459.000000;1.463452
4458.000000;1.463154
4457.000000;1.463096
4456.000000;1.463228
4455.000000;1.463351
4454.000000;1.463320
4453.000000;1.463175
4452.000000;1.463125
4451.000000;1.463399
4450.000000;1.464040
4449.000000;1.464835
4448.000000;1.465461
4447.000000;1.465733
4446.000000;1.465688
4445.000000;1.465489
4444.000000;1.465305
4443.000000;1.465275
4442.000000;1.465472
4441.000000;1.465839
4440.000000;1.466208
4439.000000;1.466421
4438.000000;1.466436
4437.000000;1.466301
4436.000000;1.466080
4435.000000;1.465827
4434.000000;1.465593
4433.000000;1.465417
4432.000000;1.465318
4431.000000;1.465286
4430.000000;1.465277
4429.000000;1.465245
4428.000000;1.465198
4427.000000;1.465216
4426.000000;1.465346
4425.000000;1.465517
4424.000000;1.465644
4423.000000;1.465790
4422.000000;1.466143
4421.000000;1.466773
4420.000000;1.467473
4419.000000;1.467886
4418.000000;1.467799
4417.000000;1.467311
4416.000000;1.466773
4415.000000;1.466557
4414.000000;1.466801
4413.000000;1.467332
4412.000000;1.467820
4411.000000;1.468051
4410.000000;1.468054
4409.000000;1.467986
4408.000000;1.467935
4407.000000;1.467874
4406.000000;1.467771
4405.000000;1.467699
4404.000000;1.467778
4403.000000;1.467997
4402.000000;1.468182
4401.000000;1.468209
4400.000000;1.468211
4399.000000;1.468421
4398.000000;1.468822
4397.000000;1.469162
4396.000000;1.469355
4395.000000;1.469627
4394.000000;1.470081
4393.000000;1.470360
4392.000000;1.470037
4391.000000;1.469227
4390.000000;1.468486
4389.000000;1.468142
4388.000000;1.468069
4387.000000;1.468110
4386.000000;1.468308
4385.000000;1.468603
4384.000000;1.468676
4383.000000;1.468351
4382.000000;1.467932
4381.000000;1.467835
4380.000000;1.468024
4379.000000;1.468079
4378.000000;1.467740
4377.000000;1.467162
4376.000000;1.466663
4375.000000;1.466419
4374.000000;1.466382
4373.000000;1.466358
4372.000000;1.466178
4371.000000;1.465909
4370.000000;1.465822
4369.000000;1.466006
4368.000000;1.466134
4367.000000;1.465823
4366.000000;1.465174
4365.000000;1.464675
4364.000000;1.464541
4363.000000;1.464462
4362.000000;1.464086
4361.000000;1.463497
4360.000000;1.462979
4359.000000;1.462514
4358.000000;1.461842
4357.000000;1.460995
4356.000000;1.460443
4355.000000;1.460557
4354.000000;1.461122
4353.000000;1.461564
4352.000000;1.461550
4351.000000;1.461174
4350.000000;1.460598
4349.000000;1.459808
4348.000000;1.458828
4347.000000;1.457924
4346.000000;1.457403
4345.000000;1.457293
4344.000000;1.457404
4343.000000;1.457593
4342.000000;1.457761
4341.000000;1.457679
4340.000000;1.457126
4339.000000;1.456233
4338.000000;1.455411
4337.000000;1.454825
4336.000000;1.454213
4335.000000;1.453327
4334.000000;1.452265
4333.000000;1.451186
4332.000000;1.449981
4331.000000;1.448576
4330.000000;1.447402
4329.000000;1.447102
4328.000000;1.447676
4327.000000;1.448229
4326.000000;1.447800
4325.000000;1.446340
4324.000000;1.444686
4323.000000;1.443662
4322.000000;1.443305
4321.000000;1.442928
4320.000000;1.441853
4319.000000;1.440076
4318.000000;1.438229
4317.000000;1.436890
4316.000000;1.436012
4315.000000;1.435058
4314.000000;1.433674
4313.000000;1.432041
4312.000000;1.430551
4311.000000;1.429304
4310.000000;1.428098
4309.000000;1.426781
4308.000000;1.425393
4307.000000;1.423965
4306.000000;1.422402
4305.000000;1.420680
4304.000000;1.419013
4303.000000;1.417632
4302.000000;1.416399
4301.000000;1.414877
4300.000000;1.412863
4299.000000;1.410728
4298.000000;1.409097
4297.000000;1.408202
4296.000000;1.407646
4295.000000;1.406804
4294.000000;1.405353
4293.000000;1.403425
4292.000000;1.401343
4291.000000;1.399299
4290.000000;1.397319
4289.000000;1.395423
4288.000000;1.393697
4287.000000;1.392095
4286.000000;1.390209
4285.000000;1.387481
4284.000000;1.383819
4283.000000;1.379886
4282.000000;1.376578
4281.000000;1.374220
4280.000000;1.372397
4279.000000;1.370553
4278.000000;1.368511
4277.000000;1.366324
4276.000000;1.363867
4275.000000;1.360950
4274.000000;1.357759
4273.000000;1.354812
4272.000000;1.352236
4271.000000;1.349411
4270.000000;1.345733
4269.000000;1.341592
4268.000000;1.338045
4267.000000;1.335334
4266.000000;1.332276
4265.000000;1.327652
4264.000000;1.321828
4263.000000;1.316295
4262.000000;1.311808
4261.000000;1.307816
4260.000000;1.303797
4259.000000;1.300253
4258.000000;1.297802
4257.000000;1.295869
4256.000000;1.292985
4255.000000;1.288192
4254.000000;1.281672
4253.000000;1.274239
4252.000000;1.266902
4251.000000;1.260731
4250.000000;1.256302
4249.000000;1.253096
4248.000000;1.249877
4247.000000;1.245756
4246.000000;1.240527
4245.000000;1.234341
4244.000000;1.227330
4243.000000;1.220038
4242.000000;1.213146
4241.000000;1.206646
4240.000000;1.199847
4239.000000;1.192514
4238.000000;1.185350
4237.000000;1.178981
4236.000000;1.172973
4235.000000;1.166248
4234.000000;1.158158
4233.000000;1.148719
4232.000000;1.138094
4231.000000;1.126467
4230.000000;1.114329
4229.000000;1.102353
4228.000000;1.090876
4227.000000;1.079674
4226.000000;1.068193
4225.000000;1.055848
4224.000000;1.042286
4223.000000;1.027627
4222.000000;1.012366
4221.000000;0.996840
4220.000000;0.980834
4219.000000;0.963850
4218.000000;0.945845
4217.000000;0.927516
4216.000000;0.909633
4215.000000;0.891876
4214.000000;0.872347
4213.000000;0.848705
4212.000000;0.820125
4211.000000;0.788142
4210.000000;0.755384
4209.000000;0.723346
4208.000000;0.691293
4207.000000;0.656951
4206.000000;0.618165
4205.000000;0.574427
4204.000000;0.527067
4203.000000;0.477186
4202.000000;0.423135
4201.000000;0.362632
4200.000000;0.300259
4199.000000;0.251555
4198.000000;0.233820
4197.000000;0.253170
4196.000000;0.302795
4195.000000;0.367267
4194.000000;0.432876
4193.000000;0.494961
4192.000000;0.554237
4191.000000;0.611094
4190.000000;0.664993
4189.000000;0.715799
4188.000000;0.763188
4187.000000;0.805744
4186.000000;0.842079
4185.000000;0.872656
4184.000000;0.899734
4183.000000;0.925728
4182.000000;0.952158
4181.000000;0.979622
4180.000000;1.007732
4179.000000;1.035113
4178.000000;1.060273
4177.000000;1.082913
4176.000000;1.104257
4175.000000;1.126076
4174.000000;1.149502
4173.000000;1.174515
4172.000000;1.199822
4171.000000;1.223048
4170.000000;1.242088
4169.000000;1.257207
4168.000000;1.271325
4167.000000;1.287254
4166.000000;1.304739
4165.000000;1.320965
4164.000000;1.334211
4163.000000;1.346240
4162.000000;1.360276
4161.000000;1.377200
4160.000000;1.394636
4159.000000;1.409704
4158.000000;1.421902
4157.000000;1.432678
4156.000000;1.443056
4155.000000;1.453225
4154.000000;1.464108
4153.000000;1.477515
4152.000000;1.493821
4151.000000;1.510261
4150.000000;1.522932
4149.000000;1.530935
4148.000000;1.537381
4147.000000;1.546037
4146.000000;1.558137
4145.000000;1.572407
4144.000000;1.586989
4143.000000;1.600542
4142.000000;1.612034
4141.000000;1.620876
4140.000000;1.627670
4139.000000;1.634092
4138.000000;1.641697
4137.000000;1.650989
4136.000000;1.661246
4135.000000;1.670913
4134.000000;1.678728
4133.000000;1.685308
4132.000000;1.693328
4131.000000;1.704927
4130.000000;1.718704
4129.000000;1.730307
4128.000000;1.736895
4127.000000;1.740355
4126.000000;1.745349
4125.000000;1.755043
4124.000000;1.768933
4123.000000;1.783532
4122.000000;1.794830
4121.000000;1.801360
4120.000000;1.805391
4119.000000;1.810166
4118.000000;1.816294
4117.000000;1.822317
4116.000000;1.827934
4115.000000;1.834361
4114.000000;1.841721
4113.000000;1.848074
4112.000000;1.852469
4111.000000;1.857319
4110.000000;1.865082
4109.000000;1.874308
4108.000000;1.881844
4107.000000;1.887719
4106.000000;1.894590
4105.000000;1.902927
4104.000000;1.909810
4103.000000;1.913012
4102.000000;1.913989
4101.000000;1.915941
4100.000000;1.920872
4099.000000;1.929005
4098.000000;1.939072
4097.000000;1.948209
4096.000000;1.953673
4095.000000;1.955932
4094.000000;1.957887
4093.000000;1.961163
4092.000000;1.965595
4091.000000;1.971677
4090.000000;1.980581
4089.000000;1.991035
4088.000000;1.998927
4087.000000;2.002099
4086.000000;2.003580
4085.000000;2.007635
4084.000000;2.014179
4083.000000;2.019211
4082.000000;2.020227
4081.000000;2.019430
4080.000000;2.021460
4079.000000;2.029208
4078.000000;2.041764
4077.000000;2.055864
4076.000000;2.069126
4075.000000;2.081516
4074.000000;2.093549
4073.000000;2.104060
4072.000000;2.111202
4071.000000;2.115144
4070.000000;2.117783
4069.000000;2.119806
4068.000000;2.120669
4067.000000;2.121620
4066.000000;2.125533
4065.000000;2.133504
4064.000000;2.143923
4063.000000;2.154743
4062.000000;2.164241
4061.000000;2.170525
4060.000000;2.172955
4059.000000;2.173261
4058.000000;2.173629
4057.000000;2.174249
4056.000000;2.174446
4055.000000;2.175590
4054.000000;2.180297
4053.000000;2.188507
4052.000000;2.196643
4051.000000;2.201705
4050.000000;2.204645
4049.000000;2.208437
4048.000000;2.213873
4047.000000;2.218961
4046.000000;2.221347
4045.000000;2.219506
4044.000000;2.213942
4043.000000;2.209000
4042.000000;2.210860
4041.000000;2.222475
4040.000000;2.241513
4039.000000;2.262055
4038.000000;2.276144
4037.000000;2.276353
4036.000000;2.262849
4035.000000;2.246743
4034.000000;2.241216
4033.000000;2.250239
4032.000000;2.267095
4031.000000;2.283198
4030.000000;2.296320
4029.000000;2.307656
4028.000000;2.315247
4027.000000;2.315994
4026.000000;2.311428
4025.000000;2.306697
4024.000000;2.306039
4023.000000;2.311569
4022.000000;2.322526
4021.000000;2.333020
4020.000000;2.334612
4019.000000;2.325294
4018.000000;2.313363
4017.000000;2.310054
4016.000000;2.320492
4015.000000;2.341653
4014.000000;2.365269
4013.000000;2.380939
4012.000000;2.381924
4011.000000;2.373434
4010.000000;2.369966
4009.000000;2.380952
4008.000000;2.400937
4007.000000;2.414696
4006.000000;2.414957
4005.000000;2.410314
4004.000000;2.411587
4003.000000;2.421013
4002.000000;2.435671
4001.000000;2.453782
4000.000000;2.473909
3999.000000;2.488590
3998.000000;2.488531
3997.000000;2.476869
3996.000000;2.467162
3995.000000;2.467670
3994.000000;2.474352
3993.000000;2.477798
3992.000000;2.476089
3991.000000;2.476610
3990.000000;2.484786
3989.000000;2.498006
3988.000000;2.510479
3987.000000;2.518258
3986.000000;2.518098
3985.000000;2.507248
3984.000000;2.488955
3983.000000;2.473550
3982.000000;2.469076
3981.000000;2.473197
3980.000000;2.477484
3979.000000;2.479091
3978.000000;2.482808
3977.000000;2.491588
3976.000000;2.502307
3975.000000;2.512412
3974.000000;2.525803
3973.000000;2.545910
3972.000000;2.564485
3971.000000;2.570144
3970.000000;2.567215
3969.000000;2.566191
3968.000000;2.567206
3967.000000;2.565598
3966.000000;2.563957
3965.000000;2.572696
3964.000000;2.598673
3963.000000;2.634210
3962.000000;2.658893
3961.000000;2.657784
3960.000000;2.634728
3959.000000;2.607495
3958.000000;2.594235
3957.000000;2.599770
3956.000000;2.612556
3955.000000;2.615908
3954.000000;2.604823
3953.000000;2.588826
3952.000000;2.580038
3951.000000;2.583692
3950.000000;2.596015
3949.000000;2.607911
3948.000000;2.614904
3947.000000;2.624344
3946.000000;2.646030
3945.000000;2.678832
3944.000000;2.711502
3943.000000;2.733817
3942.000000;2.746053
3941.000000;2.756839
3940.000000;2.772284
3939.000000;2.789800
3938.000000;2.802500
3937.000000;2.806454
3936.000000;2.805844
3935.000000;2.812768
3934.000000;2.837257
3933.000000;2.873862
3932.000000;2.897471
3931.000000;2.884019
3930.000000;2.839282
3929.000000;2.792131
3928.000000;2.770945
3927.000000;2.788707
3926.000000;2.831708
3925.000000;2.859522
3924.000000;2.842134
3923.000000;2.801341
3922.000000;2.783935
3921.000000;2.815249
3920.000000;2.886167
3919.000000;2.964870
3918.000000;3.023984
3917.000000;3.052011
3916.000000;3.045931
3915.000000;3.025311
3914.000000;3.028097
3913.000000;3.077950
3912.000000;3.153639
3911.000000;3.198710
3910.000000;3.198628
3909.000000;3.174901
3908.000000;3.135611
3907.000000;3.094811
3906.000000;3.087571
3905.000000;3.139292
3904.000000;3.236263
3903.000000;3.322760
3902.000000;3.371132
3901.000000;3.422480
3900.000000;3.486759
3899.000000;3.487859
3898.000000;3.401539
3897.000000;3.289459
3896.000000;3.176723
3895.000000;3.107802
3894.000000;3.127593
3893.000000;3.229491
3892.000000;3.319556
3891.000000;3.317975
3890.000000;3.305828
3889.000000;3.355326
3888.000000;3.415059
3887.000000;3.372016
3886.000000;3.277056
3885.000000;3.224317
3884.000000;3.217696
3883.000000;3.244190
3882.000000;3.324083
3881.000000;3.510402
3880.000000;3.641066
3879.000000;3.518628
3878.000000;3.431952
3877.000000;3.388481
3876.000000;3.336534
3875.000000;3.323265
3874.000000;3.401543
3873.000000;3.730075
3872.000000;4.436309
3871.000000;3.863951
3870.000000;3.997346
3869.000000;3.489280
3868.000000;3.275113
3867.000000;3.253030
3866.000000;3.342087
3865.000000;3.475187
3864.000000;3.511699
3863.000000;3.409077
3862.000000;3.268372
3861.000000;3.238027
3860.000000;3.342819
3859.000000;3.545545
3858.000000;3.677461
3857.000000;3.585083
3856.000000;3.399629
3855.000000;3.366642
3854.000000;3.696642
3853.000000;3.723752
3852.000000;3.760206
3851.000000;3.624395
3850.000000;3.503270
3849.000000;3.453731
3848.000000;3.472094
3847.000000;3.479054
3846.000000;3.489314
3845.000000;3.570325
3844.000000;3.742279
3843.000000;3.932827
3842.000000;4.139292
3841.000000;4.263307
3840.000000;4.543274
3839.000000;4.458984
3838.000000;4.754359
3837.000000;3.682548
3836.000000;3.155197
3835.000000;3.499475
3834.000000;3.760887
3833.000000;3.358457
3832.000000;3.255723
3831.000000;3.302426
3830.000000;3.454709
3829.000000;3.750819
3828.000000;3.868745
3827.000000;3.622690
3826.000000;3.449076
3825.000000;3.360105
3824.000000;3.322870
3823.000000;3.282214
3822.000000;3.232905
3821.000000;3.237917
3820.000000;3.306123
3819.000000;3.334806
3818.000000;3.223060
3817.000000;3.093712
3816.000000;2.997668
3815.000000;2.965104
3814.000000;3.002512
3813.000000;3.058683
3812.000000;3.119223
3811.000000;3.187051
3810.000000;3.229433
3809.000000;3.250417
3808.000000;3.309134
3807.000000;3.480300
3806.000000;3.788737
3805.000000;3.787645
3804.000000;3.522997
3803.000000;3.284691
3802.000000;3.105515
3801.000000;3.002271
3800.000000;2.935779
3799.000000;2.928055
3798.000000;3.082427
3797.000000;3.619502
3796.000000;3.904146
3795.000000;3.814047
3794.000000;3.984929
3793.000000;3.728065
3792.000000;3.629715
3791.000000;3.671028
3790.000000;3.741935
3789.000000;3.648557
3788.000000;3.442671
3787.000000;3.302932
3786.000000;3.273609
3785.000000;3.365849
3784.000000;3.429295
3783.000000;3.388213
3782.000000;3.460585
3781.000000;3.440828
3780.000000;3.272127
3779.000000;3.207391
3778.000000;3.269539
3777.000000;3.450394
3776.000000;3.607483
3775.000000;3.640247
3774.000000;3.697320
3773.000000;3.846857
3772.000000;3.936788
3771.000000;3.758795
3770.000000;3.657675
3769.000000;3.706080
3768.000000;3.858827
3767.000000;4.134606
3766.000000;4.500645
3765.000000;4.234581
3764.000000;3.836616
3763.000000;3.585499
3762.000000;3.399243
3761.000000;3.299723
3760.000000;3.307879
3759.000000;3.404842
3758.000000;3.720765
3757.000000;4.151217
3756.000000;3.763652
3755.000000;3.578116
3754.000000;3.510880
3753.000000;3.510346
3752.000000;3.568541
3751.000000;3.815845
3750.000000;3.875343
3749.000000;3.542131
3748.000000;3.410124
3747.000000;3.374114
3746.000000;3.335340
3745.000000;3.299809
3744.000000;3.370817
3743.000000;3.490069
3742.000000;3.529487
3741.000000;3.435910
3740.000000;3.181377
3739.000000;3.131954
3738.000000;3.263903
3737.000000;3.714184
3736.000000;3.780304
3735.000000;3.449324
3734.000000;3.421944
3733.000000;3.484469
3732.000000;3.473928
3731.000000;3.335512
3730.000000;3.246611
3729.000000;3.238953
3728.000000;3.264212
3727.000000;3.268587
3726.000000;3.286506
3725.000000;3.374249
3724.000000;3.543830
3723.000000;3.976673
3722.000000;4.051427
3721.000000;3.693742
3720.000000;3.655288
3719.000000;3.855503
3718.000000;4.190498
3717.000000;4.085678
3716.000000;3.852422
3715.000000;3.560012
3714.000000;3.403563
3713.000000;3.416739
3712.000000;3.586537
3711.000000;3.618977
3710.000000;3.622333
3709.000000;3.595930
3708.000000;3.307540
3707.000000;3.218932
3706.000000;3.186364
3705.000000;3.158638
3704.000000;3.104706
3703.000000;3.045570
3702.000000;3.057211
3701.000000;3.179122
3700.000000;3.379246
3699.000000;3.389573
3698.000000;3.355279
3697.000000;3.712822
3696.000000;3.999250
3695.000000;3.573766
3694.000000;3.399553
3693.000000;3.235982
3692.000000;3.106894
3691.000000;3.072962
3690.000000;3.139336
3689.000000;3.430784
3688.000000;3.414075
3687.000000;3.012116
3686.000000;2.919187
3685.000000;2.971609
3684.000000;3.054134
3683.000000;3.107237
3682.000000;3.132821
3681.000000;3.185128
3680.000000;3.276565
3679.000000;3.453106
3678.000000;3.719589
3677.000000;3.364745
3676.000000;2.992298
3675.000000;2.834555
3674.000000;2.807888
3673.000000;2.933974
3672.000000;3.194216
3671.000000;3.287879
3670.000000;3.245531
3669.000000;3.318123
3668.000000;3.344091
3667.000000;3.287322
3666.000000;3.281443
3665.000000;3.384954
3664.000000;3.615861
3663.000000;3.645655
3662.000000;3.592437
3661.000000;3.763387
3660.000000;4.267247
3659.000000;4.585373
3658.000000;4.157737
3657.000000;3.813099
3656.000000;3.637954
3655.000000;3.582190
3654.000000;3.422796
3653.000000;3.229639
3652.000000;3.161423
3651.000000;3.241401
3650.000000;3.402084
3649.000000;3.322530
3648.000000;3.069795
3647.000000;3.017604
3646.000000;3.204009
3645.000000;3.472320
3644.000000;3.600246
3643.000000;3.645559
3642.000000;4.066496
3641.000000;3.798773
3640.000000;3.358602
3639.000000;3.179545
3638.000000;3.113207
3637.000000;3.147084
3636.000000;3.261602
3635.000000;3.366660
3634.000000;3.363331
3633.000000;3.355539
3632.000000;3.459606
3631.000000;3.689930
3630.000000;3.738401
3629.000000;3.599032
3628.000000;3.521402
3627.000000;3.460912
3626.000000;3.492705
3625.000000;3.593398
3624.000000;3.438161
3623.000000;3.265542
3622.000000;3.299922
3621.000000;3.385812
3620.000000;3.291150
3619.000000;3.204051
3618.000000;3.213697
3617.000000;3.240944
3616.000000;3.222871
3615.000000;3.192556
3614.000000;3.207774
3613.000000;3.273743
3612.000000;3.328045
3611.000000;3.310342
3610.000000;3.302822
3609.000000;3.418732
3608.000000;3.723163
3607.000000;3.715091
3606.000000;3.589955
3605.000000;3.681724
3604.000000;3.514689
3603.000000;3.270919
3602.000000;3.178947
3601.000000;3.218406
3600.000000;3.432722
3599.000000;3.581200
3598.000000;3.461028
3597.000000;3.551100
3596.000000;3.873734
3595.000000;4.164072
3594.000000;3.892009
3593.000000;3.672837
3592.000000;3.578430
3591.000000;3.533221
3590.000000;3.598961
3589.000000;3.865008
3588.000000;4.134369
3587.000000;4.122738
3586.000000;4.117191
3585.000000;3.834917
3584.000000;3.764046
3583.000000;4.080169
3582.000000;3.734338
3581.000000;3.400283
3580.000000;3.233609
3579.000000;3.145028
3578.000000;3.152891
3577.000000;3.337306
3576.000000;3.755432
3575.000000;3.790066
3574.000000;3.845908
3573.000000;3.926789
3572.000000;3.834810
3571.000000;3.900702
3570.000000;3.799918
3569.000000;3.568289
3568.000000;3.359958
3567.000000;3.223311
3566.000000;3.156318
3565.000000;3.155128
3564.000000;3.190695
3563.000000;3.237292
3562.000000;3.274932
3561.000000;3.255448
3560.000000;3.224934
3559.000000;3.233828
3558.000000;3.312116
3557.000000;3.468722
3556.000000;3.752843
3555.000000;4.108196
3554.000000;3.666051
3553.000000;3.370481
3552.000000;3.287643
3551.000000;3.370348
3550.000000;3.777540
3549.000000;4.226670
3548.000000;3.896641
3547.000000;3.955401
3546.000000;3.732761
3545.000000;3.515588
3544.000000;3.424081
3543.000000;3.401080
3542.000000;3.300325
3541.000000;3.149835
3540.000000;3.089654
3539.000000;3.099510
3538.000000;3.173837
3537.000000;3.325436
3536.000000;3.640564
3535.000000;4.250407
3534.000000;3.887500
3533.000000;3.590917
3532.000000;3.521512
3531.000000;3.511862
3530.000000;3.549284
3529.000000;3.612818
3528.000000;3.741441
3527.000000;3.730460
3526.000000;3.526902
3525.000000;3.388088
3524.000000;3.363095
3523.000000;3.390442
3522.000000;3.382451
3521.000000;3.396114
3520.000000;3.395181
3519.000000;3.322013
3518.000000;3.275503
3517.000000;3.501859
3516.000000;3.754069
3515.000000;3.272189
3514.000000;3.066595
3513.000000;3.024745
3512.000000;3.072335
3511.000000;3.197488
3510.000000;3.373727
3509.000000;3.661373
3508.000000;3.952611
3507.000000;3.688830
3506.000000;3.421129
3505.000000;3.295247
3504.000000;3.226246
3503.000000;3.206308
3502.000000;3.212607
3501.000000;3.208331
3500.000000;3.218108
3499.000000;3.340599
3498.000000;3.479078
3497.000000;3.402251
3496.000000;3.384389
3495.000000;3.497926
3494.000000;3.620270
3493.000000;3.672962
3492.000000;3.736305
3491.000000;3.715629
3490.000000;3.527724
3489.000000;3.404524
3488.000000;3.499424
3487.000000;3.790412
3486.000000;3.559095
3485.000000;3.325456
3484.000000;3.330607
3483.000000;3.436935
3482.000000;3.479834
3481.000000;3.382836
3480.000000;3.375709
3479.000000;3.475487
3478.000000;3.483221
3477.000000;3.440795
3476.000000;3.501022
3475.000000;3.792732
3474.000000;3.869386
3473.000000;3.665763
3472.000000;3.806397
3471.000000;3.701250
3470.000000;3.368742
3469.000000;3.200029
3468.000000;3.116125
3467.000000;3.096182
3466.000000;3.121036
3465.000000;3.174252
3464.000000;3.269231
3463.000000;3.411297
3462.000000;3.567159
3461.000000;3.710318
3460.000000;4.062291
3459.000000;4.220386
3458.000000;3.749597
3457.000000;3.634976
3456.000000;3.671937
3455.000000;3.517582
3454.000000;3.311351
3453.000000;3.218758
3452.000000;3.223407
3451.000000;3.305660
3450.000000;3.485834
3449.000000;3.751908
3448.000000;3.744870
3447.000000;3.638501
3446.000000;3.750868
3445.000000;3.800419
3444.000000;3.921788
3443.000000;4.150994
3442.000000;3.737935
3441.000000;3.570344
3440.000000;3.449629
3439.000000;3.310882
3438.000000;3.250050
3437.000000;3.262223
3436.000000;3.362304
3435.000000;3.566786
3434.000000;3.825959
3433.000000;3.846619
3432.000000;3.825335
3431.000000;4.005139
3430.000000;4.036389
3429.000000;3.789316
3428.000000;3.801101
3427.000000;4.065363
3426.000000;3.732749
3425.000000;3.472693
3424.000000;3.431933
3423.000000;3.488870
3422.000000;3.507108
3421.000000;3.424685
3420.000000;3.352516
3419.000000;3.460687
3418.000000;3.818280
3417.000000;3.638542
3416.000000;3.448594
3415.000000;3.541987
3414.000000;3.673428
3413.000000;3.528764
3412.000000;3.393554
3411.000000;3.407923
3410.000000;3.536846
3409.000000;3.836597
3408.000000;4.394402
3407.000000;4.222944
3406.000000;3.902801
3405.000000;3.835548
3404.000000;3.771889
3403.000000;3.764271
3402.000000;3.878291
3401.000000;3.826321
3400.000000;3.610240
3399.000000;3.492362
3398.000000;3.461743
3397.000000;3.520757
3396.000000;3.736614
3395.000000;4.096688
3394.000000;4.060545
3393.000000;3.643373
3392.000000;3.322642
3391.000000;3.140053
3390.000000;3.071400
3389.000000;3.084373
3388.000000;3.136254
3387.000000;3.204225
3386.000000;3.269230
3385.000000;3.258789
3384.000000;3.173073
3383.000000;3.085718
3382.000000;3.052203
3381.000000;3.101733
3380.000000;3.275725
3379.000000;3.533507
3378.000000;3.438067
3377.000000;3.331208
3376.000000;3.378527
3375.000000;3.524285
3374.000000;4.007626
3373.000000;3.745746
3372.000000;3.429925
3371.000000;3.498266
3370.000000;3.856521
3369.000000;4.059183
3368.000000;3.664139
3367.000000;3.469491
3366.000000;3.379168
3365.000000;3.410096
3364.000000;3.565868
3363.000000;3.641464
3362.000000;3.642103
3361.000000;3.563642
3360.000000;3.404884
3359.000000;3.327254
3358.000000;3.398701
3357.000000;3.527099
3356.000000;3.381471
3355.000000;3.228913
3354.000000;3.197557
3353.000000;3.216227
3352.000000;3.253744
3351.000000;3.354806
3350.000000;3.550569
3349.000000;3.384474
3348.000000;3.135808
3347.000000;3.053733
3346.000000;3.043238
3345.000000;3.062944
3344.000000;3.098419
3343.000000;3.153224
3342.000000;3.180146
3341.000000;3.151007
3340.000000;3.146924
3339.000000;3.254491
3338.000000;3.613367
3337.000000;3.851745
3336.000000;3.495171
3335.000000;3.564941
3334.000000;3.982561
3333.000000;3.809545
3332.000000;3.835659
3331.000000;3.604994
3330.000000;3.216776
3329.000000;3.084116
3328.000000;3.102475
3327.000000;3.232404
3326.000000;3.405889
3325.000000;3.511902
3324.000000;3.496251
3323.000000;3.456460
3322.000000;3.476862
3321.000000;3.359481
3320.000000;3.185743
3319.000000;3.101442
3318.000000;3.089875
3317.000000;3.146453
3316.000000;3.262657
3315.000000;3.383376
3314.000000;3.422909
3313.000000;3.459473
3312.000000;3.558465
3311.000000;3.770319
3310.000000;4.135939
3309.000000;3.649063
3308.000000;3.357188
3307.000000;3.319305
3306.000000;3.652385
3305.000000;3.931207
3304.000000;3.409758
3303.000000;3.354319
3302.000000;3.301355
3301.000000;3.194337
3300.000000;3.201592
3299.000000;3.264719
3298.000000;3.312993
3297.000000;3.294422
3296.000000;3.267845
3295.000000;3.286836
3294.000000;3.373737
3293.000000;3.461798
3292.000000;3.495843
3291.000000;3.440114
3290.000000;3.324915
3289.000000;3.260514
3288.000000;3.281289
3287.000000;3.356243
3286.000000;3.441517
3285.000000;3.430609
3284.000000;3.301687
3283.000000;3.215179
3282.000000;3.235880
3281.000000;3.365891
3280.000000;3.528084
3279.000000;3.509314
3278.000000;3.428758
3277.000000;3.548346
3276.000000;3.845160
3275.000000;3.654540
3274.000000;3.442383
3273.000000;3.394853
3272.000000;3.377061
3271.000000;3.337979
3270.000000;3.320408
3269.000000;3.329981
3268.000000;3.423629
3267.000000;3.891061
3266.000000;3.927880
3265.000000;3.516879
3264.000000;3.388709
3263.000000;3.282397
3262.000000;3.259586
3261.000000;3.334666
3260.000000;3.631297
3259.000000;3.907314
3258.000000;3.551316
3257.000000;3.384533
3256.000000;3.216337
3255.000000;3.051840
3254.000000;2.980519
3253.000000;3.010892
3252.000000;3.163871
3251.000000;3.471417
3250.000000;3.593486
3249.000000;3.329602
3248.000000;3.138177
3247.000000;3.011670
3246.000000;2.969523
3245.000000;3.052895
3244.000000;3.279233
3243.000000;3.524794
3242.000000;3.535333
3241.000000;3.505225
3240.000000;3.426921
3239.000000;3.481174
3238.000000;4.115295
3237.000000;3.962090
3236.000000;3.525477
3235.000000;3.509262
3234.000000;3.562845
3233.000000;3.583276
3232.000000;3.426314
3231.000000;3.299077
3230.000000;3.284686
3229.000000;3.432170
3228.000000;3.927072
3227.000000;4.065832
3226.000000;3.855126
3225.000000;3.881009
3224.000000;3.659195
3223.000000;3.605355
3222.000000;3.703251
3221.000000;3.762990
3220.000000;3.496662
3219.000000;3.259858
3218.000000;3.184243
3217.000000;3.251216
3216.000000;3.842645
3215.000000;3.997866
3214.000000;3.360955
3213.000000;3.263769
3212.000000;3.242060
3211.000000;3.332499
3210.000000;3.444094
3209.000000;3.418996
3208.000000;3.615028
3207.000000;3.965566
3206.000000;3.477777
3205.000000;3.302717
3204.000000;3.362867
3203.000000;3.586763
3202.000000;3.807511
3201.000000;3.456823
3200.000000;3.297456
3199.000000;3.322538
3198.000000;3.457628
3197.000000;3.607393
3196.000000;3.626192
3195.000000;3.514988
3194.000000;3.346845
3193.000000;3.203577
3192.000000;3.078137
3191.000000;3.001199
3190.000000;3.006940
3189.000000;3.090208
3188.000000;3.177728
3187.000000;3.179259
3186.000000;3.151119
3185.000000;3.176969
3184.000000;3.285441
3183.000000;3.438540
3182.000000;3.537295
3181.000000;3.675323
3180.000000;3.738005
3179.000000;3.605515
3178.000000;3.597135
3177.000000;3.674250
3176.000000;3.658885
3175.000000;3.800262
3174.000000;4.369306
3173.000000;4.167870
3172.000000;3.901445
3171.000000;3.762646
3170.000000;3.565756
3169.000000;3.459363
3168.000000;3.503032
3167.000000;3.694551
3166.000000;3.725029
3165.000000;3.808965
3164.000000;3.994186
3163.000000;3.581213
3162.000000;3.348591
3161.000000;3.320014
3160.000000;3.429986
3159.000000;3.507961
3158.000000;3.337470
3157.000000;3.215182
3156.000000;3.204649
3155.000000;3.241103
3154.000000;3.269680
3153.000000;3.260424
3152.000000;3.240314
3151.000000;3.253888
3150.000000;3.285981
3149.000000;3.244712
3148.000000;3.154011
3147.000000;3.108805
3146.000000;3.119357
3145.000000;3.184588
3144.000000;3.283442
3143.000000;3.519192
3142.000000;4.057414
3141.000000;3.809320
3140.000000;3.564962
3139.000000;3.490060
3138.000000;3.462139
3137.000000;3.474379
3136.000000;3.382004
3135.000000;3.333877
3134.000000;3.412190
3133.000000;3.759184
3132.000000;4.059845
3131.000000;3.589152
3130.000000;3.435876
3129.000000;3.450919
3128.000000;3.578346
3127.000000;3.657939
3126.000000;3.422691
3125.000000;3.248408
3124.000000;3.260894
3123.000000;3.466273
3122.000000;3.635800
3121.000000;3.833579
3120.000000;3.759624
3119.000000;3.326665
3118.000000;3.221067
3117.000000;3.296173
3116.000000;3.493335
3115.000000;3.652619
3114.000000;3.430816
3113.000000;3.219897
3112.000000;3.116087
3111.000000;3.112220
3110.000000;3.225364
3109.000000;3.476197
3108.000000;3.644603
3107.000000;3.443378
3106.000000;3.275381
3105.000000;3.217014
3104.000000;3.261836
3103.000000;3.580027
3102.000000;3.840498
3101.000000;3.416509
3100.000000;3.311726
3099.000000;3.410134
3098.000000;3.715074
3097.000000;4.080324
3096.000000;3.787178
3095.000000;3.643085
3094.000000;3.672850
3093.000000;3.862320
3092.000000;3.623103
3091.000000;3.395397
3090.000000;3.500738
3089.000000;3.931520
3088.000000;3.751240
3087.000000;3.377273
3086.000000;3.287443
3085.000000;3.440613
3084.000000;3.917567
3083.000000;3.836618
3082.000000;3.556186
3081.000000;3.407180
3080.000000;3.265432
3079.000000;3.245466
3078.000000;3.284277
3077.000000;3.332419
3076.000000;3.428086
3075.000000;3.559408
3074.000000;3.513643
3073.000000;3.469790
3072.000000;3.743083
3071.000000;3.817394
3070.000000;3.487362
3069.000000;3.363654
3068.000000;3.349196
3067.000000;3.460606
3066.000000;3.728745
3065.000000;4.108862
3064.000000;3.937652
3063.000000;3.517795
3062.000000;3.374628
3061.000000;3.414789
3060.000000;3.666691
3059.000000;3.999093
3058.000000;4.300650
3057.000000;4.160886
3056.000000;3.612401
3055.000000;3.591425
3054.000000;3.623926
3053.000000;3.329291
3052.000000;3.122706
3051.000000;3.031511
3050.000000;3.015375
3049.000000;3.056768
3048.000000;3.159080
3047.000000;3.375118
3046.000000;3.630338
3045.000000;3.592930
3044.000000;3.740562
3043.000000;4.052265
3042.000000;3.583294
3041.000000;3.338720
3040.000000;3.271899
3039.000000;3.320219
3038.000000;3.574626
3037.000000;3.717123
3036.000000;3.405372
3035.000000;3.260632
3034.000000;3.249688
3033.000000;3.298815
3032.000000;3.448213
3031.000000;3.634272
3030.000000;3.683760
3029.000000;3.940840
3028.000000;3.995513
3027.000000;3.657527
3026.000000;3.546026
3025.000000;3.450569
3024.000000;3.419214
3023.000000;3.322789
3022.000000;3.133415
3021.000000;3.029177
3020.000000;3.050282
3019.000000;3.227575
3018.000000;3.484025
3017.000000;3.475286
3016.000000;3.425922
3015.000000;3.405993
3014.000000;3.367024
3013.000000;3.382108
3012.000000;3.331100
3011.000000;3.247087
3010.000000;3.222816
3009.000000;3.493183
3008.000000;3.726564
3007.000000;3.259443
3006.000000;3.118297
3005.000000;3.067112
3004.000000;3.047180
3003.000000;3.117939
3002.000000;3.262359
3001.000000;3.437881
3000.000000;3.463136
2999.000000;3.288517
2998.000000;3.115860
2997.000000;3.035279
2996.000000;3.014032
2995.000000;2.996511
2994.000000;2.970556
2993.000000;2.990284
2992.000000;3.126646
2991.000000;3.437669
2990.000000;3.566153
2989.000000;3.520452
2988.000000;3.656589
2987.000000;3.583599
2986.000000;3.412700
2985.000000;3.289567
2984.000000;3.186845
2983.000000;3.166502
2982.000000;3.274702
2981.000000;3.701243
2980.000000;4.069402
2979.000000;3.568004
2978.000000;3.444882
2977.000000;3.356890
2976.000000;3.307256
2975.000000;3.273484
2974.000000;3.192346
2973.000000;3.168486
2972.000000;3.252622
2971.000000;3.476545
2970.000000;3.840972
2969.000000;3.884823
2968.000000;3.646296
2967.000000;3.465270
2966.000000;3.307009
2965.000000;3.227436
2964.000000;3.214924
2963.000000;3.216511
2962.000000;3.204203
2961.000000;3.212938
2960.000000;3.272398
2959.000000;3.319517
2958.000000;3.288793
2957.000000;3.221703
2956.000000;3.195026
2955.000000;3.235113
2954.000000;3.519000
2953.000000;3.993677
2952.000000;3.548472
2951.000000;3.343345
2950.000000;3.259695
2949.000000;3.280337
2948.000000;3.382889
2947.000000;3.410720
2946.000000;3.428018
2945.000000;3.490303
2944.000000;3.554731
2943.000000;3.514774
2942.000000;3.429364
2941.000000;3.381695
2940.000000;3.453110
2939.000000;3.647197
2938.000000;3.734082
2937.000000;3.769086
2936.000000;3.920711
2935.000000;3.988164
2934.000000;3.828669
2933.000000;3.614586
2932.000000;3.480876
2931.000000;3.469293
2930.000000;3.557263
2929.000000;3.556033
2928.000000;3.478549
2927.000000;3.453430
2926.000000;3.399094
2925.000000;3.538473
2924.000000;3.925821
2923.000000;3.586939
2922.000000;3.382304
2921.000000;3.421640
2920.000000;3.549187
2919.000000;3.830303
2918.000000;3.979976
2917.000000;3.763247
2916.000000;3.960604
2915.000000;4.178224
2914.000000;3.851034
2913.000000;4.089068
2912.000000;4.061329
2911.000000;3.526475
2910.000000;3.298551
2909.000000;3.262901
2908.000000;3.408705
2907.000000;3.724285
2906.000000;3.846270
2905.000000;3.608286
2904.000000;3.555611
2903.000000;3.857099
2902.000000;3.744103
2901.000000;3.382469
2900.000000;3.433303
2899.000000;3.885343
2898.000000;3.839404
2897.000000;3.554196
2896.000000;3.583695
2895.000000;3.612864
2894.000000;3.882333
2893.000000;4.077065
2892.000000;3.575105
2891.000000;3.415375
2890.000000;3.464106
2889.000000;3.593900
2888.000000;3.618588
2887.000000;3.776360
2886.000000;3.914819
2885.000000;3.580192
2884.000000;3.394871
2883.000000;3.292246
2882.000000;3.201166
2881.000000;3.166281
2880.000000;3.213799
2879.000000;3.300241
2878.000000;3.308280
2877.000000;3.225865
2876.000000;3.159107
2875.000000;3.156456
2874.000000;3.185011
2873.000000;3.186825
2872.000000;3.179191
2871.000000;3.227490
2870.000000;3.369540
2869.000000;3.615048
2868.000000;3.728382
2867.000000;3.629958
2866.000000;3.518398
2865.000000;3.371916
2864.000000;3.296636
2863.000000;3.365880
2862.000000;3.580919
2861.000000;3.651535
2860.000000;3.413074
2859.000000;3.335026
2858.000000;3.536261
2857.000000;3.654087
2856.000000;3.351895
2855.000000;3.356063
2854.000000;3.844671
2853.000000;3.544996
2852.000000;3.198395
2851.000000;3.085499
2850.000000;3.064336
2849.000000;3.132866
2848.000000;3.328494
2847.000000;3.607168
2846.000000;3.454143
2845.000000;3.274904
2844.000000;3.248696
2843.000000;3.319213
2842.000000;3.484779
2841.000000;3.750056
2840.000000;4.229153
2839.000000;4.146575
2838.000000;3.674598
2837.000000;3.478669
2836.000000;3.491222
2835.000000;3.790582
2834.000000;4.255651
2833.000000;3.918517
2832.000000;3.691715
2831.000000;3.658148
2830.000000;3.895135
2829.000000;4.274308
2828.000000;3.851747
2827.000000;3.970563
2826.000000;3.947988
2825.000000;3.426482
2824.000000;3.278767
2823.000000;3.366613
2822.000000;3.528030
2821.000000;3.385868
2820.000000;3.216400
2819.000000;3.187315
2818.000000;3.264980
2817.000000;3.302389
2816.000000;3.251678
2815.000000;3.307928
2814.000000;3.446798
2813.000000;3.443904
2812.000000;3.250996
2811.000000;3.112092
2810.000000;3.103728
2809.000000;3.239076
2808.000000;3.535777
2807.000000;3.515649
2806.000000;3.284587
2805.000000;3.188069
2804.000000;3.208368
2803.000000;3.343093
2802.000000;3.512076
2801.000000;3.687716
2800.000000;3.611622
2799.000000;3.451572
2798.000000;3.478230
2797.000000;3.637574
2796.000000;3.704843
2795.000000;3.630710
2794.000000;3.600286
2793.000000;3.531025
2792.000000;3.391780
2791.000000;3.301254
2790.000000;3.306582
2789.000000;3.370890
2788.000000;3.507903
2787.000000;3.737155
2786.000000;3.680170
2785.000000;3.543101
2784.000000;3.630031
2783.000000;3.848543
2782.000000;3.830742
2781.000000;3.572111
2780.000000;3.385887
2779.000000;3.324579
2778.000000;3.365849
2777.000000;3.411861
2776.000000;3.407263
2775.000000;3.372106
2774.000000;3.333396
2773.000000;3.341525
2772.000000;3.327112
2771.000000;3.319490
2770.000000;3.467317
2769.000000;3.843593
2768.000000;4.164517
2767.000000;3.756013
2766.000000;3.504616
2765.000000;3.421358
2764.000000;3.383618
2763.000000;3.335379
2762.000000;3.281937
2761.000000;3.254843
2760.000000;3.272079
2759.000000;3.286710
2758.000000;3.248887
2757.000000;3.238675
2756.000000;3.319432
2755.000000;3.341172
2754.000000;3.250194
2753.000000;3.256496
2752.000000;3.536928
2751.000000;4.106334
2750.000000;3.817737
2749.000000;3.714807
2748.000000;3.662517
2747.000000;3.435452
2746.000000;3.330916
2745.000000;3.367481
2744.000000;3.676173
2743.000000;4.140509
2742.000000;3.465022
2741.000000;3.281557
2740.000000;3.264181
2739.000000;3.308037
2738.000000;3.512782
2737.000000;3.932062
2736.000000;3.626733
2735.000000;3.308066
2734.000000;3.245169
2733.000000;3.295071
2732.000000;3.328540
2731.000000;3.288266
2730.000000;3.291737
2729.000000;3.415837
2728.000000;3.461228
2727.000000;3.336236
2726.000000;3.258486
2725.000000;3.321640
2724.000000;3.836016
2723.000000;3.579381
2722.000000;3.188550
2721.000000;3.126556
2720.000000;3.209223
2719.000000;3.375970
2718.000000;3.528436
2717.000000;3.591796
2716.000000;3.477336
2715.000000;3.359167
2714.000000;3.291675
2713.000000;3.212098
2712.000000;3.130722
2711.000000;3.093068
2710.000000;3.112349
2709.000000;3.188946
2708.000000;3.272428
2707.000000;3.279695
2706.000000;3.244909
2705.000000;3.221321
2704.000000;3.198260
2703.000000;3.199133
2702.000000;3.255189
2701.000000;3.401363
2700.000000;3.821960
2699.000000;4.217018
2698.000000;4.181178
2697.000000;3.981083
2696.000000;3.731437
2695.000000;3.852051
2694.000000;3.828673
2693.000000;3.598233
2692.000000;3.466004
2691.000000;3.405393
2690.000000;3.451466
2689.000000;3.509574
2688.000000;3.484262
2687.000000;3.549482
2686.000000;3.800259
2685.000000;3.716141
2684.000000;3.440647
2683.000000;3.313601
2682.000000;3.255344
2681.000000;3.268091
2680.000000;3.361984
2679.000000;3.773472
2678.000000;3.992686
2677.000000;3.490912
2676.000000;3.446843
2675.000000;3.576198
2674.000000;3.694538
2673.000000;3.756825
2672.000000;3.535878
2671.000000;3.300936
2670.000000;3.231969
2669.000000;3.310014
2668.000000;3.634183
2667.000000;3.755397
2666.000000;3.610615
2665.000000;3.965757
2664.000000;3.809186
2663.000000;3.464337
2662.000000;3.345859
2661.000000;3.342274
2660.000000;3.490277
2659.000000;3.623452
2658.000000;3.499401
2657.000000;3.380282
2656.000000;3.325333
2655.000000;3.336124
2654.000000;3.381747
2653.000000;3.349307
2652.000000;3.278886
2651.000000;3.272658
2650.000000;3.319349
2649.000000;3.386134
2648.000000;3.380019
2647.000000;3.286626
2646.000000;3.256742
2645.000000;3.377709
2644.000000;3.782215
2643.000000;3.909338
2642.000000;3.547646
2641.000000;3.342160
2640.000000;3.248190
2639.000000;3.272316
2638.000000;3.545015
2637.000000;4.003675
2636.000000;3.416172
2635.000000;3.236256
2634.000000;3.194963
2633.000000;3.198552
2632.000000;3.259320
2631.000000;3.333297
2630.000000;3.282552
2629.000000;3.150265
2628.000000;3.091518
2627.000000;3.121167
2626.000000;3.167625
2625.000000;3.174753
2624.000000;3.244974
2623.000000;3.524715
2622.000000;4.175958
2621.000000;3.877965
2620.000000;3.437446
2619.000000;3.355517
2618.000000;3.848331
2617.000000;3.674560
2616.000000;3.273294
2615.000000;3.239856
2614.000000;3.372644
2613.000000;3.498146
2612.000000;3.405821
2611.000000;3.380196
2610.000000;3.475135
2609.000000;3.718820
2608.000000;3.900764
2607.000000;3.795979
2606.000000;3.846357
2605.000000;3.567145
2604.000000;3.307323
2603.000000;3.197507
2602.000000;3.169897
2601.000000;3.173123
2600.000000;3.152817
2599.000000;3.109627
2598.000000;3.090809
2597.000000;3.131828
2596.000000;3.226073
2595.000000;3.327233
2594.000000;3.335562
2593.000000;3.219465
2592.000000;3.133621
2591.000000;3.166931
2590.000000;3.349734
2589.000000;3.561133
2588.000000;3.516078
2587.000000;3.403893
2586.000000;3.321030
2585.000000;3.347197
2584.000000;3.567111
2583.000000;3.830672
2582.000000;3.638167
2581.000000;3.708219
2580.000000;3.967219
2579.000000;3.571003
2578.000000;3.438340
2577.000000;3.558028
2576.000000;3.735259
2575.000000;3.494571
2574.000000;3.295813
2573.000000;3.247612
2572.000000;3.319335
2571.000000;3.505955
2570.000000;3.936348
2569.000000;4.302314
2568.000000;3.921248
2567.000000;3.859919
2566.000000;3.834853
2565.000000;3.727553
2564.000000;3.597837
2563.000000;3.451387
2562.000000;3.310616
2561.000000;3.216926
2560.000000;3.191667
2559.000000;3.224973
2558.000000;3.334591
2557.000000;3.517911
2556.000000;3.530835
2555.000000;3.548679
2554.000000;3.675475
2553.000000;3.617926
2552.000000;3.520063
2551.000000;3.439928
2550.000000;3.393846
2549.000000;3.688634
2548.000000;3.797183
2547.000000;3.172610
2546.000000;3.010803
2545.000000;3.018460
2544.000000;3.200662
2543.000000;3.495525
2542.000000;3.426568
2541.000000;3.319578
2540.000000;3.363386
2539.000000;3.331872
2538.000000;3.219435
2537.000000;3.188096
2536.000000;3.622867
2535.000000;3.345638
2534.000000;2.977696
2533.000000;2.912186
2532.000000;2.915447
2531.000000;2.985003
2530.000000;3.339031
2529.000000;3.311468
2528.000000;3.003258
2527.000000;2.963302
2526.000000;2.998731
2525.000000;3.001594
2524.000000;2.964702
2523.000000;3.272254
2522.000000;3.739241
2521.000000;2.934944
2520.000000;2.848918
2519.000000;2.917509
2518.000000;3.078328
2517.000000;3.092178
2516.000000;2.998470
2515.000000;3.051318
2514.000000;3.290745
2513.000000;3.431712
2512.000000;3.480586
2511.000000;3.768888
2510.000000;3.462254
2509.000000;3.186738
2508.000000;3.113714
2507.000000;3.233478
2506.000000;3.427437
2505.000000;3.272069
2504.000000;3.186814
2503.000000;3.247972
2502.000000;3.419015
2501.000000;3.479087
2500.000000;3.362322
2499.000000;3.502914
2498.000000;4.049759
2497.000000;3.538568
2496.000000;3.333058
2495.000000;3.402158
2494.000000;3.638505
2493.000000;3.464575
2492.000000;3.241447
2491.000000;3.232862
2490.000000;3.327470
2489.000000;3.695451
2488.000000;3.851789
2487.000000;3.400480
2486.000000;3.354750
2485.000000;3.655428
2484.000000;3.685923
2483.000000;3.622497
2482.000000;3.492168
2481.000000;3.322185
2480.000000;3.357748
2479.000000;3.334264
2478.000000;3.245882
2477.000000;3.267189
2476.000000;3.400513
2475.000000;3.638614
2474.000000;3.447773
2473.000000;3.233069
2472.000000;3.194022
2471.000000;3.326137
2470.000000;3.713788
2469.000000;3.639746
2468.000000;3.433776
2467.000000;3.418807
2466.000000;3.288279
2465.000000;3.220057
2464.000000;3.267272
2463.000000;3.402051
2462.000000;3.631016
2461.000000;3.840033
2460.000000;3.842517
2459.000000;3.914947
2458.000000;3.727033
2457.000000;3.406749
2456.000000;3.284431
2455.000000;3.357316
2454.000000;3.612476
2453.000000;3.553392
2452.000000;3.384060
2451.000000;3.328213
2450.000000;3.368487
2449.000000;3.514954
2448.000000;3.784669
2447.000000;3.883540
2446.000000;3.499356
2445.000000;3.503537
2444.000000;3.609137
2443.000000;3.360511
2442.000000;3.240650
2441.000000;3.189343
2440.000000;3.252793
2439.000000;3.651433
2438.000000;3.428730
2437.000000;3.095161
2436.000000;3.150834
2435.000000;3.342948
2434.000000;3.905248
2433.000000;3.878523
2432.000000;3.326615
2431.000000;3.200139
2430.000000;3.275913
2429.000000;3.518830
2428.000000;3.517947
2427.000000;3.499176
2426.000000;3.589347
2425.000000;3.327941
2424.000000;3.162149
2423.000000;3.174386
2422.000000;3.289193
2421.000000;3.429278
2420.000000;3.779127
2419.000000;3.486891
2418.000000;3.190066
2417.000000;3.209399
2416.000000;3.388785
2415.000000;3.293802
2414.000000;3.182891
2413.000000;3.387019
2412.000000;3.587615
2411.000000;3.279331
2410.000000;3.329690
2409.000000;3.572917
2408.000000;3.313095
2407.000000;3.100974
2406.000000;3.110650
2405.000000;3.316930
2404.000000;3.353577
2403.000000;3.139926
2402.000000;3.098605
2401.000000;3.159617
2400.000000;3.236109
2399.000000;3.437733
2398.000000;3.526824
2397.000000;3.385446
2396.000000;3.417000
2395.000000;3.440183
2394.000000;3.493928
2393.000000;3.599223
2392.000000;3.391600
2391.000000;3.287862
2390.000000;3.408137
2389.000000;3.756924
2388.000000;3.446615
2387.000000;3.197877
2386.000000;3.142440
2385.000000;3.170286
2384.000000;3.496830
2383.000000;3.658146
2382.000000;3.092213
2381.000000;2.894370
2380.000000;2.813748
2379.000000;2.878851
2378.000000;3.044157
2377.000000;3.158273
2376.000000;3.349064
2375.000000;3.314061
2374.000000;3.210457
2373.000000;3.293931
2372.000000;3.658803
2371.000000;3.776185
2370.000000;3.304749
2369.000000;3.141737
2368.000000;3.117677
2367.000000;3.145977
2366.000000;3.138873
2365.000000;3.092029
2364.000000;3.122921
2363.000000;3.319180
2362.000000;3.600610
2361.000000;3.622776
2360.000000;3.206092
2359.000000;2.924455
2358.000000;2.866793
2357.000000;2.936819
2356.000000;3.031970
2355.000000;3.576915
2354.000000;3.568765
2353.000000;2.976391
2352.000000;2.886878
2351.000000;2.914145
2350.000000;3.376730
2349.000000;3.085239
2348.000000;2.911133
2347.000000;3.044431
2346.000000;3.204599
2345.000000;3.340380
2344.000000;3.207368
2343.000000;3.329798
2342.000000;3.478013
2341.000000;3.129296
2340.000000;3.078095
2339.000000;3.272822
2338.000000;3.584843
2337.000000;3.299148
2336.000000;3.189116
2335.000000;3.207340
2334.000000;3.275621
2333.000000;3.343640
2332.000000;3.431314
2331.000000;3.528470
2330.000000;3.900031
2329.000000;3.827655
2328.000000;3.504175
2327.000000;3.684774
2326.000000;3.587296
2325.000000;3.327494
2324.000000;3.253974
2323.000000;3.359568
2322.000000;3.627340
2321.000000;3.400397
2320.000000;3.339772
2319.000000;3.836169
2318.000000;3.397817
2317.000000;3.241690
2316.000000;3.368664
2315.000000;3.614198
2314.000000;4.008623
2313.000000;3.310055
2312.000000;3.039998
2311.000000;2.988586
2310.000000;3.265695
2309.000000;4.115478
2308.000000;3.048657
2307.000000;2.929322
2306.000000;2.964888
2305.000000;3.215946
2304.000000;3.809279
2303.000000;4.123668
2302.000000;3.526703
2301.000000;3.220306
2300.000000;3.134396
2299.000000;3.239947
2298.000000;3.490043
2297.000000;3.898563
2296.000000;3.402581
2295.000000;3.127173
2294.000000;3.113028
2293.000000;3.237318
2292.000000;3.773458
2291.000000;3.512460
2290.000000;3.266750
2289.000000;3.236865
2288.000000;3.214474
2287.000000;3.228383
2286.000000;3.379243
2285.000000;3.823914
2284.000000;4.041579
2283.000000;3.806530
2282.000000;4.198576
2281.000000;3.616773
2280.000000;3.277647
2279.000000;3.185536
2278.000000;3.262154
2277.000000;3.480908
2276.000000;3.932855
2275.000000;3.944928
2274.000000;3.717797
2273.000000;3.868927
2272.000000;3.480110
2271.000000;3.282580
2270.000000;3.360109
2269.000000;3.647322
2268.000000;3.951490
2267.000000;3.752318
2266.000000;3.598408
2265.000000;3.633254
2264.000000;3.854385
2263.000000;4.124401
2262.000000;4.483832
2261.000000;3.735615
2260.000000;3.468182
2259.000000;3.387758
2258.000000;3.433142
2257.000000;3.714885
2256.000000;4.515006
2255.000000;3.505187
2254.000000;3.388547
2253.000000;3.452064
2252.000000;3.921453
2251.000000;4.561405
2250.000000;3.779855
2249.000000;3.723754
2248.000000;3.639608
2247.000000;3.586798
2246.000000;3.407450
2245.000000;3.243092
2244.000000;3.208655
2243.000000;3.322347
2242.000000;3.693708
2241.000000;4.132262
2240.000000;3.997541
2239.000000;4.529405
2238.000000;3.923845
2237.000000;3.685214
2236.000000;3.627960
2235.000000;3.534028
2234.000000;3.477526
2233.000000;3.534246
2232.000000;3.772930
2231.000000;3.640403
2230.000000;3.366382
2229.000000;3.305155
2228.000000;3.452800
2227.000000;3.949395
2226.000000;3.944477
2225.000000;3.675779
2224.000000;3.786464
2223.000000;4.170085
2222.000000;3.882745
2221.000000;3.531645
2220.000000;3.567828
2219.000000;3.854208
2218.000000;4.154281
2217.000000;4.022344
2216.000000;4.242394
2215.000000;3.974177
2214.000000;3.565256
2213.000000;3.359061
2212.000000;3.271503
2211.000000;3.276756
2210.000000;3.359808
2209.000000;3.493445
2208.000000;3.662845
2207.000000;3.908946
2206.000000;4.443022
2205.000000;4.046519
2204.000000;3.593673
2203.000000;3.439966
2202.000000;3.525551
2201.000000;3.984193
2200.000000;3.789333
2199.000000;3.494548
2198.000000;3.526405
2197.000000;3.654678
2196.000000;3.817855
2195.000000;3.796925
2194.000000;3.663886
2193.000000;3.628004
2192.000000;3.850391
2191.000000;3.832648
2190.000000;3.466940
2189.000000;3.374033
2188.000000;3.473815
2187.000000;3.949813
2186.000000;3.734166
2185.000000;3.484296
2184.000000;3.496927
2183.000000;3.603069
2182.000000;3.646943
2181.000000;3.698583
2180.000000;3.948930
2179.000000;4.477785
2178.000000;4.276533
2177.000000;4.124941
2176.000000;4.008052
2175.000000;3.786925
2174.000000;3.692427
2173.000000;3.694417
2172.000000;3.648449
2171.000000;3.605088
2170.000000;3.614467
2169.000000;3.653022
2168.000000;3.737149
2167.000000;4.047897
2166.000000;4.465860
2165.000000;3.947999
2164.000000;3.693428
2163.000000;3.595316
2162.000000;3.591857
2161.000000;3.619261
2160.000000;3.849625
2159.000000;3.821306
2158.000000;3.476181
2157.000000;3.388509
2156.000000;3.491724
2155.000000;3.652947
2154.000000;3.742523
2153.000000;3.736096
2152.000000;3.646071
2151.000000;3.687199
2150.000000;3.933383
2149.000000;3.775113
2148.000000;3.555265
2147.000000;3.526702
2146.000000;3.610107
2145.000000;3.750709
2144.000000;3.846824
2143.000000;3.924245
2142.000000;4.071580
2141.000000;4.306956
2140.000000;4.326037
2139.000000;4.022588
2138.000000;3.850308
2137.000000;3.807166
2136.000000;3.842145
2135.000000;3.941326
2134.000000;3.943554
2133.000000;3.899358
2132.000000;4.083548
2131.000000;4.209679
2130.000000;3.987083
2129.000000;3.743760
2128.000000;3.655828
2127.000000;3.731815
2126.000000;3.724307
2125.000000;3.623468
2124.000000;3.553727
2123.000000;3.508135
2122.000000;3.498676
2121.000000;3.525161
2120.000000;3.680009
2119.000000;3.957859
2118.000000;3.662522
2117.000000;3.502669
2116.000000;3.559818
2115.000000;3.717180
2114.000000;3.810393
2113.000000;3.966754
2112.000000;4.107555
2111.000000;4.049550
2110.000000;3.953952
2109.000000;3.635201
2108.000000;3.422115
2107.000000;3.350244
2106.000000;3.334844
2105.000000;3.300283
2104.000000;3.289598
2103.000000;3.357314
2102.000000;3.473060
2101.000000;3.645117
2100.000000;4.001607
2099.000000;4.445899
2098.000000;4.154140
2097.000000;4.568204
2096.000000;3.814620
2095.000000;3.484815
2094.000000;3.364035
2093.000000;3.352740
2092.000000;3.356479
2091.000000;3.320204
2090.000000;3.322195
2089.000000;3.415716
2088.000000;3.561088
2087.000000;3.629088
2086.000000;3.621104
2085.000000;3.776282
2084.000000;4.292538
2083.000000;4.090840
2082.000000;3.933590
2081.000000;3.825502
2080.000000;3.722912
2079.000000;4.223442
2078.000000;3.905346
2077.000000;3.681905
2076.000000;3.850835
2075.000000;3.961828
2074.000000;3.749290
2073.000000;3.645631
2072.000000;3.692623
2071.000000;3.815081
2070.000000;3.717394
2069.000000;3.648414
2068.000000;3.682740
2067.000000;3.786702
2066.000000;4.068246
2065.000000;4.017994
2064.000000;3.662680
2063.000000;3.610334
2062.000000;3.729177
2061.000000;3.704299
2060.000000;3.537368
2059.000000;3.547061
2058.000000;3.707781
2057.000000;3.757418
2056.000000;3.525100
2055.000000;3.353175
2054.000000;3.301335
2053.000000;3.380356
2052.000000;3.613664
2051.000000;3.705887
2050.000000;3.615172
2049.000000;3.622303
2048.000000;3.682570
2047.000000;3.726354
2046.000000;3.744260
2045.000000;3.799515
2044.000000;4.017728
2043.000000;4.472391
2042.000000;3.655415
2041.000000;3.428895
2040.000000;3.366850
2039.000000;3.410260
2038.000000;3.488343
2037.000000;3.533568
2036.000000;3.498941
2035.000000;3.482809
2034.000000;3.526787
2033.000000;3.603430
2032.000000;3.698290
2031.000000;3.786782
2030.000000;3.852370
2029.000000;4.014241
2028.000000;4.172647
2027.000000;3.803976
2026.000000;3.510719
2025.000000;3.362168
2024.000000;3.318742
2023.000000;3.388162
2022.000000;3.606025
2021.000000;3.843200
2020.000000;3.683016
2019.000000;3.599768
2018.000000;3.622471
2017.000000;3.773907
2016.000000;4.105252
2015.000000;3.739483
2014.000000;3.519862
2013.000000;3.468945
2012.000000;3.534194
2011.000000;3.598553
2010.000000;3.520973
2009.000000;3.426467
2008.000000;3.425768
2007.000000;3.544643
2006.000000;3.722925
2005.000000;3.844395
2004.000000;4.016090
2003.000000;4.007039
2002.000000;3.897324
2001.000000;3.825865
2000.000000;3.649785
1999.000000;3.490083
1998.000000;3.411054
1997.000000;3.436617
1996.000000;3.564943
1995.000000;3.709324
1994.000000;3.816101
1993.000000;4.060619
1992.000000;3.961263
1991.000000;3.789884
1990.000000;3.715916
1989.000000;3.611307
1988.000000;3.502082
1987.000000;3.428347
1986.000000;3.442839
1985.000000;3.614454
1984.000000;3.932991
1983.000000;4.035924
1982.000000;3.981126
1981.000000;3.972179
1980.000000;3.915629
1979.000000;4.377035
1978.000000;4.400157
1977.000000;3.855238
1976.000000;3.915890
1975.000000;3.706013
1974.000000;3.496737
1973.000000;3.450007
1972.000000;3.542063
1971.000000;3.807812
1970.000000;3.617406
1969.000000;3.407409
1968.000000;3.376803
1967.000000;3.430529
1966.000000;3.493447
1965.000000;3.514626
1964.000000;3.551254
1963.000000;3.706994
1962.000000;4.165353
1961.000000;4.343029
1960.000000;3.956083
1959.000000;3.924771
1958.000000;3.951902
1957.000000;3.927311
1956.000000;3.820830
1955.000000;3.766396
1954.000000;3.781435
1953.000000;3.806020
1952.000000;3.826330
1951.000000;3.857058
1950.000000;3.874187
1949.000000;3.828969
1948.000000;3.781390
1947.000000;3.927565
1946.000000;4.073339
1945.000000;3.738415
1944.000000;3.546437
1943.000000;3.545881
1942.000000;3.690619
1941.000000;4.126762
1940.000000;4.218184
1939.000000;3.792407
1938.000000;3.621712
1937.000000;3.562797
1936.000000;3.562264
1935.000000;3.608860
1934.000000;3.768417
1933.000000;4.094411
1932.000000;3.941766
1931.000000;3.845322
1930.000000;4.190098
1929.000000;4.020326
1928.000000;3.644926
1927.000000;3.645117
1926.000000;4.127317
1925.000000;4.252899
1924.000000;3.736307
1923.000000;3.861055
1922.000000;4.081038
1921.000000;4.126652
1920.000000;3.976845
1919.000000;3.779224
1918.000000;3.514777
1917.000000;3.382224
1916.000000;3.379676
1915.000000;3.467665
1914.000000;3.579085
1913.000000;3.668324
1912.000000;3.819969
1911.000000;4.378791
1910.000000;4.076954
1909.000000;3.730696
1908.000000;3.628967
1907.000000;3.700186
1906.000000;3.932535
1905.000000;4.245122
1904.000000;4.407539
1903.000000;3.788072
1902.000000;3.546472
1901.000000;3.535368
1900.000000;3.851608
1899.000000;3.943104
1898.000000;3.557361
1897.000000;3.521357
1896.000000;3.638955
1895.000000;3.896950
1894.000000;4.139421
1893.000000;4.063445
1892.000000;3.781503
1891.000000;3.611040
1890.000000;3.597743
1889.000000;3.706420
1888.000000;3.880017
1887.000000;4.063363
1886.000000;4.141011
1885.000000;4.135603
1884.000000;4.162697
1883.000000;4.425161
1882.000000;4.135287
1881.000000;3.843240
1880.000000;3.717539
1879.000000;3.665817
1878.000000;3.732311
1877.000000;3.826364
1876.000000;3.784089
1875.000000;3.778458
1874.000000;3.814295
1873.000000;3.683804
1872.000000;3.524538
1871.000000;3.583220
1870.000000;4.068053
1869.000000;3.939417
1868.000000;3.706426
1867.000000;3.876268
1866.000000;3.756854
1865.000000;3.587753
1864.000000;3.553462
1863.000000;3.564276
1862.000000;3.510233
1861.000000;3.433647
1860.000000;3.425327
1859.000000;3.470007
1858.000000;3.490191
1857.000000;3.467276
1856.000000;3.471116
1855.000000;3.532977
1854.000000;3.644022
1853.000000;3.826008
1852.000000;3.846646
1851.000000;3.552936
1850.000000;3.373090
1849.000000;3.308156
1848.000000;3.323889
1847.000000;3.385502
1846.000000;3.481077
1845.000000;3.610282
1844.000000;3.757191
1843.000000;3.773233
1842.000000;3.569220
1841.000000;3.400869
1840.000000;3.388779
1839.000000;3.548623
1838.000000;3.899181
1837.000000;4.422740
1836.000000;4.542726
1835.000000;4.257962
1834.000000;4.027975
1833.000000;3.876791
1832.000000;4.047364
1831.000000;4.113568
1830.000000;3.670927
1829.000000;3.564139
1828.000000;3.576607
1827.000000;3.604331
1826.000000;3.656020
1825.000000;3.733743
1824.000000;3.632962
1823.000000;3.465298
1822.000000;3.373327
1821.000000;3.365469
1820.000000;3.456628
1819.000000;3.679911
1818.000000;3.955910
1817.000000;3.899948
1816.000000;3.778059
1815.000000;3.761297
1814.000000;3.822731
1813.000000;4.108233
1812.000000;4.164055
1811.000000;3.923406
1810.000000;4.022056
1809.000000;3.944312
1808.000000;3.687684
1807.000000;3.680091
1806.000000;3.901772
1805.000000;3.851036
1804.000000;3.661333
1803.000000;3.581406
1802.000000;3.534124
1801.000000;3.505276
1800.000000;3.546487
1799.000000;3.618689
1798.000000;3.824146
1797.000000;4.250540
1796.000000;3.830587
1795.000000;3.696631
1794.000000;3.927360
1793.000000;4.238742
1792.000000;3.839980
1791.000000;3.899292
1790.000000;3.918563
1789.000000;3.649902
1788.000000;3.524309
1787.000000;3.571563
1786.000000;3.714548
1785.000000;3.770411
1784.000000;3.796065
1783.000000;3.919520
1782.000000;3.972013
1781.000000;3.893821
1780.000000;3.909879
1779.000000;3.789691
1778.000000;3.598532
1777.000000;3.531911
1776.000000;3.545721
1775.000000;3.500283
1774.000000;3.356683
1773.000000;3.257254
1772.000000;3.287320
1771.000000;3.465894
1770.000000;3.824751
1769.000000;4.003576
1768.000000;3.761139
1767.000000;3.603416
1766.000000;3.532684
1765.000000;3.568514
1764.000000;3.559810
1763.000000;3.498295
1762.000000;3.511629
1761.000000;3.533261
1760.000000;3.531558
1759.000000;3.541704
1758.000000;3.567375
1757.000000;3.565157
1756.000000;3.549520
1755.000000;3.493383
1754.000000;3.384401
1753.000000;3.320897
1752.000000;3.333810
1751.000000;3.351798
1750.000000;3.329106
1749.000000;3.328259
1748.000000;3.465462
1747.000000;3.774429
1746.000000;3.643339
1745.000000;3.492161
1744.000000;3.500755
1743.000000;3.540939
1742.000000;3.570856
1741.000000;3.653294
1740.000000;3.713206
1739.000000;3.639743
1738.000000;3.642186
1737.000000;3.681454
1736.000000;3.734216
1735.000000;4.031294
1734.000000;4.060638
1733.000000;3.695129
1732.000000;3.499521
1731.000000;3.537534
1730.000000;3.727000
1729.000000;3.606303
1728.000000;3.542453
1727.000000;3.617357
1726.000000;3.627027
1725.000000;3.600003
1724.000000;3.599611
1723.000000;3.575812
1722.000000;3.563121
1721.000000;3.671253
1720.000000;3.929173
1719.000000;3.783924
1718.000000;3.712395
1717.000000;3.898177
1716.000000;3.851543
1715.000000;3.547230
1714.000000;3.425958
1713.000000;3.398371
1712.000000;3.386114
1711.000000;3.388459
1710.000000;3.461275
1709.000000;3.640468
1708.000000;3.831707
1707.000000;3.753227
1706.000000;3.620437
1705.000000;3.594490
1704.000000;3.655792
1703.000000;3.830980
1702.000000;3.838747
1701.000000;3.709360
1700.000000;3.663989
1699.000000;3.626013
1698.000000;3.613730
1697.000000;3.594007
1696.000000;3.527906
1695.000000;3.555533
1694.000000;3.584161
1693.000000;3.494862
1692.000000;3.533216
1691.000000;3.702555
1690.000000;3.794334
1689.000000;3.855668
1688.000000;3.751772
1687.000000;3.557627
1686.000000;3.518516
1685.000000;3.699313
1684.000000;3.815650
1683.000000;3.594904
1682.000000;3.464733
1681.000000;3.493890
1680.000000;3.727858
1679.000000;3.921841
1678.000000;3.753600
1677.000000;3.636378
1676.000000;3.611590
1675.000000;3.615139
1674.000000;3.611228
1673.000000;3.623982
1672.000000;3.775892
1671.000000;3.899054
1670.000000;3.776768
1669.000000;3.662035
1668.000000;3.513038
1667.000000;3.356158
1666.000000;3.271183
1665.000000;3.275838
1664.000000;3.358248
1663.000000;3.520838
1662.000000;3.766137
1661.000000;3.946138
1660.000000;3.879519
1659.000000;3.793964
1658.000000;3.693831
1657.000000;3.593896
1656.000000;3.538562
1655.000000;3.615696
1654.000000;3.977339
1653.000000;3.855855
1652.000000;3.516713
1651.000000;3.379236
1650.000000;3.314271
1649.000000;3.310863
1648.000000;3.314689
1647.000000;3.326935
1646.000000;3.397329
1645.000000;3.567918
1644.000000;3.827942
1643.000000;4.235476
1642.000000;4.290729
1641.000000;3.824231
1640.000000;3.639054
1639.000000;3.548882
1638.000000;3.551132
1637.000000;3.720079
1636.000000;3.708229
1635.000000;3.452428
1634.000000;3.359270
1633.000000;3.383870
1632.000000;3.517914
1631.000000;3.718281
1630.000000;4.149036
1629.000000;3.990809
1628.000000;3.633202
1627.000000;3.661278
1626.000000;3.832223
1625.000000;4.037428
1624.000000;4.126052
1623.000000;3.793585
1622.000000;3.559102
1621.000000;3.489527
1620.000000;3.528750
1619.000000;3.644158
1618.000000;3.553995
1617.000000;3.317433
1616.000000;3.199118
1615.000000;3.226199
1614.000000;3.383349
1613.000000;3.724171
1612.000000;4.416187
1611.000000;3.837515
1610.000000;3.694275
1609.000000;3.743345
1608.000000;3.869072
1607.000000;4.217008
1606.000000;4.522712
1605.000000;4.132605
1604.000000;3.862955
1603.000000;3.594802
1602.000000;3.411295
1601.000000;3.316579
1600.000000;3.306274
1599.000000;3.362409
1598.000000;3.463146
1597.000000;3.571735
1596.000000;3.790474
1595.000000;4.190566
1594.000000;3.834133
1593.000000;3.697050
1592.000000;3.862829
1591.000000;4.192603
1590.000000;4.452857
1589.000000;4.238129
1588.000000;3.986919
1587.000000;3.794674
1586.000000;3.680589
1585.000000;3.676036
1584.000000;3.787032
1583.000000;4.185457
1582.000000;4.488354
1581.000000;3.816641
1580.000000;3.583851
1579.000000;3.514414
1578.000000;3.599687
1577.000000;3.550521
1576.000000;3.379499
1575.000000;3.396527
1574.000000;3.616935
1573.000000;3.732050
1572.000000;3.580806
1571.000000;3.592901
1570.000000;3.694006
1569.000000;3.678769
1568.000000;3.636657
1567.000000;3.740543
1566.000000;3.930365
1565.000000;3.812388
1564.000000;3.586289
1563.000000;3.459195
1562.000000;3.461729
1561.000000;3.441758
1560.000000;3.337707
1559.000000;3.367066
1558.000000;3.489721
1557.000000;3.794554
1556.000000;3.792591
1555.000000;3.424381
1554.000000;3.420365
1553.000000;3.463258
1552.000000;3.571417
1551.000000;3.787851
1550.000000;3.632233
1549.000000;3.379081
1548.000000;3.269270
1547.000000;3.259288
1546.000000;3.309158
1545.000000;3.371527
1544.000000;3.428986
1543.000000;3.558126
1542.000000;4.268498
1541.000000;3.722078
1540.000000;3.320147
1539.000000;3.390160
1538.000000;3.519220
1537.000000;3.495819
1536.000000;3.554367
1535.000000;3.486113
1534.000000;3.396918
1533.000000;3.355469
1532.000000;3.298824
1531.000000;3.291770
1530.000000;3.378870
1529.000000;3.466245
1528.000000;3.373224
1527.000000;3.216545
1526.000000;3.154288
1525.000000;3.213140
1524.000000;3.400170
1523.000000;3.893476
1522.000000;4.236654
1521.000000;3.718321
1520.000000;3.463551
1519.000000;3.255166
1518.000000;3.237127
1517.000000;3.465327
1516.000000;3.588279
1515.000000;3.319408
1514.000000;3.210226
1513.000000;3.328404
1512.000000;3.676247
1511.000000;4.366764
1510.000000;4.230371
1509.000000;4.183074
1508.000000;3.838414
1507.000000;3.406203
1506.000000;3.306835
1505.000000;3.436144
1504.000000;3.399512
1503.000000;3.329965
1502.000000;3.399048
1501.000000;3.391223
1500.000000;3.438490
1499.000000;3.457966
1498.000000;3.584139
1497.000000;3.885064
1496.000000;3.522319
1495.000000;3.449298
1494.000000;3.779558
1493.000000;3.602397
1492.000000;3.406702
1491.000000;3.503357
1490.000000;3.923895
1489.000000;4.184845
1488.000000;3.791875
1487.000000;3.728426
1486.000000;3.719481
1485.000000;3.506921
1484.000000;3.341099
1483.000000;3.301193
1482.000000;3.451883
1481.000000;3.840853
1480.000000;3.570512
1479.000000;3.381853
1478.000000;3.365424
1477.000000;3.303898
1476.000000;3.226928
1475.000000;3.275880
1474.000000;3.619699
1473.000000;3.501018
1472.000000;3.193665
1471.000000;3.230904
1470.000000;3.341396
1469.000000;3.284235
1468.000000;3.326283
1467.000000;3.756859
1466.000000;3.457530
1465.000000;3.112733
1464.000000;3.091159
1463.000000;3.163573
1462.000000;3.212411
1461.000000;3.197320
1460.000000;3.235990
1459.000000;3.420771
1458.000000;3.520780
1457.000000;3.518793
1456.000000;3.706160
1455.000000;3.425248
1454.000000;3.209234
1453.000000;3.184118
1452.000000;3.324801
1451.000000;3.700403
1450.000000;3.342526
1449.000000;3.251895
1448.000000;3.591336
1447.000000;3.260819
1446.000000;2.916236
1445.000000;2.931158
1444.000000;3.210183
1443.000000;3.177722
1442.000000;2.945620
1441.000000;2.942567
1440.000000;3.412808
1439.000000;3.492461
1438.000000;2.933903
1437.000000;2.913193
1436.000000;3.097139
1435.000000;3.364882
1434.000000;3.786533
1433.000000;3.626447
1432.000000;3.183178
1431.000000;3.012529
1430.000000;3.044241
1429.000000;3.279418
1428.000000;3.323594
1427.000000;3.102527
1426.000000;3.086652
1425.000000;3.219779
1424.000000;3.339340
1423.000000;3.341642
1422.000000;3.341822
1421.000000;3.368395
1420.000000;3.360752
1419.000000;3.355541
1418.000000;3.372571
1417.000000;3.392197
1416.000000;3.413631
1415.000000;3.436379
1414.000000;3.432168
1413.000000;3.432207
1412.000000;3.522193
1411.000000;3.685955
1410.000000;3.730298
1409.000000;3.648058
1408.000000;3.587752
1407.000000;3.576002
1406.000000;3.613911
1405.000000;3.696777
1404.000000;3.889277
1403.000000;3.923900
1402.000000;3.723686
1401.000000;3.678880
1400.000000;3.948703
1399.000000;4.550310
1398.000000;3.914564
1397.000000;3.655646
1396.000000;3.530052
1395.000000;3.500748
1394.000000;3.596466
1393.000000;3.753541
1392.000000;3.834124
1391.000000;3.763562
1390.000000;3.753088
1389.000000;3.696903
1388.000000;3.575961
1387.000000;3.538360
1386.000000;3.702618
1385.000000;3.747484
1384.000000;3.500708
1383.000000;3.436398
1382.000000;3.526602
1381.000000;3.778467
1380.000000;3.969518
1379.000000;3.686419
1378.000000;3.516230
1377.000000;3.485331
1376.000000;3.511408
1375.000000;3.588032
1374.000000;3.613598
1373.000000;3.548823
1372.000000;3.539116
1371.000000;3.813160
1370.000000;4.479087
1369.000000;3.744166
1368.000000;3.658528
1367.000000;4.012148
1366.000000;3.723080
1365.000000;3.436371
1364.000000;3.409828
1363.000000;3.412170
1362.000000;3.381816
1361.000000;3.534963
1360.000000;3.703245
1359.000000;3.411017
1358.000000;3.290462
1357.000000;3.445594
1356.000000;4.031824
1355.000000;3.999643
1354.000000;3.598318
1353.000000;3.682648
1352.000000;3.591984
1351.000000;3.309353
1350.000000;3.202200
1349.000000;3.252042
1348.000000;3.422822
1347.000000;3.701000
1346.000000;4.104558
1345.000000;4.155229
1344.000000;3.729641
1343.000000;3.530121
1342.000000;3.446775
1341.000000;3.467608
1340.000000;3.445296
1339.000000;3.273543
1338.000000;3.169792
1337.000000;3.199024
1336.000000;3.568227
1335.000000;3.766190
1334.000000;3.334268
1333.000000;3.437488
1332.000000;3.954665
1331.000000;3.726398
1330.000000;3.411258
1329.000000;3.315980
1328.000000;3.249605
1327.000000;3.273314
1326.000000;3.458271
1325.000000;3.767431
1324.000000;3.825985
1323.000000;3.702064
1322.000000;3.572415
1321.000000;3.392220
1320.000000;3.327065
1319.000000;3.442899
1318.000000;3.708405
1317.000000;3.443084
1316.000000;3.171648
1315.000000;3.123028
1314.000000;3.421323
1313.000000;3.752707
1312.000000;3.244408
1311.000000;3.159396
1310.000000;3.187106
1309.000000;3.230319
1308.000000;3.321488
1307.000000;3.506645
1306.000000;4.009188
1305.000000;3.608970
1304.000000;3.257639
1303.000000;3.188184
1302.000000;3.245848
1301.000000;3.519070
1300.000000;3.949053
1299.000000;3.599306
1298.000000;3.434023
1297.000000;3.466627
1296.000000;3.471886
1295.000000;3.463786
1294.000000;3.529513
1293.000000;3.708132
1292.000000;3.848334
1291.000000;3.704179
1290.000000;3.515889
1289.000000;3.489067
1288.000000;3.519081
1287.000000;3.410305
1286.000000;3.358453
1285.000000;3.330334
1284.000000;3.225676
1283.000000;3.179558
1282.000000;3.224187
1281.000000;3.511682
1280.000000;3.867166
1279.000000;3.464932
1278.000000;3.296584
1277.000000;3.254565
1276.000000;3.246298
1275.000000;3.310932
1274.000000;3.426248
1273.000000;3.371635
1272.000000;3.202736
1271.000000;3.127460
1270.000000;3.131049
1269.000000;3.179054
1268.000000;3.291175
1267.000000;3.513443
1266.000000;3.592704
1265.000000;3.513844
1264.000000;3.632581
1263.000000;3.759723
1262.000000;3.591552
1261.000000;3.446693
1260.000000;3.305134
1259.000000;3.139989
1258.000000;3.057370
1257.000000;3.078440
1256.000000;3.161372
1255.000000;3.317264
1254.000000;3.512189
1253.000000;3.566525
1252.000000;3.641607
1251.000000;3.754165
1250.000000;3.580882
1249.000000;3.337299
1248.000000;3.212686
1247.000000;3.225460
1246.000000;3.333228
1245.000000;3.399586
1244.000000;3.332975
1243.000000;3.247341
1242.000000;3.242440
1241.000000;3.343141
1240.000000;3.486560
1239.000000;3.591323
1238.000000;3.637265
1237.000000;3.781024
1236.000000;4.002272
1235.000000;3.651822
1234.000000;3.374125
1233.000000;3.250844
1232.000000;3.185891
1231.000000;3.146395
1230.000000;3.123829
1229.000000;3.141809
1228.000000;3.200396
1227.000000;3.285999
1226.000000;3.352783
1225.000000;3.309430
1224.000000;3.229556
1223.000000;3.203786
1222.000000;3.211734
1221.000000;3.225287
1220.000000;3.240179
1219.000000;3.275470
1218.000000;3.355895
1217.000000;3.564050
1216.000000;3.685387
1215.000000;3.378070
1214.000000;3.144565
1213.000000;3.016721
1212.000000;2.951463
1211.000000;2.951692
1210.000000;3.002906
1209.000000;3.095930
1208.000000;3.270729
1207.000000;3.652658
1206.000000;4.510195
1205.000000;4.130725
1204.000000;3.551518
1203.000000;3.271024
1202.000000;3.150746
1201.000000;3.165729
1200.000000;3.284875
