Criado como novo conjunto de dados;"1909daniel.spp","-4213421.3 Secs"
cm-1;Abs
10000.000000;1.154744
9999.000000;1.155218
9998.000000;1.155320
9997.000000;1.154388
9996.000000;1.152685
9995.000000;1.151424
9994.000000;1.151473
9993.000000;1.152389
9992.000000;1.152960
9991.000000;1.152642
9990.000000;1.151879
9989.000000;1.151138
9988.000000;1.150308
9987.000000;1.149271
9986.000000;1.148369
9985.000000;1.147817
9984.000000;1.147116
9983.000000;1.145661
9982.000000;1.143704
9981.000000;1.142144
9980.000000;1.141436
9979.000000;1.141181
9978.000000;1.140800
9977.000000;1.140156
9976.000000;1.139367
9975.000000;1.138458
9974.000000;1.137538
9973.000000;1.137029
9972.000000;1.137254
9971.000000;1.137788
9970.000000;1.137607
9969.000000;1.136113
9968.000000;1.133841
9967.000000;1.131894
9966.000000;1.130754
9965.000000;1.129926
9964.000000;1.128775
9963.000000;1.127445
9962.000000;1.126627
9961.000000;1.126561
9960.000000;1.126695
9959.000000;1.126424
9958.000000;1.125817
9957.000000;1.125327
9956.000000;1.125060
9955.000000;1.124715
9954.000000;1.124183
9953.000000;1.123744
9952.000000;1.123533
9951.000000;1.123132
9950.000000;1.121989
9949.000000;1.120094
9948.000000;1.118073
9947.000000;1.116610
9946.000000;1.115857
9945.000000;1.115350
9944.000000;1.114489
9943.000000;1.113155
9942.000000;1.111888
9941.000000;1.111313
9940.000000;1.111375
9939.000000;1.111300
9938.000000;1.110446
9937.000000;1.109085
9936.000000;1.108126
9935.000000;1.108127
9934.000000;1.108780
9933.000000;1.109326
9932.000000;1.109248
9931.000000;1.108516
9930.000000;1.107429
9929.000000;1.106396
9928.000000;1.105719
9927.000000;1.105298
9926.000000;1.104621
9925.000000;1.103281
9924.000000;1.101538
9923.000000;1.100131
9922.000000;1.099445
9921.000000;1.099063
9920.000000;1.098289
9919.000000;1.096943
9918.000000;1.095469
9917.000000;1.094343
9916.000000;1.093611
9915.000000;1.093029
9914.000000;1.092475
9913.000000;1.092100
9912.000000;1.092068
9911.000000;1.092232
9910.000000;1.092119
9909.000000;1.091358
9908.000000;1.090115
9907.000000;1.088937
9906.000000;1.088110
9905.000000;1.087352
9904.000000;1.086307
9903.000000;1.085140
9902.000000;1.084345
9901.000000;1.084029
9900.000000;1.083707
9899.000000;1.082914
9898.000000;1.081763
9897.000000;1.080794
9896.000000;1.080429
9895.000000;1.080650
9894.000000;1.081028
9893.000000;1.080971
9892.000000;1.080132
9891.000000;1.078744
9890.000000;1.077460
9889.000000;1.076712
9888.000000;1.076342
9887.000000;1.075938
9886.000000;1.075331
9885.000000;1.074651
9884.000000;1.074057
9883.000000;1.073590
9882.000000;1.073164
9881.000000;1.072545
9880.000000;1.071438
9879.000000;1.069831
9878.000000;1.068162
9877.000000;1.066954
9876.000000;1.066339
9875.000000;1.066049
9874.000000;1.065784
9873.000000;1.065450
9872.000000;1.065089
9871.000000;1.064739
9870.000000;1.064385
9869.000000;1.063894
9868.000000;1.063024
9867.000000;1.061635
9866.000000;1.059873
9865.000000;1.058078
9864.000000;1.056597
9863.000000;1.055749
9862.000000;1.055686
9861.000000;1.056044
9860.000000;1.055937
9859.000000;1.054744
9858.000000;1.052870
9857.000000;1.051335
9856.000000;1.050649
9855.000000;1.050482
9854.000000;1.050451
9853.000000;1.050688
9852.000000;1.051364
9851.000000;1.052087
9850.000000;1.052208
9849.000000;1.051518
9848.000000;1.050294
9847.000000;1.048858
9846.000000;1.047465
9845.000000;1.046440
9844.000000;1.045951
9843.000000;1.045600
9842.000000;1.044656
9841.000000;1.042879
9840.000000;1.040911
9839.000000;1.039636
9838.000000;1.039310
9837.000000;1.039405
9836.000000;1.039248
9835.000000;1.038668
9834.000000;1.038022
9833.000000;1.037665
9832.000000;1.037503
9831.000000;1.037124
9830.000000;1.036336
9829.000000;1.035416
9828.000000;1.034713
9827.000000;1.034168
9826.000000;1.033390
9825.000000;1.032175
9824.000000;1.030812
9823.000000;1.029861
9822.000000;1.029686
9821.000000;1.030133
9820.000000;1.030547
9819.000000;1.030170
9818.000000;1.028755
9817.000000;1.026861
9816.000000;1.025411
9815.000000;1.024873
9814.000000;1.024885
9813.000000;1.024676
9812.000000;1.023827
9811.000000;1.022600
9810.000000;1.021560
9809.000000;1.020919
9808.000000;1.020318
9807.000000;1.019277
9806.000000;1.017797
9805.000000;1.016397
9804.000000;1.015532
9803.000000;1.015140
9802.000000;1.014792
9801.000000;1.014141
9800.000000;1.013152
9799.000000;1.012065
9798.000000;1.011217
9797.000000;1.010775
9796.000000;1.010538
9795.000000;1.010173
9794.000000;1.009698
9793.000000;1.009488
9792.000000;1.009637
9791.000000;1.009596
9790.000000;1.008785
9789.000000;1.007336
9788.000000;1.005867
9787.000000;1.004684
9786.000000;1.003661
9785.000000;1.002808
9784.000000;1.002440
9783.000000;1.002633
9782.000000;1.002936
9781.000000;1.002815
9780.000000;1.002107
9779.000000;1.000899
9778.000000;0.999308
9777.000000;0.997590
9776.000000;0.996187
9775.000000;0.995339
9774.000000;0.994820
9773.000000;0.994284
9772.000000;0.993747
9771.000000;0.993472
9770.000000;0.993440
9769.000000;0.993208
9768.000000;0.992338
9767.000000;0.990839
9766.000000;0.989190
9765.000000;0.987984
9764.000000;0.987531
9763.000000;0.987669
9762.000000;0.987906
9761.000000;0.987771
9760.000000;0.987065
9759.000000;0.985930
9758.000000;0.984799
9757.000000;0.984170
9756.000000;0.984161
9755.000000;0.984271
9754.000000;0.983824
9753.000000;0.982723
9752.000000;0.981528
9751.000000;0.980715
9750.000000;0.980112
9749.000000;0.979232
9748.000000;0.977923
9747.000000;0.976519
9746.000000;0.975461
9745.000000;0.974944
9744.000000;0.974809
9743.000000;0.974627
9742.000000;0.974008
9741.000000;0.973008
9740.000000;0.972119
9739.000000;0.971734
9738.000000;0.971710
9737.000000;0.971550
9736.000000;0.970897
9735.000000;0.969796
9734.000000;0.968587
9733.000000;0.967615
9732.000000;0.966867
9731.000000;0.965903
9730.000000;0.964363
9729.000000;0.962555
9728.000000;0.961204
9727.000000;0.960570
9726.000000;0.960235
9725.000000;0.959914
9724.000000;0.959907
9723.000000;0.960365
9722.000000;0.960616
9721.000000;0.959902
9720.000000;0.958523
9719.000000;0.957530
9718.000000;0.957340
9717.000000;0.957331
9716.000000;0.956847
9715.000000;0.955981
9714.000000;0.955133
9713.000000;0.954329
9712.000000;0.953370
9711.000000;0.952329
9710.000000;0.951550
9709.000000;0.951266
9708.000000;0.951418
9707.000000;0.951717
9706.000000;0.951792
9705.000000;0.951368
9704.000000;0.950409
9703.000000;0.949048
9702.000000;0.947426
9701.000000;0.945751
9700.000000;0.944391
9699.000000;0.943604
9698.000000;0.943155
9697.000000;0.942539
9696.000000;0.941641
9695.000000;0.940869
9694.000000;0.940513
9693.000000;0.940328
9692.000000;0.939922
9691.000000;0.939277
9690.000000;0.938629
9689.000000;0.938065
9688.000000;0.937479
9687.000000;0.936772
9686.000000;0.935915
9685.000000;0.934992
9684.000000;0.934305
9683.000000;0.934209
9682.000000;0.934598
9681.000000;0.934773
9680.000000;0.934117
9679.000000;0.932765
9678.000000;0.931335
9677.000000;0.930143
9676.000000;0.929017
9675.000000;0.927807
9674.000000;0.926697
9673.000000;0.925922
9672.000000;0.925426
9671.000000;0.924932
9670.000000;0.924234
9669.000000;0.923362
9668.000000;0.922548
9667.000000;0.922069
9666.000000;0.922015
9665.000000;0.922161
9664.000000;0.922119
9663.000000;0.921645
9662.000000;0.920798
9661.000000;0.919836
9660.000000;0.918969
9659.000000;0.918190
9658.000000;0.917319
9657.000000;0.916240
9656.000000;0.915092
9655.000000;0.914132
9654.000000;0.913400
9653.000000;0.912673
9652.000000;0.911806
9651.000000;0.910945
9650.000000;0.910270
9649.000000;0.909717
9648.000000;0.909126
9647.000000;0.908516
9646.000000;0.907966
9645.000000;0.907343
9644.000000;0.906400
9643.000000;0.905164
9642.000000;0.903968
9641.000000;0.903082
9640.000000;0.902550
9639.000000;0.902371
9638.000000;0.902551
9637.000000;0.902832
9636.000000;0.902661
9635.000000;0.901716
9634.000000;0.900339
9633.000000;0.899210
9632.000000;0.898637
9631.000000;0.898358
9630.000000;0.898003
9629.000000;0.897506
9628.000000;0.896962
9627.000000;0.896329
9626.000000;0.895443
9625.000000;0.894260
9624.000000;0.892919
9623.000000;0.891611
9622.000000;0.890509
9621.000000;0.889810
9620.000000;0.889692
9619.000000;0.890100
9618.000000;0.890635
9617.000000;0.890735
9616.000000;0.890051
9615.000000;0.888679
9614.000000;0.887097
9613.000000;0.885880
9612.000000;0.885372
9611.000000;0.885457
9610.000000;0.885596
9609.000000;0.885151
9608.000000;0.883877
9607.000000;0.882188
9606.000000;0.880909
9605.000000;0.880600
9604.000000;0.881034
9603.000000;0.881362
9602.000000;0.880912
9601.000000;0.879816
9600.000000;0.878748
9599.000000;0.878138
9598.000000;0.877805
9597.000000;0.877306
9596.000000;0.876407
9595.000000;0.875159
9594.000000;0.873781
9593.000000;0.872640
9592.000000;0.872110
9591.000000;0.872169
9590.000000;0.872238
9589.000000;0.871696
9588.000000;0.870503
9587.000000;0.869116
9586.000000;0.867867
9585.000000;0.866729
9584.000000;0.865666
9583.000000;0.864845
9582.000000;0.864379
9581.000000;0.864113
9580.000000;0.863855
9579.000000;0.863615
9578.000000;0.863445
9577.000000;0.863217
9576.000000;0.862766
9575.000000;0.862144
9574.000000;0.861523
9573.000000;0.860931
9572.000000;0.860292
9571.000000;0.859647
9570.000000;0.859133
9569.000000;0.858708
9568.000000;0.858124
9567.000000;0.857238
9566.000000;0.856193
9565.000000;0.855217
9564.000000;0.854400
9563.000000;0.853785
9562.000000;0.853489
9561.000000;0.853533
9560.000000;0.853558
9559.000000;0.852988
9558.000000;0.851637
9557.000000;0.850045
9556.000000;0.849030
9555.000000;0.848894
9554.000000;0.849180
9553.000000;0.849202
9552.000000;0.848697
9551.000000;0.847895
9550.000000;0.847113
9549.000000;0.846436
9548.000000;0.845734
9547.000000;0.844856
9546.000000;0.843806
9545.000000;0.842805
9544.000000;0.842157
9543.000000;0.841962
9542.000000;0.841978
9541.000000;0.841850
9540.000000;0.841457
9539.000000;0.840911
9538.000000;0.840255
9537.000000;0.839349
9536.000000;0.838135
9535.000000;0.836866
9534.000000;0.835933
9533.000000;0.835489
9532.000000;0.835338
9531.000000;0.835155
9530.000000;0.834764
9529.000000;0.834183
9528.000000;0.833469
9527.000000;0.832632
9526.000000;0.831721
9525.000000;0.830911
9524.000000;0.830344
9523.000000;0.829870
9522.000000;0.829090
9521.000000;0.827774
9520.000000;0.826173
9519.000000;0.824807
9518.000000;0.824035
9517.000000;0.823889
9516.000000;0.824213
9515.000000;0.824746
9514.000000;0.825159
9513.000000;0.825195
9512.000000;0.824821
9511.000000;0.824141
9510.000000;0.823218
9509.000000;0.822128
9508.000000;0.821092
9507.000000;0.820313
9506.000000;0.819679
9505.000000;0.818901
9504.000000;0.817987
9503.000000;0.817352
9502.000000;0.817317
9501.000000;0.817696
9500.000000;0.818002
9499.000000;0.817890
9498.000000;0.817280
9497.000000;0.816224
9496.000000;0.814863
9495.000000;0.813445
9494.000000;0.812212
9493.000000;0.811242
9492.000000;0.810464
9491.000000;0.809766
9490.000000;0.809065
9489.000000;0.808367
9488.000000;0.807822
9487.000000;0.807604
9486.000000;0.807618
9485.000000;0.807478
9484.000000;0.806913
9483.000000;0.806075
9482.000000;0.805295
9481.000000;0.804612
9480.000000;0.803765
9479.000000;0.802661
9478.000000;0.801643
9477.000000;0.801196
9476.000000;0.801449
9475.000000;0.802029
9474.000000;0.802344
9473.000000;0.802006
9472.000000;0.801054
9471.000000;0.799845
9470.000000;0.798740
9469.000000;0.797863
9468.000000;0.797111
9467.000000;0.796359
9466.000000;0.795626
9465.000000;0.795052
9464.000000;0.794715
9463.000000;0.794475
9462.000000;0.794080
9461.000000;0.793439
9460.000000;0.792724
9459.000000;0.792142
9458.000000;0.791708
9457.000000;0.791364
9456.000000;0.791207
9455.000000;0.791410
9454.000000;0.791870
9453.000000;0.792121
9452.000000;0.791701
9451.000000;0.790547
9450.000000;0.789044
9449.000000;0.787751
9448.000000;0.787034
9447.000000;0.786824
9446.000000;0.786709
9445.000000;0.786365
9444.000000;0.785865
9443.000000;0.785470
9442.000000;0.785209
9441.000000;0.784877
9440.000000;0.784386
9439.000000;0.783818
9438.000000;0.783132
9437.000000;0.782149
9436.000000;0.780959
9435.000000;0.780006
9434.000000;0.779568
9433.000000;0.779372
9432.000000;0.778941
9431.000000;0.778118
9430.000000;0.777058
9429.000000;0.775926
9428.000000;0.774895
9427.000000;0.774252
9426.000000;0.774175
9425.000000;0.774430
9424.000000;0.774540
9423.000000;0.774240
9422.000000;0.773603
9421.000000;0.772793
9420.000000;0.771942
9419.000000;0.771193
9418.000000;0.770595
9417.000000;0.769969
9416.000000;0.769130
9415.000000;0.768233
9414.000000;0.767628
9413.000000;0.767340
9412.000000;0.766960
9411.000000;0.766177
9410.000000;0.765182
9409.000000;0.764395
9408.000000;0.763959
9407.000000;0.763683
9406.000000;0.763367
9405.000000;0.763029
9404.000000;0.762813
9403.000000;0.762789
9402.000000;0.762863
9401.000000;0.762807
9400.000000;0.762407
9399.000000;0.761633
9398.000000;0.760663
9397.000000;0.759749
9396.000000;0.759029
9395.000000;0.758461
9394.000000;0.757897
9393.000000;0.757226
9392.000000;0.756453
9391.000000;0.755612
9390.000000;0.754656
9389.000000;0.753567
9388.000000;0.752586
9387.000000;0.752131
9386.000000;0.752328
9385.000000;0.752764
9384.000000;0.752906
9383.000000;0.752678
9382.000000;0.752431
9381.000000;0.752377
9380.000000;0.752312
9379.000000;0.751921
9378.000000;0.751140
9377.000000;0.750164
9376.000000;0.749277
9375.000000;0.748735
9374.000000;0.748609
9373.000000;0.748642
9372.000000;0.748382
9371.000000;0.747599
9370.000000;0.746495
9369.000000;0.745433
9368.000000;0.744577
9367.000000;0.743855
9366.000000;0.743165
9365.000000;0.742473
9364.000000;0.741811
9363.000000;0.741278
9362.000000;0.741003
9361.000000;0.740995
9360.000000;0.741083
9359.000000;0.741096
9358.000000;0.741016
9357.000000;0.740876
9356.000000;0.740556
9355.000000;0.739845
9354.000000;0.738714
9353.000000;0.737408
9352.000000;0.736257
9351.000000;0.735459
9350.000000;0.735058
9349.000000;0.734987
9348.000000;0.735034
9347.000000;0.734818
9346.000000;0.733991
9345.000000;0.732590
9344.000000;0.731111
9343.000000;0.730137
9342.000000;0.729853
9341.000000;0.729962
9340.000000;0.730056
9339.000000;0.729983
9338.000000;0.729834
9337.000000;0.729722
9336.000000;0.729669
9335.000000;0.729615
9334.000000;0.729368
9333.000000;0.728655
9332.000000;0.727414
9331.000000;0.726047
9330.000000;0.725167
9329.000000;0.725011
9328.000000;0.725226
9327.000000;0.725276
9326.000000;0.724935
9325.000000;0.724323
9324.000000;0.723629
9323.000000;0.722989
9322.000000;0.722546
9321.000000;0.722401
9320.000000;0.722412
9319.000000;0.722151
9318.000000;0.721224
9317.000000;0.719730
9316.000000;0.718336
9315.000000;0.717758
9314.000000;0.718099
9313.000000;0.718757
9312.000000;0.719037
9311.000000;0.718750
9310.000000;0.718130
9309.000000;0.717347
9308.000000;0.716394
9307.000000;0.715385
9306.000000;0.714589
9305.000000;0.714043
9304.000000;0.713436
9303.000000;0.712570
9302.000000;0.711717
9301.000000;0.711283
9300.000000;0.711279
9299.000000;0.711397
9298.000000;0.711460
9297.000000;0.711530
9296.000000;0.711585
9295.000000;0.711418
9294.000000;0.710941
9293.000000;0.710338
9292.000000;0.709803
9291.000000;0.709271
9290.000000;0.708528
9289.000000;0.707493
9288.000000;0.706319
9287.000000;0.705326
9286.000000;0.704856
9285.000000;0.705063
9284.000000;0.705718
9283.000000;0.706300
9282.000000;0.706384
9281.000000;0.705896
9280.000000;0.705015
9279.000000;0.703952
9278.000000;0.702930
9277.000000;0.702192
9276.000000;0.701827
9275.000000;0.701606
9274.000000;0.701180
9273.000000;0.700441
9272.000000;0.699596
9271.000000;0.698882
9270.000000;0.698381
9269.000000;0.698137
9268.000000;0.698230
9267.000000;0.698581
9266.000000;0.698822
9265.000000;0.698606
9264.000000;0.698011
9263.000000;0.697441
9262.000000;0.697068
9261.000000;0.696593
9260.000000;0.695689
9259.000000;0.694514
9258.000000;0.693562
9257.000000;0.693074
9256.000000;0.692826
9255.000000;0.692534
9254.000000;0.692240
9253.000000;0.692147
9252.000000;0.692275
9251.000000;0.692456
9250.000000;0.692609
9249.000000;0.692770
9248.000000;0.692860
9247.000000;0.692603
9246.000000;0.691794
9245.000000;0.690544
9244.000000;0.689222
9243.000000;0.688203
9242.000000;0.687662
9241.000000;0.687505
9240.000000;0.687469
9239.000000;0.687344
9238.000000;0.687151
9237.000000;0.687023
9236.000000;0.686905
9235.000000;0.686540
9234.000000;0.685822
9233.000000;0.685029
9232.000000;0.684523
9231.000000;0.684293
9230.000000;0.683991
9229.000000;0.683395
9228.000000;0.682647
9227.000000;0.681994
9226.000000;0.681508
9225.000000;0.681176
9224.000000;0.681061
9223.000000;0.681181
9222.000000;0.681309
9221.000000;0.681154
9220.000000;0.680755
9219.000000;0.680486
9218.000000;0.680570
9217.000000;0.680745
9216.000000;0.680532
9215.000000;0.679780
9214.000000;0.678778
9213.000000;0.677866
9212.000000;0.677126
9211.000000;0.676503
9210.000000;0.676054
9209.000000;0.675912
9208.000000;0.676025
9207.000000;0.676108
9206.000000;0.675903
9205.000000;0.675436
9204.000000;0.674935
9203.000000;0.674563
9202.000000;0.674304
9201.000000;0.674102
9200.000000;0.673993
9199.000000;0.674027
9198.000000;0.674109
9197.000000;0.674029
9196.000000;0.673648
9195.000000;0.672997
9194.000000;0.672171
9193.000000;0.671231
9192.000000;0.670265
9191.000000;0.669471
9190.000000;0.669048
9189.000000;0.668991
9188.000000;0.669088
9187.000000;0.669150
9186.000000;0.669179
9185.000000;0.669264
9184.000000;0.669373
9183.000000;0.669323
9182.000000;0.668954
9181.000000;0.668290
9180.000000;0.667513
9179.000000;0.666808
9178.000000;0.666216
9177.000000;0.665614
9176.000000;0.664842
9175.000000;0.663907
9174.000000;0.663054
9173.000000;0.662605
9172.000000;0.662688
9171.000000;0.663087
9170.000000;0.663359
9169.000000;0.663161
9168.000000;0.662522
9167.000000;0.661813
9166.000000;0.661415
9165.000000;0.661383
9164.000000;0.661431
9163.000000;0.661217
9162.000000;0.660613
9161.000000;0.659746
9160.000000;0.658906
9159.000000;0.658404
9158.000000;0.658368
9157.000000;0.658582
9156.000000;0.658614
9155.000000;0.658227
9154.000000;0.657604
9153.000000;0.657072
9152.000000;0.656692
9151.000000;0.656266
9150.000000;0.655704
9149.000000;0.655160
9148.000000;0.654788
9147.000000;0.654554
9146.000000;0.654357
9145.000000;0.654183
9144.000000;0.654020
9143.000000;0.653743
9142.000000;0.653239
9141.000000;0.652605
9140.000000;0.652112
9139.000000;0.651951
9138.000000;0.652071
9137.000000;0.652264
9136.000000;0.652351
9135.000000;0.652321
9134.000000;0.652302
9133.000000;0.652383
9132.000000;0.652456
9131.000000;0.652298
9130.000000;0.651838
9129.000000;0.651232
9128.000000;0.650621
9127.000000;0.649963
9126.000000;0.649220
9125.000000;0.648603
9124.000000;0.648392
9123.000000;0.648493
9122.000000;0.648382
9121.000000;0.647628
9120.000000;0.646384
9119.000000;0.645286
9118.000000;0.644873
9117.000000;0.645159
9116.000000;0.645707
9115.000000;0.646032
9114.000000;0.645968
9113.000000;0.645707
9112.000000;0.645572
9111.000000;0.645704
9110.000000;0.645925
9109.000000;0.645893
9108.000000;0.645447
9107.000000;0.644824
9106.000000;0.644450
9105.000000;0.644470
9104.000000;0.644530
9103.000000;0.644171
9102.000000;0.643406
9101.000000;0.642732
9100.000000;0.642518
9099.000000;0.642573
9098.000000;0.642443
9097.000000;0.641957
9096.000000;0.641272
9095.000000;0.640525
9094.000000;0.639742
9093.000000;0.639038
9092.000000;0.638621
9091.000000;0.638474
9090.000000;0.638293
9089.000000;0.637857
9088.000000;0.637310
9087.000000;0.636938
9086.000000;0.636819
9085.000000;0.636848
9084.000000;0.636939
9083.000000;0.637032
9082.000000;0.636993
9081.000000;0.636725
9080.000000;0.636343
9079.000000;0.636060
9078.000000;0.635911
9077.000000;0.635752
9076.000000;0.635513
9075.000000;0.635262
9074.000000;0.635028
9073.000000;0.634758
9072.000000;0.634524
9071.000000;0.634552
9070.000000;0.634904
9069.000000;0.635267
9068.000000;0.635251
9067.000000;0.634821
9066.000000;0.634265
9065.000000;0.633760
9064.000000;0.633177
9063.000000;0.632365
9062.000000;0.631475
9061.000000;0.630851
9060.000000;0.630652
9059.000000;0.630719
9058.000000;0.630800
9057.000000;0.630782
9056.000000;0.630659
9055.000000;0.630372
9054.000000;0.629840
9053.000000;0.629139
9052.000000;0.628548
9051.000000;0.628311
9050.000000;0.628401
9049.000000;0.628548
9048.000000;0.628529
9047.000000;0.628363
9046.000000;0.628234
9045.000000;0.628231
9044.000000;0.628226
9043.000000;0.628015
9042.000000;0.627594
9041.000000;0.627208
9040.000000;0.627085
9039.000000;0.627134
9038.000000;0.627014
9037.000000;0.626511
9036.000000;0.625762
9035.000000;0.625085
9034.000000;0.624698
9033.000000;0.624643
9032.000000;0.624867
9031.000000;0.625207
9030.000000;0.625358
9029.000000;0.625054
9028.000000;0.624338
9027.000000;0.623578
9026.000000;0.623158
9025.000000;0.623198
9024.000000;0.623522
9023.000000;0.623813
9022.000000;0.623786
9021.000000;0.623350
9020.000000;0.622664
9019.000000;0.622008
9018.000000;0.621566
9017.000000;0.621360
9016.000000;0.621309
9015.000000;0.621229
9014.000000;0.620835
9013.000000;0.619963
9012.000000;0.618857
9011.000000;0.618074
9010.000000;0.617967
9009.000000;0.618354
9008.000000;0.618774
9007.000000;0.618926
9006.000000;0.618769
9005.000000;0.618359
9004.000000;0.617826
9003.000000;0.617431
9002.000000;0.617419
9001.000000;0.617764
9000.000000;0.618213
8999.000000;0.618591
8998.000000;0.618908
8997.000000;0.619130
8996.000000;0.619043
8995.000000;0.618476
8994.000000;0.617572
8993.000000;0.616718
8992.000000;0.616204
8991.000000;0.616021
8990.000000;0.615940
8989.000000;0.615735
8988.000000;0.615359
8987.000000;0.614964
8986.000000;0.614718
8985.000000;0.614606
8984.000000;0.614449
8983.000000;0.614150
8982.000000;0.613858
8981.000000;0.613822
8980.000000;0.614097
8979.000000;0.614474
8978.000000;0.614686
8977.000000;0.614639
8976.000000;0.614449
8975.000000;0.614289
8974.000000;0.614247
8973.000000;0.614249
8972.000000;0.614075
8971.000000;0.613470
8970.000000;0.612369
8969.000000;0.611083
8968.000000;0.610170
8967.000000;0.609958
8966.000000;0.610215
8965.000000;0.610412
8964.000000;0.610369
8963.000000;0.610439
8962.000000;0.610972
8961.000000;0.611781
8960.000000;0.612323
8959.000000;0.612297
8958.000000;0.611843
8957.000000;0.611228
8956.000000;0.610581
8955.000000;0.609968
8954.000000;0.609456
8953.000000;0.609027
8952.000000;0.608582
8951.000000;0.608132
8950.000000;0.607837
8949.000000;0.607767
8948.000000;0.607785
8947.000000;0.607763
8946.000000;0.607751
8945.000000;0.607803
8944.000000;0.607774
8943.000000;0.607484
8942.000000;0.606992
8941.000000;0.606557
8940.000000;0.606361
8939.000000;0.606399
8938.000000;0.606578
8937.000000;0.606787
8936.000000;0.606906
8935.000000;0.606915
8934.000000;0.606937
8933.000000;0.607033
8932.000000;0.606985
8931.000000;0.606496
8930.000000;0.605591
8929.000000;0.604661
8928.000000;0.604050
8927.000000;0.603751
8926.000000;0.603566
8925.000000;0.603414
8924.000000;0.603366
8923.000000;0.603466
8922.000000;0.603642
8921.000000;0.603810
8920.000000;0.603977
8919.000000;0.604211
8918.000000;0.604492
8917.000000;0.604611
8916.000000;0.604286
8915.000000;0.603456
8914.000000;0.602414
8913.000000;0.601591
8912.000000;0.601208
8911.000000;0.601182
8910.000000;0.601305
8909.000000;0.601408
8908.000000;0.601409
8907.000000;0.601378
8906.000000;0.601530
8905.000000;0.601994
8904.000000;0.602542
8903.000000;0.602726
8902.000000;0.602348
8901.000000;0.601667
8900.000000;0.601086
8899.000000;0.600769
8898.000000;0.600651
8897.000000;0.600647
8896.000000;0.600673
8895.000000;0.600582
8894.000000;0.600306
8893.000000;0.600058
8892.000000;0.600168
8891.000000;0.600684
8890.000000;0.601232
8889.000000;0.601351
8888.000000;0.600884
8887.000000;0.600036
8886.000000;0.599164
8885.000000;0.598564
8884.000000;0.598364
8883.000000;0.598486
8882.000000;0.598704
8881.000000;0.598809
8880.000000;0.598761
8879.000000;0.598676
8878.000000;0.598668
8877.000000;0.598702
8876.000000;0.598631
8875.000000;0.598358
8874.000000;0.597946
8873.000000;0.597545
8872.000000;0.597249
8871.000000;0.597041
8870.000000;0.596895
8869.000000;0.596858
8868.000000;0.596997
8867.000000;0.597314
8866.000000;0.597722
8865.000000;0.598077
8864.000000;0.598215
8863.000000;0.598030
8862.000000;0.597595
8861.000000;0.597159
8860.000000;0.596929
8859.000000;0.596847
8858.000000;0.596676
8857.000000;0.596312
8856.000000;0.595917
8855.000000;0.595694
8854.000000;0.595623
8853.000000;0.595515
8852.000000;0.595279
8851.000000;0.595002
8850.000000;0.594775
8849.000000;0.594603
8848.000000;0.594528
8847.000000;0.594708
8846.000000;0.595247
8845.000000;0.595969
8844.000000;0.596523
8843.000000;0.596700
8842.000000;0.596578
8841.000000;0.596348
8840.000000;0.596117
8839.000000;0.595918
8838.000000;0.595767
8837.000000;0.595653
8836.000000;0.595532
8835.000000;0.595419
8834.000000;0.595403
8833.000000;0.595507
8832.000000;0.595613
8831.000000;0.595652
8830.000000;0.595786
8829.000000;0.596250
8828.000000;0.597015
8827.000000;0.597760
8826.000000;0.598176
8825.000000;0.598177
8824.000000;0.597817
8823.000000;0.597183
8822.000000;0.596458
8821.000000;0.595921
8820.000000;0.595746
8819.000000;0.595836
8818.000000;0.595966
8817.000000;0.596029
8816.000000;0.596052
8815.000000;0.596016
8814.000000;0.595791
8813.000000;0.595306
8812.000000;0.594708
8811.000000;0.594309
8810.000000;0.594375
8809.000000;0.594931
8808.000000;0.595743
8807.000000;0.596482
8806.000000;0.596924
8805.000000;0.597034
8804.000000;0.596891
8803.000000;0.596617
8802.000000;0.596391
8801.000000;0.596412
8800.000000;0.596729
8799.000000;0.597149
8798.000000;0.597396
8797.000000;0.597394
8796.000000;0.597312
8795.000000;0.597331
8794.000000;0.597469
8793.000000;0.597631
8792.000000;0.597755
8791.000000;0.597843
8790.000000;0.597903
8789.000000;0.597965
8788.000000;0.598099
8787.000000;0.598348
8786.000000;0.598616
8785.000000;0.598705
8784.000000;0.598500
8783.000000;0.598110
8782.000000;0.597786
8781.000000;0.597726
8780.000000;0.597946
8779.000000;0.598318
8778.000000;0.598684
8777.000000;0.598968
8776.000000;0.599179
8775.000000;0.599300
8774.000000;0.599200
8773.000000;0.598753
8772.000000;0.598132
8771.000000;0.597842
8770.000000;0.598272
8769.000000;0.599233
8768.000000;0.600088
8767.000000;0.600406
8766.000000;0.600335
8765.000000;0.600266
8764.000000;0.600308
8763.000000;0.600283
8762.000000;0.600127
8761.000000;0.600042
8760.000000;0.600243
8759.000000;0.600710
8758.000000;0.601244
8757.000000;0.601667
8756.000000;0.601899
8755.000000;0.601947
8754.000000;0.601874
8753.000000;0.601749
8752.000000;0.601594
8751.000000;0.601423
8750.000000;0.601304
8749.000000;0.601309
8748.000000;0.601390
8747.000000;0.601416
8746.000000;0.601354
8745.000000;0.601327
8744.000000;0.601478
8743.000000;0.601836
8742.000000;0.602357
8741.000000;0.602966
8740.000000;0.603520
8739.000000;0.603828
8738.000000;0.603825
8737.000000;0.603680
8736.000000;0.603676
8735.000000;0.603970
8734.000000;0.604492
8733.000000;0.604996
8732.000000;0.605209
8731.000000;0.605004
8730.000000;0.604524
8729.000000;0.604062
8728.000000;0.603814
8727.000000;0.603777
8726.000000;0.603903
8725.000000;0.604210
8724.000000;0.604657
8723.000000;0.605065
8722.000000;0.605296
8721.000000;0.605438
8720.000000;0.605653
8719.000000;0.605891
8718.000000;0.605943
8717.000000;0.605795
8716.000000;0.605740
8715.000000;0.606045
8714.000000;0.606617
8713.000000;0.607125
8712.000000;0.607381
8711.000000;0.607481
8710.000000;0.607583
8709.000000;0.607665
8708.000000;0.607574
8707.000000;0.607278
8706.000000;0.606974
8705.000000;0.606900
8704.000000;0.607093
8703.000000;0.607379
8702.000000;0.607578
8701.000000;0.607659
8700.000000;0.607666
8699.000000;0.607585
8698.000000;0.607364
8697.000000;0.607029
8696.000000;0.606735
8695.000000;0.606694
8694.000000;0.607036
8693.000000;0.607723
8692.000000;0.608539
8691.000000;0.609217
8690.000000;0.609586
8689.000000;0.609599
8688.000000;0.609293
8687.000000;0.608816
8686.000000;0.608496
8685.000000;0.608669
8684.000000;0.609308
8683.000000;0.609921
8682.000000;0.609983
8681.000000;0.609446
8680.000000;0.608724
8679.000000;0.608241
8678.000000;0.608126
8677.000000;0.608306
8676.000000;0.608693
8675.000000;0.609231
8674.000000;0.609880
8673.000000;0.610619
8672.000000;0.611363
8671.000000;0.611888
8670.000000;0.611957
8669.000000;0.611603
8668.000000;0.611153
8667.000000;0.610927
8666.000000;0.610993
8665.000000;0.611229
8664.000000;0.611473
8663.000000;0.611520
8662.000000;0.611172
8661.000000;0.610463
8660.000000;0.609748
8659.000000;0.609391
8658.000000;0.609382
8657.000000;0.609407
8656.000000;0.609277
8655.000000;0.609136
8654.000000;0.609240
8653.000000;0.609645
8652.000000;0.610145
8651.000000;0.610443
8650.000000;0.610368
8649.000000;0.610030
8648.000000;0.609763
8647.000000;0.609839
8646.000000;0.610189
8645.000000;0.610482
8644.000000;0.610481
8643.000000;0.610241
8642.000000;0.609961
8641.000000;0.609741
8640.000000;0.609529
8639.000000;0.609215
8638.000000;0.608749
8637.000000;0.608249
8636.000000;0.608005
8635.000000;0.608245
8634.000000;0.608829
8633.000000;0.609287
8632.000000;0.609262
8631.000000;0.608839
8630.000000;0.608382
8629.000000;0.608129
8628.000000;0.608071
8627.000000;0.608126
8626.000000;0.608260
8625.000000;0.608442
8624.000000;0.608618
8623.000000;0.608761
8622.000000;0.608862
8621.000000;0.608867
8620.000000;0.608732
8619.000000;0.608549
8618.000000;0.608505
8617.000000;0.608668
8616.000000;0.608867
8615.000000;0.608849
8614.000000;0.608505
8613.000000;0.607923
8612.000000;0.607271
8611.000000;0.606672
8610.000000;0.606163
8609.000000;0.605732
8608.000000;0.605411
8607.000000;0.605293
8606.000000;0.605440
8605.000000;0.605781
8604.000000;0.606143
8603.000000;0.606384
8602.000000;0.606448
8601.000000;0.606318
8600.000000;0.606027
8599.000000;0.605699
8598.000000;0.605496
8597.000000;0.605479
8596.000000;0.605584
8595.000000;0.605762
8594.000000;0.606045
8593.000000;0.606432
8592.000000;0.606759
8591.000000;0.606771
8590.000000;0.606311
8589.000000;0.605457
8588.000000;0.604537
8587.000000;0.603977
8586.000000;0.603999
8585.000000;0.604420
8584.000000;0.604810
8583.000000;0.604918
8582.000000;0.604843
8581.000000;0.604756
8580.000000;0.604616
8579.000000;0.604279
8578.000000;0.603787
8577.000000;0.603365
8576.000000;0.603158
8575.000000;0.603119
8574.000000;0.603151
8573.000000;0.603222
8572.000000;0.603312
8571.000000;0.603335
8570.000000;0.603206
8569.000000;0.602928
8568.000000;0.602609
8567.000000;0.602395
8566.000000;0.602386
8565.000000;0.602566
8564.000000;0.602834
8563.000000;0.603118
8562.000000;0.603436
8561.000000;0.603784
8560.000000;0.604031
8559.000000;0.604008
8558.000000;0.603713
8557.000000;0.603314
8556.000000;0.602948
8555.000000;0.602594
8554.000000;0.602166
8553.000000;0.601685
8552.000000;0.601316
8551.000000;0.601225
8550.000000;0.601403
8549.000000;0.601628
8548.000000;0.601670
8547.000000;0.601546
8546.000000;0.601478
8545.000000;0.601566
8544.000000;0.601606
8543.000000;0.601372
8542.000000;0.600977
8541.000000;0.600758
8540.000000;0.600842
8539.000000;0.601021
8538.000000;0.601077
8537.000000;0.601016
8536.000000;0.600885
8535.000000;0.600564
8534.000000;0.599930
8533.000000;0.599158
8532.000000;0.598661
8531.000000;0.598719
8530.000000;0.599229
8529.000000;0.599817
8528.000000;0.600114
8527.000000;0.599977
8526.000000;0.599522
8525.000000;0.599016
8524.000000;0.598675
8523.000000;0.598564
8522.000000;0.598625
8521.000000;0.598753
8520.000000;0.598823
8519.000000;0.598730
8518.000000;0.598504
8517.000000;0.598334
8516.000000;0.598397
8515.000000;0.598655
8514.000000;0.598861
8513.000000;0.598789
8512.000000;0.598427
8511.000000;0.597971
8510.000000;0.597645
8509.000000;0.597534
8508.000000;0.597542
8507.000000;0.597517
8506.000000;0.597398
8505.000000;0.597236
8504.000000;0.597081
8503.000000;0.596941
8502.000000;0.596849
8501.000000;0.596887
8500.000000;0.597061
8499.000000;0.597227
8498.000000;0.597213
8497.000000;0.596997
8496.000000;0.596686
8495.000000;0.596391
8494.000000;0.596175
8493.000000;0.596105
8492.000000;0.596203
8491.000000;0.596379
8490.000000;0.596490
8489.000000;0.596484
8488.000000;0.596419
8487.000000;0.596311
8486.000000;0.596085
8485.000000;0.595710
8484.000000;0.595297
8483.000000;0.594995
8482.000000;0.594858
8481.000000;0.594868
8480.000000;0.594996
8479.000000;0.595187
8478.000000;0.595313
8477.000000;0.595277
8476.000000;0.595155
8475.000000;0.595143
8474.000000;0.595328
8473.000000;0.595560
8472.000000;0.595566
8471.000000;0.595207
8470.000000;0.594615
8469.000000;0.594119
8468.000000;0.594008
8467.000000;0.594294
8466.000000;0.594702
8465.000000;0.594892
8464.000000;0.594745
8463.000000;0.594398
8462.000000;0.594063
8461.000000;0.593860
8460.000000;0.593805
8459.000000;0.593842
8458.000000;0.593852
8457.000000;0.593711
8456.000000;0.593414
8455.000000;0.593086
8454.000000;0.592827
8453.000000;0.592608
8452.000000;0.592378
8451.000000;0.592190
8450.000000;0.592114
8449.000000;0.592081
8448.000000;0.591962
8447.000000;0.591766
8446.000000;0.591640
8445.000000;0.591644
8444.000000;0.591675
8443.000000;0.591661
8442.000000;0.591710
8441.000000;0.591943
8440.000000;0.592262
8439.000000;0.592415
8438.000000;0.592292
8437.000000;0.592062
8436.000000;0.591980
8435.000000;0.592108
8434.000000;0.592252
8433.000000;0.592178
8432.000000;0.591884
8431.000000;0.591614
8430.000000;0.591580
8429.000000;0.591695
8428.000000;0.591659
8427.000000;0.591310
8426.000000;0.590802
8425.000000;0.590414
8424.000000;0.590270
8423.000000;0.590306
8422.000000;0.590417
8421.000000;0.590545
8420.000000;0.590648
8419.000000;0.590667
8418.000000;0.590549
8417.000000;0.590300
8416.000000;0.590047
8415.000000;0.589997
8414.000000;0.590220
8413.000000;0.590470
8412.000000;0.590363
8411.000000;0.589835
8410.000000;0.589289
8409.000000;0.589163
8408.000000;0.589470
8407.000000;0.589875
8406.000000;0.590116
8405.000000;0.590164
8404.000000;0.590062
8403.000000;0.589839
8402.000000;0.589599
8401.000000;0.589480
8400.000000;0.589456
8399.000000;0.589370
8398.000000;0.589200
8397.000000;0.589153
8396.000000;0.589380
8395.000000;0.589748
8394.000000;0.590008
8393.000000;0.590055
8392.000000;0.589941
8391.000000;0.589707
8390.000000;0.589360
8389.000000;0.588962
8388.000000;0.588622
8387.000000;0.588418
8386.000000;0.588398
8385.000000;0.588591
8384.000000;0.588959
8383.000000;0.589348
8382.000000;0.589577
8381.000000;0.589556
8380.000000;0.589270
8379.000000;0.588754
8378.000000;0.588161
8377.000000;0.587780
8376.000000;0.587786
8375.000000;0.588014
8374.000000;0.588114
8373.000000;0.587965
8372.000000;0.587776
8371.000000;0.587750
8370.000000;0.587800
8369.000000;0.587714
8368.000000;0.587488
8367.000000;0.587329
8366.000000;0.587360
8365.000000;0.587454
8364.000000;0.587402
8363.000000;0.587153
8362.000000;0.586856
8361.000000;0.586694
8360.000000;0.586706
8359.000000;0.586752
8358.000000;0.586647
8357.000000;0.586362
8356.000000;0.586083
8355.000000;0.586036
8354.000000;0.586258
8353.000000;0.586574
8352.000000;0.586785
8351.000000;0.586820
8350.000000;0.586702
8349.000000;0.586470
8348.000000;0.586184
8347.000000;0.585938
8346.000000;0.585807
8345.000000;0.585803
8344.000000;0.585921
8343.000000;0.586135
8342.000000;0.586318
8341.000000;0.586239
8340.000000;0.585795
8339.000000;0.585201
8338.000000;0.584827
8337.000000;0.584836
8336.000000;0.585074
8335.000000;0.585297
8334.000000;0.585384
8333.000000;0.585331
8332.000000;0.585157
8331.000000;0.584905
8330.000000;0.584636
8329.000000;0.584386
8328.000000;0.584185
8327.000000;0.584113
8326.000000;0.584224
8325.000000;0.584396
8324.000000;0.584403
8323.000000;0.584184
8322.000000;0.583904
8321.000000;0.583685
8320.000000;0.583439
8319.000000;0.583101
8318.000000;0.582865
8317.000000;0.582974
8316.000000;0.583365
8315.000000;0.583729
8314.000000;0.583876
8313.000000;0.583869
8312.000000;0.583813
8311.000000;0.583681
8310.000000;0.583419
8309.000000;0.583067
8308.000000;0.582740
8307.000000;0.582571
8306.000000;0.582659
8305.000000;0.582969
8304.000000;0.583275
8303.000000;0.583324
8302.000000;0.583082
8301.000000;0.582718
8300.000000;0.582348
8299.000000;0.581928
8298.000000;0.581450
8297.000000;0.581101
8296.000000;0.581137
8295.000000;0.581625
8294.000000;0.582343
8293.000000;0.582887
8292.000000;0.582924
8291.000000;0.582456
8290.000000;0.581848
8289.000000;0.581501
8288.000000;0.581473
8287.000000;0.581497
8286.000000;0.581351
8285.000000;0.581058
8284.000000;0.580734
8283.000000;0.580432
8282.000000;0.580207
8281.000000;0.580173
8280.000000;0.580339
8279.000000;0.580503
8278.000000;0.580440
8277.000000;0.580153
8276.000000;0.579823
8275.000000;0.579584
8274.000000;0.579431
8273.000000;0.579293
8272.000000;0.579108
8271.000000;0.578856
8270.000000;0.578605
8269.000000;0.578473
8268.000000;0.578474
8267.000000;0.578457
8266.000000;0.578283
8265.000000;0.578006
8264.000000;0.577813
8263.000000;0.577820
8262.000000;0.578007
8261.000000;0.578287
8260.000000;0.578551
8259.000000;0.578688
8258.000000;0.578681
8257.000000;0.578673
8256.000000;0.578805
8255.000000;0.578993
8254.000000;0.578971
8253.000000;0.578591
8252.000000;0.578000
8251.000000;0.577512
8250.000000;0.577355
8249.000000;0.577534
8248.000000;0.577851
8247.000000;0.578041
8246.000000;0.577957
8245.000000;0.577681
8244.000000;0.577435
8243.000000;0.577363
8242.000000;0.577436
8241.000000;0.577536
8240.000000;0.577572
8239.000000;0.577516
8238.000000;0.577388
8237.000000;0.577248
8236.000000;0.577152
8235.000000;0.577078
8234.000000;0.576936
8233.000000;0.576672
8232.000000;0.576349
8231.000000;0.576101
8230.000000;0.576017
8229.000000;0.576066
8228.000000;0.576116
8227.000000;0.576049
8226.000000;0.575884
8225.000000;0.575771
8224.000000;0.575837
8223.000000;0.576035
8222.000000;0.576180
8221.000000;0.576125
8220.000000;0.575881
8219.000000;0.575563
8218.000000;0.575301
8217.000000;0.575186
8216.000000;0.575235
8215.000000;0.575360
8214.000000;0.575412
8213.000000;0.575300
8212.000000;0.575035
8211.000000;0.574676
8210.000000;0.574278
8209.000000;0.573925
8208.000000;0.573753
8207.000000;0.573841
8206.000000;0.574114
8205.000000;0.574393
8204.000000;0.574559
8203.000000;0.574610
8202.000000;0.574577
8201.000000;0.574456
8200.000000;0.574249
8199.000000;0.574010
8198.000000;0.573814
8197.000000;0.573685
8196.000000;0.573591
8195.000000;0.573503
8194.000000;0.573439
8193.000000;0.573476
8192.000000;0.573702
8191.000000;0.574118
8190.000000;0.574566
8189.000000;0.574807
8188.000000;0.574740
8187.000000;0.574510
8186.000000;0.574347
8185.000000;0.574297
8184.000000;0.574189
8183.000000;0.573857
8182.000000;0.573336
8181.000000;0.572805
8180.000000;0.572419
8179.000000;0.572237
8178.000000;0.572247
8177.000000;0.572373
8176.000000;0.572477
8175.000000;0.572454
8174.000000;0.572329
8173.000000;0.572236
8172.000000;0.572290
8171.000000;0.572493
8170.000000;0.572757
8169.000000;0.572973
8168.000000;0.573070
8167.000000;0.573014
8166.000000;0.572796
8165.000000;0.572437
8164.000000;0.572034
8163.000000;0.571766
8162.000000;0.571773
8161.000000;0.572007
8160.000000;0.572279
8159.000000;0.572472
8158.000000;0.572628
8157.000000;0.572762
8156.000000;0.572711
8155.000000;0.572294
8154.000000;0.571589
8153.000000;0.570897
8152.000000;0.570456
8151.000000;0.570288
8150.000000;0.570328
8149.000000;0.570545
8148.000000;0.570877
8147.000000;0.571170
8146.000000;0.571274
8145.000000;0.571149
8144.000000;0.570850
8143.000000;0.570457
8142.000000;0.570071
8141.000000;0.569800
8140.000000;0.569688
8139.000000;0.569705
8138.000000;0.569802
8137.000000;0.569941
8136.000000;0.570033
8135.000000;0.569966
8134.000000;0.569748
8133.000000;0.569554
8132.000000;0.569552
8131.000000;0.569718
8130.000000;0.569900
8129.000000;0.570012
8128.000000;0.570068
8127.000000;0.570089
8126.000000;0.570047
8125.000000;0.569930
8124.000000;0.569756
8123.000000;0.569536
8122.000000;0.569277
8121.000000;0.569047
8120.000000;0.568965
8119.000000;0.569066
8118.000000;0.569220
8117.000000;0.569219
8116.000000;0.568986
8115.000000;0.568663
8114.000000;0.568485
8113.000000;0.568546
8112.000000;0.568706
8111.000000;0.568749
8110.000000;0.568595
8109.000000;0.568337
8108.000000;0.568099
8107.000000;0.567935
8106.000000;0.567859
8105.000000;0.567866
8104.000000;0.567885
8103.000000;0.567790
8102.000000;0.567541
8101.000000;0.567251
8100.000000;0.567068
8099.000000;0.567021
8098.000000;0.567037
8097.000000;0.567058
8096.000000;0.567067
8095.000000;0.567038
8094.000000;0.566959
8093.000000;0.566884
8092.000000;0.566874
8091.000000;0.566896
8090.000000;0.566853
8089.000000;0.566740
8088.000000;0.566671
8087.000000;0.566714
8086.000000;0.566790
8085.000000;0.566760
8084.000000;0.566593
8083.000000;0.566376
8082.000000;0.566208
8081.000000;0.566122
8080.000000;0.566115
8079.000000;0.566180
8078.000000;0.566299
8077.000000;0.566419
8076.000000;0.566485
8075.000000;0.566499
8074.000000;0.566527
8073.000000;0.566614
8072.000000;0.566703
8071.000000;0.566677
8070.000000;0.566492
8069.000000;0.566237
8068.000000;0.566047
8067.000000;0.565988
8066.000000;0.566035
8065.000000;0.566134
8064.000000;0.566213
8063.000000;0.566179
8062.000000;0.565975
8061.000000;0.565666
8060.000000;0.565418
8059.000000;0.565357
8058.000000;0.565465
8057.000000;0.565624
8056.000000;0.565739
8055.000000;0.565804
8054.000000;0.565855
8053.000000;0.565885
8052.000000;0.565795
8051.000000;0.565469
8050.000000;0.564912
8049.000000;0.564308
8048.000000;0.563918
8047.000000;0.563868
8046.000000;0.564059
8045.000000;0.564289
8044.000000;0.564432
8043.000000;0.564498
8042.000000;0.564543
8041.000000;0.564562
8040.000000;0.564487
8039.000000;0.564277
8038.000000;0.563986
8037.000000;0.563745
8036.000000;0.563673
8035.000000;0.563796
8034.000000;0.564037
8033.000000;0.564274
8032.000000;0.564414
8031.000000;0.564443
8030.000000;0.564415
8029.000000;0.564399
8028.000000;0.564419
8027.000000;0.564445
8026.000000;0.564423
8025.000000;0.564320
8024.000000;0.564131
8023.000000;0.563880
8022.000000;0.563633
8021.000000;0.563476
8020.000000;0.563458
8019.000000;0.563529
8018.000000;0.563587
8017.000000;0.563593
8016.000000;0.563619
8015.000000;0.563748
8014.000000;0.563940
8013.000000;0.564057
8012.000000;0.564028
8011.000000;0.563925
8010.000000;0.563859
8009.000000;0.563833
8008.000000;0.563791
8007.000000;0.563745
8006.000000;0.563765
8005.000000;0.563823
8004.000000;0.563772
8003.000000;0.563535
8002.000000;0.563226
8001.000000;0.563018
8000.000000;0.562945
7999.000000;0.562931
7998.000000;0.562941
7997.000000;0.562977
7996.000000;0.562965
7995.000000;0.562785
7994.000000;0.562441
7993.000000;0.562110
7992.000000;0.561952
7991.000000;0.561970
7990.000000;0.562077
7989.000000;0.562223
7988.000000;0.562390
7987.000000;0.562532
7986.000000;0.562598
7985.000000;0.562598
7984.000000;0.562588
7983.000000;0.562608
7982.000000;0.562658
7981.000000;0.562715
7980.000000;0.562747
7979.000000;0.562719
7978.000000;0.562612
7977.000000;0.562423
7976.000000;0.562145
7975.000000;0.561813
7974.000000;0.561545
7973.000000;0.561476
7972.000000;0.561614
7971.000000;0.561833
7970.000000;0.562026
7969.000000;0.562188
7968.000000;0.562317
7967.000000;0.562340
7966.000000;0.562218
7965.000000;0.562055
7964.000000;0.561971
7963.000000;0.561931
7962.000000;0.561806
7961.000000;0.561597
7960.000000;0.561448
7959.000000;0.561447
7958.000000;0.561512
7957.000000;0.561531
7956.000000;0.561513
7955.000000;0.561535
7954.000000;0.561604
7953.000000;0.561651
7952.000000;0.561634
7951.000000;0.561607
7950.000000;0.561670
7949.000000;0.561865
7948.000000;0.562089
7947.000000;0.562149
7946.000000;0.561925
7945.000000;0.561506
7944.000000;0.561105
7943.000000;0.560861
7942.000000;0.560772
7941.000000;0.560816
7940.000000;0.561026
7939.000000;0.561384
7938.000000;0.561731
7937.000000;0.561884
7936.000000;0.561820
7935.000000;0.561664
7934.000000;0.561528
7933.000000;0.561432
7932.000000;0.561388
7931.000000;0.561441
7930.000000;0.561595
7929.000000;0.561764
7928.000000;0.561834
7927.000000;0.561770
7926.000000;0.561622
7925.000000;0.561454
7924.000000;0.561320
7923.000000;0.561251
7922.000000;0.561250
7921.000000;0.561294
7920.000000;0.561369
7919.000000;0.561488
7918.000000;0.561624
7917.000000;0.561654
7916.000000;0.561448
7915.000000;0.561042
7914.000000;0.560648
7913.000000;0.560465
7912.000000;0.560502
7911.000000;0.560613
7910.000000;0.560679
7909.000000;0.560699
7908.000000;0.560730
7907.000000;0.560817
7906.000000;0.560991
7905.000000;0.561258
7904.000000;0.561563
7903.000000;0.561781
7902.000000;0.561810
7901.000000;0.561663
7900.000000;0.561459
7899.000000;0.561313
7898.000000;0.561256
7897.000000;0.561248
7896.000000;0.561247
7895.000000;0.561260
7894.000000;0.561312
7893.000000;0.561386
7892.000000;0.561409
7891.000000;0.561305
7890.000000;0.561071
7889.000000;0.560789
7888.000000;0.560574
7887.000000;0.560512
7886.000000;0.560627
7885.000000;0.560856
7884.000000;0.561062
7883.000000;0.561127
7882.000000;0.561045
7881.000000;0.560915
7880.000000;0.560841
7879.000000;0.560853
7878.000000;0.560926
7877.000000;0.561035
7876.000000;0.561162
7875.000000;0.561280
7874.000000;0.561358
7873.000000;0.561404
7872.000000;0.561467
7871.000000;0.561572
7870.000000;0.561667
7869.000000;0.561644
7868.000000;0.561444
7867.000000;0.561162
7866.000000;0.560993
7865.000000;0.561063
7864.000000;0.561299
7863.000000;0.561504
7862.000000;0.561546
7861.000000;0.561446
7860.000000;0.561313
7859.000000;0.561238
7858.000000;0.561266
7857.000000;0.561394
7856.000000;0.561563
7855.000000;0.561701
7854.000000;0.561799
7853.000000;0.561921
7852.000000;0.562091
7851.000000;0.562213
7850.000000;0.562172
7849.000000;0.561983
7848.000000;0.561800
7847.000000;0.561749
7846.000000;0.561811
7845.000000;0.561869
7844.000000;0.561853
7843.000000;0.561808
7842.000000;0.561817
7841.000000;0.561900
7840.000000;0.561979
7839.000000;0.561959
7838.000000;0.561815
7837.000000;0.561603
7836.000000;0.561414
7835.000000;0.561340
7834.000000;0.561441
7833.000000;0.561698
7832.000000;0.561977
7831.000000;0.562100
7830.000000;0.562006
7829.000000;0.561805
7828.000000;0.561670
7827.000000;0.561667
7826.000000;0.561749
7825.000000;0.561854
7824.000000;0.561981
7823.000000;0.562146
7822.000000;0.562335
7821.000000;0.562499
7820.000000;0.562598
7819.000000;0.562619
7818.000000;0.562576
7817.000000;0.562495
7816.000000;0.562398
7815.000000;0.562306
7814.000000;0.562245
7813.000000;0.562224
7812.000000;0.562227
7811.000000;0.562229
7810.000000;0.562233
7809.000000;0.562246
7808.000000;0.562235
7807.000000;0.562157
7806.000000;0.562051
7805.000000;0.562048
7804.000000;0.562220
7803.000000;0.562465
7802.000000;0.562595
7801.000000;0.562527
7800.000000;0.562360
7799.000000;0.562252
7798.000000;0.562284
7797.000000;0.562430
7796.000000;0.562609
7795.000000;0.562738
7794.000000;0.562773
7793.000000;0.562744
7792.000000;0.562738
7791.000000;0.562853
7790.000000;0.563136
7789.000000;0.563543
7788.000000;0.563946
7787.000000;0.564195
7786.000000;0.564238
7785.000000;0.564156
7784.000000;0.564070
7783.000000;0.564010
7782.000000;0.563931
7781.000000;0.563826
7780.000000;0.563767
7779.000000;0.563814
7778.000000;0.563941
7777.000000;0.564088
7776.000000;0.564226
7775.000000;0.564339
7774.000000;0.564372
7773.000000;0.564298
7772.000000;0.564200
7771.000000;0.564237
7770.000000;0.564470
7769.000000;0.564790
7768.000000;0.565018
7767.000000;0.565080
7766.000000;0.565040
7765.000000;0.565005
7764.000000;0.565014
7763.000000;0.565039
7762.000000;0.565039
7761.000000;0.565026
7760.000000;0.565062
7759.000000;0.565202
7758.000000;0.565427
7757.000000;0.565645
7756.000000;0.565776
7755.000000;0.565835
7754.000000;0.565890
7753.000000;0.565960
7752.000000;0.565988
7751.000000;0.565958
7750.000000;0.565965
7749.000000;0.566114
7748.000000;0.566358
7747.000000;0.566503
7746.000000;0.566411
7745.000000;0.566141
7744.000000;0.565899
7743.000000;0.565866
7742.000000;0.566078
7741.000000;0.566435
7740.000000;0.566767
7739.000000;0.566939
7738.000000;0.566945
7737.000000;0.566897
7736.000000;0.566903
7735.000000;0.566958
7734.000000;0.566999
7733.000000;0.567005
7732.000000;0.567030
7731.000000;0.567109
7730.000000;0.567204
7729.000000;0.567251
7728.000000;0.567236
7727.000000;0.567207
7726.000000;0.567206
7725.000000;0.567228
7724.000000;0.567248
7723.000000;0.567272
7722.000000;0.567346
7721.000000;0.567509
7720.000000;0.567727
7719.000000;0.567916
7718.000000;0.568028
7717.000000;0.568107
7716.000000;0.568243
7715.000000;0.568461
7714.000000;0.568686
7713.000000;0.568812
7712.000000;0.568810
7711.000000;0.568756
7710.000000;0.568759
7709.000000;0.568857
7708.000000;0.568979
7707.000000;0.569009
7706.000000;0.568903
7705.000000;0.568735
7704.000000;0.568634
7703.000000;0.568691
7702.000000;0.568917
7701.000000;0.569257
7700.000000;0.569626
7699.000000;0.569946
7698.000000;0.570172
7697.000000;0.570305
7696.000000;0.570373
7695.000000;0.570409
7694.000000;0.570455
7693.000000;0.570536
7692.000000;0.570635
7691.000000;0.570681
7690.000000;0.570639
7689.000000;0.570568
7688.000000;0.570591
7687.000000;0.570777
7686.000000;0.571075
7685.000000;0.571376
7684.000000;0.571602
7683.000000;0.571746
7682.000000;0.571854
7681.000000;0.571984
7680.000000;0.572170
7679.000000;0.572396
7678.000000;0.572607
7677.000000;0.572765
7676.000000;0.572872
7675.000000;0.572937
7674.000000;0.572941
7673.000000;0.572875
7672.000000;0.572815
7671.000000;0.572895
7670.000000;0.573164
7669.000000;0.573481
7668.000000;0.573636
7667.000000;0.573579
7666.000000;0.573482
7665.000000;0.573536
7664.000000;0.573753
7663.000000;0.574015
7662.000000;0.574255
7661.000000;0.574494
7660.000000;0.574712
7659.000000;0.574798
7658.000000;0.574691
7657.000000;0.574497
7656.000000;0.574402
7655.000000;0.574503
7654.000000;0.574767
7653.000000;0.575113
7652.000000;0.575474
7651.000000;0.575801
7650.000000;0.576052
7649.000000;0.576214
7648.000000;0.576314
7647.000000;0.576399
7646.000000;0.576504
7645.000000;0.576632
7644.000000;0.576767
7643.000000;0.576920
7642.000000;0.577153
7641.000000;0.577519
7640.000000;0.577961
7639.000000;0.578319
7638.000000;0.578487
7637.000000;0.578514
7636.000000;0.578536
7635.000000;0.578640
7634.000000;0.578832
7633.000000;0.579082
7632.000000;0.579322
7631.000000;0.579452
7630.000000;0.579428
7629.000000;0.579355
7628.000000;0.579402
7627.000000;0.579611
7626.000000;0.579859
7625.000000;0.580032
7624.000000;0.580158
7623.000000;0.580330
7622.000000;0.580560
7621.000000;0.580776
7620.000000;0.580939
7619.000000;0.581091
7618.000000;0.581279
7617.000000;0.581490
7616.000000;0.581694
7615.000000;0.581903
7614.000000;0.582163
7613.000000;0.582468
7612.000000;0.582745
7611.000000;0.582923
7610.000000;0.583027
7609.000000;0.583166
7608.000000;0.583426
7607.000000;0.583797
7606.000000;0.584207
7605.000000;0.584596
7604.000000;0.584924
7603.000000;0.585159
7602.000000;0.585295
7601.000000;0.585394
7600.000000;0.585557
7599.000000;0.585839
7598.000000;0.586202
7597.000000;0.586537
7596.000000;0.586731
7595.000000;0.586741
7594.000000;0.586656
7593.000000;0.586658
7592.000000;0.586886
7591.000000;0.587320
7590.000000;0.587828
7589.000000;0.588301
7588.000000;0.588698
7587.000000;0.588994
7586.000000;0.589160
7585.000000;0.589221
7584.000000;0.589271
7583.000000;0.589392
7582.000000;0.589605
7581.000000;0.589889
7580.000000;0.590206
7579.000000;0.590495
7578.000000;0.590708
7577.000000;0.590877
7576.000000;0.591119
7575.000000;0.591500
7574.000000;0.591935
7573.000000;0.592268
7572.000000;0.592441
7571.000000;0.592529
7570.000000;0.592634
7569.000000;0.592806
7568.000000;0.593064
7567.000000;0.593437
7566.000000;0.593933
7565.000000;0.594499
7564.000000;0.595036
7563.000000;0.595453
7562.000000;0.595711
7561.000000;0.595847
7560.000000;0.595975
7559.000000;0.596209
7558.000000;0.596570
7557.000000;0.596970
7556.000000;0.597304
7555.000000;0.597549
7554.000000;0.597742
7553.000000;0.597902
7552.000000;0.598023
7551.000000;0.598135
7550.000000;0.598300
7549.000000;0.598538
7548.000000;0.598814
7547.000000;0.599124
7546.000000;0.599530
7545.000000;0.600059
7544.000000;0.600612
7543.000000;0.601060
7542.000000;0.601395
7541.000000;0.601710
7540.000000;0.602052
7539.000000;0.602383
7538.000000;0.602685
7537.000000;0.603003
7536.000000;0.603358
7535.000000;0.603703
7534.000000;0.604013
7533.000000;0.604330
7532.000000;0.604665
7531.000000;0.604936
7530.000000;0.605077
7529.000000;0.605156
7528.000000;0.605312
7527.000000;0.605609
7526.000000;0.606021
7525.000000;0.606519
7524.000000;0.607085
7523.000000;0.607654
7522.000000;0.608163
7521.000000;0.608622
7520.000000;0.609065
7519.000000;0.609433
7518.000000;0.609610
7517.000000;0.609613
7516.000000;0.609650
7515.000000;0.609941
7514.000000;0.610486
7513.000000;0.611088
7512.000000;0.611550
7511.000000;0.611852
7510.000000;0.612125
7509.000000;0.612483
7508.000000;0.612909
7507.000000;0.613317
7506.000000;0.613685
7505.000000;0.614078
7504.000000;0.614515
7503.000000;0.614910
7502.000000;0.615214
7501.000000;0.615497
7500.000000;0.615851
7499.000000;0.616233
7498.000000;0.616539
7497.000000;0.616779
7496.000000;0.617078
7495.000000;0.617503
7494.000000;0.618001
7493.000000;0.618499
7492.000000;0.618952
7491.000000;0.619304
7490.000000;0.619514
7489.000000;0.619663
7488.000000;0.619928
7487.000000;0.620399
7486.000000;0.620991
7485.000000;0.621573
7484.000000;0.622100
7483.000000;0.622571
7482.000000;0.622962
7481.000000;0.623257
7480.000000;0.623495
7479.000000;0.623731
7478.000000;0.623988
7477.000000;0.624295
7476.000000;0.624688
7475.000000;0.625151
7474.000000;0.625614
7473.000000;0.626080
7472.000000;0.626654
7471.000000;0.627390
7470.000000;0.628155
7469.000000;0.628743
7468.000000;0.629081
7467.000000;0.629263
7466.000000;0.629412
7465.000000;0.629585
7464.000000;0.629805
7463.000000;0.630109
7462.000000;0.630522
7461.000000;0.631016
7460.000000;0.631505
7459.000000;0.631908
7458.000000;0.632222
7457.000000;0.632538
7456.000000;0.632950
7455.000000;0.633452
7454.000000;0.633940
7453.000000;0.634335
7452.000000;0.634664
7451.000000;0.635020
7450.000000;0.635496
7449.000000;0.636120
7448.000000;0.636805
7447.000000;0.637352
7446.000000;0.637606
7445.000000;0.637631
7444.000000;0.637671
7443.000000;0.637903
7442.000000;0.638289
7441.000000;0.638691
7440.000000;0.639044
7439.000000;0.639380
7438.000000;0.639745
7437.000000;0.640171
7436.000000;0.640673
7435.000000;0.641218
7434.000000;0.641725
7433.000000;0.642125
7432.000000;0.642419
7431.000000;0.642662
7430.000000;0.642925
7429.000000;0.643272
7428.000000;0.643726
7427.000000;0.644226
7426.000000;0.644672
7425.000000;0.645039
7424.000000;0.645373
7423.000000;0.645658
7422.000000;0.645785
7421.000000;0.645710
7420.000000;0.645580
7419.000000;0.645617
7418.000000;0.645921
7417.000000;0.646434
7416.000000;0.647046
7415.000000;0.647704
7414.000000;0.648413
7413.000000;0.649147
7412.000000;0.649769
7411.000000;0.650105
7410.000000;0.650123
7409.000000;0.650005
7408.000000;0.649949
7407.000000;0.649944
7406.000000;0.649899
7405.000000;0.649910
7404.000000;0.650196
7403.000000;0.650786
7402.000000;0.651439
7401.000000;0.651859
7400.000000;0.651928
7399.000000;0.651761
7398.000000;0.651618
7397.000000;0.651685
7396.000000;0.651889
7395.000000;0.652003
7394.000000;0.652035
7393.000000;0.652320
7392.000000;0.653051
7391.000000;0.653943
7390.000000;0.654582
7389.000000;0.654913
7388.000000;0.655088
7387.000000;0.654982
7386.000000;0.654346
7385.000000;0.653418
7384.000000;0.652758
7383.000000;0.652375
7382.000000;0.651671
7381.000000;0.650571
7380.000000;0.650065
7379.000000;0.650979
7378.000000;0.652723
7377.000000;0.653962
7376.000000;0.654239
7375.000000;0.654349
7374.000000;0.655222
7373.000000;0.656891
7372.000000;0.658627
7371.000000;0.659643
7370.000000;0.659602
7369.000000;0.658783
7368.000000;0.657914
7367.000000;0.657588
7366.000000;0.657830
7365.000000;0.658418
7364.000000;0.659273
7363.000000;0.660178
7362.000000;0.660583
7361.000000;0.660238
7360.000000;0.659762
7359.000000;0.659873
7358.000000;0.660317
7357.000000;0.660139
7356.000000;0.659022
7355.000000;0.657754
7354.000000;0.657285
7353.000000;0.657754
7352.000000;0.658520
7351.000000;0.658624
7350.000000;0.657369
7349.000000;0.655121
7348.000000;0.653361
7347.000000;0.653227
7346.000000;0.654206
7345.000000;0.654981
7344.000000;0.655293
7343.000000;0.655893
7342.000000;0.656900
7341.000000;0.657485
7340.000000;0.657654
7339.000000;0.658876
7338.000000;0.662118
7337.000000;0.666353
7336.000000;0.669757
7335.000000;0.671329
7334.000000;0.671134
7333.000000;0.669898
7332.000000;0.668743
7331.000000;0.668395
7330.000000;0.668244
7329.000000;0.667149
7328.000000;0.665570
7327.000000;0.665760
7326.000000;0.668973
7325.000000;0.673605
7324.000000;0.677164
7323.000000;0.679068
7322.000000;0.680545
7321.000000;0.682383
7320.000000;0.684006
7319.000000;0.684589
7318.000000;0.683914
7317.000000;0.682319
7316.000000;0.680661
7315.000000;0.680000
7314.000000;0.680449
7313.000000;0.680694
7312.000000;0.679668
7311.000000;0.678273
7310.000000;0.678320
7309.000000;0.680017
7308.000000;0.681804
7307.000000;0.682615
7306.000000;0.683129
7305.000000;0.684426
7304.000000;0.686538
7303.000000;0.688900
7302.000000;0.691009
7301.000000;0.692250
7300.000000;0.692208
7299.000000;0.691718
7298.000000;0.692496
7297.000000;0.694993
7296.000000;0.697593
7295.000000;0.698653
7294.000000;0.698703
7293.000000;0.699725
7292.000000;0.702575
7291.000000;0.706098
7290.000000;0.708702
7289.000000;0.709872
7288.000000;0.710243
7287.000000;0.710802
7286.000000;0.712203
7285.000000;0.714351
7284.000000;0.716530
7283.000000;0.718152
7282.000000;0.719315
7281.000000;0.720488
7280.000000;0.721834
7279.000000;0.723118
7278.000000;0.724181
7277.000000;0.725168
7276.000000;0.726235
7275.000000;0.727322
7274.000000;0.728341
7273.000000;0.729432
7272.000000;0.730858
7271.000000;0.732703
7270.000000;0.734702
7269.000000;0.736404
7268.000000;0.737598
7267.000000;0.738568
7266.000000;0.739762
7265.000000;0.741202
7264.000000;0.742460
7263.000000;0.743360
7262.000000;0.744408
7261.000000;0.746274
7260.000000;0.748912
7259.000000;0.751593
7258.000000;0.753752
7257.000000;0.755379
7256.000000;0.756482
7255.000000;0.756740
7254.000000;0.756000
7253.000000;0.754941
7252.000000;0.754921
7251.000000;0.756740
7250.000000;0.759688
7249.000000;0.762222
7248.000000;0.763614
7247.000000;0.764558
7246.000000;0.765872
7245.000000;0.767039
7244.000000;0.766888
7243.000000;0.765743
7242.000000;0.765983
7241.000000;0.769672
7240.000000;0.776038
7239.000000;0.782229
7238.000000;0.786200
7237.000000;0.788141
7236.000000;0.789340
7235.000000;0.790432
7234.000000;0.791047
7233.000000;0.791060
7232.000000;0.791841
7231.000000;0.795383
7230.000000;0.802049
7229.000000;0.809950
7228.000000;0.816685
7227.000000;0.821200
7226.000000;0.824173
7225.000000;0.827008
7224.000000;0.830552
7223.000000;0.834570
7222.000000;0.838241
7221.000000;0.841089
7220.000000;0.843589
7219.000000;0.846804
7218.000000;0.851260
7217.000000;0.856315
7216.000000;0.860838
7215.000000;0.864465
7214.000000;0.867860
7213.000000;0.871735
7212.000000;0.876033
7211.000000;0.880256
7210.000000;0.884189
7209.000000;0.887925
7208.000000;0.891407
7207.000000;0.894348
7206.000000;0.896717
7205.000000;0.899153
7204.000000;0.902692
7203.000000;0.907967
7202.000000;0.914646
7201.000000;0.921697
7200.000000;0.928191
7199.000000;0.933909
7198.000000;0.939138
7197.000000;0.944038
7196.000000;0.948458
7195.000000;0.952404
7194.000000;0.956300
7193.000000;0.960494
7192.000000;0.964772
7191.000000;0.968764
7190.000000;0.972619
7189.000000;0.976758
7188.000000;0.981150
7187.000000;0.985460
7186.000000;0.989868
7185.000000;0.994966
7184.000000;1.000683
7183.000000;1.006092
7182.000000;1.010735
7181.000000;1.015611
7180.000000;1.022107
7179.000000;1.030200
7178.000000;1.038414
7177.000000;1.045393
7176.000000;1.050914
7175.000000;1.055588
7174.000000;1.060042
7173.000000;1.064528
7172.000000;1.068899
7171.000000;1.072852
7170.000000;1.076463
7169.000000;1.080325
7168.000000;1.085004
7167.000000;1.090562
7166.000000;1.096861
7165.000000;1.104000
7164.000000;1.111901
7163.000000;1.119744
7162.000000;1.126572
7161.000000;1.132632
7160.000000;1.139343
7159.000000;1.147532
7158.000000;1.156354
7157.000000;1.164433
7156.000000;1.171313
7155.000000;1.177481
7154.000000;1.183460
7153.000000;1.189344
7152.000000;1.194980
7151.000000;1.200250
7150.000000;1.205181
7149.000000;1.210025
7148.000000;1.215178
7147.000000;1.220723
7146.000000;1.226217
7145.000000;1.231347
7144.000000;1.236604
7143.000000;1.242735
7142.000000;1.249528
7141.000000;1.255878
7140.000000;1.261321
7139.000000;1.266875
7138.000000;1.273828
7137.000000;1.282208
7136.000000;1.290982
7135.000000;1.299353
7134.000000;1.307228
7133.000000;1.314640
7132.000000;1.321438
7131.000000;1.327619
7130.000000;1.333408
7129.000000;1.338894
7128.000000;1.343997
7127.000000;1.348930
7126.000000;1.354187
7125.000000;1.359770
7124.000000;1.364963
7123.000000;1.369305
7122.000000;1.373456
7121.000000;1.378450
7120.000000;1.384217
7119.000000;1.389574
7118.000000;1.393971
7117.000000;1.398548
7116.000000;1.404859
7115.000000;1.412921
7114.000000;1.421195
7113.000000;1.428265
7112.000000;1.433956
7111.000000;1.438911
7110.000000;1.443678
7109.000000;1.448423
7108.000000;1.453063
7107.000000;1.457503
7106.000000;1.461917
7105.000000;1.466865
7104.000000;1.472916
7103.000000;1.479925
7102.000000;1.486858
7101.000000;1.492614
7100.000000;1.497072
7099.000000;1.501082
7098.000000;1.505438
7097.000000;1.510102
7096.000000;1.514602
7095.000000;1.518879
7094.000000;1.523376
7093.000000;1.528359
7092.000000;1.533517
7091.000000;1.538319
7090.000000;1.542566
7089.000000;1.546493
7088.000000;1.550423
7087.000000;1.554489
7086.000000;1.558675
7085.000000;1.562935
7084.000000;1.567207
7083.000000;1.571390
7082.000000;1.575411
7081.000000;1.579343
7080.000000;1.583339
7079.000000;1.587378
7078.000000;1.591190
7077.000000;1.594576
7076.000000;1.597725
7075.000000;1.601060
7074.000000;1.604698
7073.000000;1.608224
7072.000000;1.611075
7071.000000;1.613124
7070.000000;1.614834
7069.000000;1.616911
7068.000000;1.619827
7067.000000;1.623581
7066.000000;1.627763
7065.000000;1.631816
7064.000000;1.635360
7063.000000;1.638459
7062.000000;1.641557
7061.000000;1.645013
7060.000000;1.648706
7059.000000;1.652190
7058.000000;1.655285
7057.000000;1.658352
7056.000000;1.661727
7055.000000;1.665009
7054.000000;1.667298
7053.000000;1.668256
7052.000000;1.668616
7051.000000;1.669432
7050.000000;1.671087
7049.000000;1.673188
7048.000000;1.675232
7047.000000;1.677086
7046.000000;1.678906
7045.000000;1.680864
7044.000000;1.683014
7043.000000;1.685275
7042.000000;1.687491
7041.000000;1.689575
7040.000000;1.691616
7039.000000;1.693732
7038.000000;1.695901
7037.000000;1.698007
7036.000000;1.699998
7035.000000;1.701861
7034.000000;1.703511
7033.000000;1.704843
7032.000000;1.705897
7031.000000;1.706850
7030.000000;1.707869
7029.000000;1.709069
7028.000000;1.710578
7027.000000;1.712462
7026.000000;1.714552
7025.000000;1.716500
7024.000000;1.718044
7023.000000;1.719149
7022.000000;1.719932
7021.000000;1.720607
7020.000000;1.721556
7019.000000;1.723199
7018.000000;1.725538
7017.000000;1.727869
7016.000000;1.729214
7015.000000;1.729250
7014.000000;1.728750
7013.000000;1.728945
7012.000000;1.730451
7011.000000;1.732839
7010.000000;1.735156
7009.000000;1.736706
7008.000000;1.737381
7007.000000;1.737540
7006.000000;1.737751
7005.000000;1.738449
7004.000000;1.739540
7003.000000;1.740400
7002.000000;1.740537
7001.000000;1.740196
7000.000000;1.740100
6999.000000;1.740665
6998.000000;1.741757
6997.000000;1.743106
6996.000000;1.744571
6995.000000;1.745913
6994.000000;1.746791
6993.000000;1.747206
6992.000000;1.747629
6991.000000;1.748409
6990.000000;1.749357
6989.000000;1.750155
6988.000000;1.750858
6987.000000;1.751654
6986.000000;1.752384
6985.000000;1.752760
6984.000000;1.752951
6983.000000;1.753487
6982.000000;1.754542
6981.000000;1.755657
6980.000000;1.756231
6979.000000;1.756061
6978.000000;1.755353
6977.000000;1.754489
6976.000000;1.753841
6975.000000;1.753543
6974.000000;1.753315
6973.000000;1.752799
6972.000000;1.752159
6971.000000;1.752019
6970.000000;1.752645
6969.000000;1.753500
6968.000000;1.753897
6967.000000;1.753894
6966.000000;1.754151
6965.000000;1.754999
6964.000000;1.756031
6963.000000;1.756671
6962.000000;1.756773
6961.000000;1.756519
6960.000000;1.756067
6959.000000;1.755579
6958.000000;1.755361
6957.000000;1.755598
6956.000000;1.756028
6955.000000;1.756275
6954.000000;1.756491
6953.000000;1.757205
6952.000000;1.758397
6951.000000;1.759176
6950.000000;1.758789
6949.000000;1.757694
6948.000000;1.757102
6947.000000;1.757565
6946.000000;1.758476
6945.000000;1.759003
6944.000000;1.759046
6943.000000;1.758962
6942.000000;1.758724
6941.000000;1.757850
6940.000000;1.756136
6939.000000;1.754123
6938.000000;1.752672
6937.000000;1.752219
6936.000000;1.752491
6935.000000;1.752881
6934.000000;1.752996
6933.000000;1.752837
6932.000000;1.752553
6931.000000;1.752205
6930.000000;1.751836
6929.000000;1.751611
6928.000000;1.751678
6927.000000;1.751924
6926.000000;1.751989
6925.000000;1.751558
6924.000000;1.750580
6923.000000;1.749251
6922.000000;1.747925
6921.000000;1.746981
6920.000000;1.746549
6919.000000;1.746322
6918.000000;1.745831
6917.000000;1.744990
6916.000000;1.744237
6915.000000;1.744062
6914.000000;1.744475
6913.000000;1.744984
6912.000000;1.745027
6911.000000;1.744400
6910.000000;1.743402
6909.000000;1.742531
6908.000000;1.741946
6907.000000;1.741325
6906.000000;1.740344
6905.000000;1.739169
6904.000000;1.738283
6903.000000;1.737870
6902.000000;1.737564
6901.000000;1.736840
6900.000000;1.735504
6899.000000;1.733855
6898.000000;1.732486
6897.000000;1.731848
6896.000000;1.731763
6895.000000;1.731462
6894.000000;1.730422
6893.000000;1.729155
6892.000000;1.728771
6891.000000;1.729657
6890.000000;1.730944
6889.000000;1.731482
6888.000000;1.731070
6887.000000;1.730448
6886.000000;1.730249
6885.000000;1.730289
6884.000000;1.729844
6883.000000;1.728425
6882.000000;1.726273
6881.000000;1.724173
6880.000000;1.722882
6879.000000;1.722627
6878.000000;1.723056
6877.000000;1.723564
6876.000000;1.723651
6875.000000;1.723119
6874.000000;1.722128
6873.000000;1.721023
6872.000000;1.719976
6871.000000;1.718899
6870.000000;1.717835
6869.000000;1.717230
6868.000000;1.717436
6867.000000;1.718009
6866.000000;1.717965
6865.000000;1.716870
6864.000000;1.715317
6863.000000;1.714164
6862.000000;1.713660
6861.000000;1.713479
6860.000000;1.713264
6859.000000;1.712841
6858.000000;1.712172
6857.000000;1.711426
6856.000000;1.710908
6855.000000;1.710668
6854.000000;1.710315
6853.000000;1.709470
6852.000000;1.708263
6851.000000;1.707124
6850.000000;1.706247
6849.000000;1.705522
6848.000000;1.704814
6847.000000;1.703996
6846.000000;1.702825
6845.000000;1.701103
6844.000000;1.698982
6843.000000;1.696869
6842.000000;1.695034
6841.000000;1.693478
6840.000000;1.692138
6839.000000;1.690952
6838.000000;1.689728
6837.000000;1.688215
6836.000000;1.686391
6835.000000;1.684508
6834.000000;1.682822
6833.000000;1.681390
6832.000000;1.680129
6831.000000;1.678926
6830.000000;1.677641
6829.000000;1.676169
6828.000000;1.674533
6827.000000;1.672802
6826.000000;1.670915
6825.000000;1.668740
6824.000000;1.666333
6823.000000;1.664009
6822.000000;1.662012
6821.000000;1.660217
6820.000000;1.658296
6819.000000;1.656147
6818.000000;1.654045
6817.000000;1.652305
6816.000000;1.650922
6815.000000;1.649631
6814.000000;1.648248
6813.000000;1.646791
6812.000000;1.645237
6811.000000;1.643384
6810.000000;1.641104
6809.000000;1.638561
6808.000000;1.635944
6807.000000;1.633111
6806.000000;1.629827
6805.000000;1.626317
6804.000000;1.623253
6803.000000;1.621064
6802.000000;1.619540
6801.000000;1.618234
6800.000000;1.616945
6799.000000;1.615578
6798.000000;1.613811
6797.000000;1.611309
6796.000000;1.608203
6795.000000;1.605041
6794.000000;1.602242
6793.000000;1.599836
6792.000000;1.597697
6791.000000;1.595749
6790.000000;1.593875
6789.000000;1.591839
6788.000000;1.589446
6787.000000;1.586702
6786.000000;1.583752
6785.000000;1.580760
6784.000000;1.577890
6783.000000;1.575303
6782.000000;1.573097
6781.000000;1.571233
6780.000000;1.569496
6779.000000;1.567485
6778.000000;1.564767
6777.000000;1.561227
6776.000000;1.557298
6775.000000;1.553687
6774.000000;1.550777
6773.000000;1.548365
6772.000000;1.546015
6771.000000;1.543565
6770.000000;1.541167
6769.000000;1.538889
6768.000000;1.536478
6767.000000;1.533644
6766.000000;1.530503
6765.000000;1.527572
6764.000000;1.525282
6763.000000;1.523548
6762.000000;1.521852
6761.000000;1.519700
6760.000000;1.516934
6759.000000;1.513719
6758.000000;1.510387
6757.000000;1.507301
6756.000000;1.504660
6755.000000;1.502333
6754.000000;1.499967
6753.000000;1.497337
6752.000000;1.494546
6751.000000;1.491833
6750.000000;1.489263
6749.000000;1.486698
6748.000000;1.484036
6747.000000;1.481345
6746.000000;1.478755
6745.000000;1.476311
6744.000000;1.473969
6743.000000;1.471682
6742.000000;1.469431
6741.000000;1.467181
6740.000000;1.464857
6739.000000;1.462390
6738.000000;1.459805
6737.000000;1.457226
6736.000000;1.454731
6735.000000;1.452226
6734.000000;1.449513
6733.000000;1.446527
6732.000000;1.443444
6731.000000;1.440518
6730.000000;1.437862
6729.000000;1.435398
6728.000000;1.432964
6727.000000;1.430430
6726.000000;1.427783
6725.000000;1.425160
6724.000000;1.422763
6723.000000;1.420666
6722.000000;1.418719
6721.000000;1.416673
6720.000000;1.414371
6719.000000;1.411781
6718.000000;1.408950
6717.000000;1.405953
6716.000000;1.402924
6715.000000;1.399999
6714.000000;1.397213
6713.000000;1.394536
6712.000000;1.392012
6711.000000;1.389731
6710.000000;1.387701
6709.000000;1.385803
6708.000000;1.383801
6707.000000;1.381414
6706.000000;1.378594
6705.000000;1.375529
6704.000000;1.372549
6703.000000;1.369886
6702.000000;1.367507
6701.000000;1.365177
6700.000000;1.362722
6699.000000;1.360180
6698.000000;1.357693
6697.000000;1.355311
6696.000000;1.352948
6695.000000;1.350508
6694.000000;1.347988
6693.000000;1.345452
6692.000000;1.342944
6691.000000;1.340450
6690.000000;1.337922
6689.000000;1.335340
6688.000000;1.332777
6687.000000;1.330404
6686.000000;1.328371
6685.000000;1.326623
6684.000000;1.324859
6683.000000;1.322744
6682.000000;1.320208
6681.000000;1.317502
6680.000000;1.314942
6679.000000;1.312617
6678.000000;1.310344
6677.000000;1.307869
6676.000000;1.305115
6675.000000;1.302258
6674.000000;1.299595
6673.000000;1.297303
6672.000000;1.295293
6671.000000;1.293280
6670.000000;1.291045
6669.000000;1.288617
6668.000000;1.286226
6667.000000;1.284064
6666.000000;1.282121
6665.000000;1.280211
6664.000000;1.278127
6663.000000;1.275788
6662.000000;1.273283
6661.000000;1.270799
6660.000000;1.268493
6659.000000;1.266382
6658.000000;1.264356
6657.000000;1.262265
6656.000000;1.260014
6655.000000;1.257580
6654.000000;1.254998
6653.000000;1.252357
6652.000000;1.249811
6651.000000;1.247531
6650.000000;1.245569
6649.000000;1.243767
6648.000000;1.241860
6647.000000;1.239706
6646.000000;1.237388
6645.000000;1.235071
6644.000000;1.232812
6643.000000;1.230575
6642.000000;1.228355
6641.000000;1.226197
6640.000000;1.224114
6639.000000;1.222055
6638.000000;1.219980
6637.000000;1.217881
6636.000000;1.215740
6635.000000;1.213543
6634.000000;1.211356
6633.000000;1.209298
6632.000000;1.207412
6631.000000;1.205609
6630.000000;1.203771
6629.000000;1.201837
6628.000000;1.199784
6627.000000;1.197631
6626.000000;1.195475
6625.000000;1.193439
6624.000000;1.191515
6623.000000;1.189550
6622.000000;1.187448
6621.000000;1.185292
6620.000000;1.183201
6619.000000;1.181160
6618.000000;1.179079
6617.000000;1.176958
6616.000000;1.174854
6615.000000;1.172768
6614.000000;1.170652
6613.000000;1.168521
6612.000000;1.166445
6611.000000;1.164443
6610.000000;1.162474
6609.000000;1.160508
6608.000000;1.158545
6607.000000;1.156583
6606.000000;1.154660
6605.000000;1.152884
6604.000000;1.151306
6603.000000;1.149806
6602.000000;1.148192
6601.000000;1.146425
6600.000000;1.144610
6599.000000;1.142798
6598.000000;1.140913
6597.000000;1.138905
6596.000000;1.136844
6595.000000;1.134808
6594.000000;1.132797
6593.000000;1.130815
6592.000000;1.128935
6591.000000;1.127190
6590.000000;1.125472
6589.000000;1.123640
6588.000000;1.121674
6587.000000;1.119681
6586.000000;1.117766
6585.000000;1.115974
6584.000000;1.114303
6583.000000;1.112718
6582.000000;1.111136
6581.000000;1.109468
6580.000000;1.107694
6579.000000;1.105854
6578.000000;1.103990
6577.000000;1.102111
6576.000000;1.100247
6575.000000;1.098492
6574.000000;1.096951
6573.000000;1.095629
6572.000000;1.094355
6571.000000;1.092888
6570.000000;1.091116
6569.000000;1.089146
6568.000000;1.087186
6567.000000;1.085362
6566.000000;1.083672
6565.000000;1.082078
6564.000000;1.080536
6563.000000;1.078978
6562.000000;1.077342
6561.000000;1.075633
6560.000000;1.073905
6559.000000;1.072166
6558.000000;1.070378
6557.000000;1.068577
6556.000000;1.066887
6555.000000;1.065378
6554.000000;1.063951
6553.000000;1.062435
6552.000000;1.060768
6551.000000;1.059039
6550.000000;1.057379
6549.000000;1.055835
6548.000000;1.054353
6547.000000;1.052841
6546.000000;1.051262
6545.000000;1.049674
6544.000000;1.048139
6543.000000;1.046614
6542.000000;1.044970
6541.000000;1.043164
6540.000000;1.041327
6539.000000;1.039658
6538.000000;1.038241
6537.000000;1.037011
6536.000000;1.035839
6535.000000;1.034606
6534.000000;1.033245
6533.000000;1.031764
6532.000000;1.030229
6531.000000;1.028688
6530.000000;1.027147
6529.000000;1.025616
6528.000000;1.024138
6527.000000;1.022722
6526.000000;1.021291
6525.000000;1.019760
6524.000000;1.018151
6523.000000;1.016571
6522.000000;1.015097
6521.000000;1.013727
6520.000000;1.012425
6519.000000;1.011161
6518.000000;1.009908
6517.000000;1.008640
6516.000000;1.007334
6515.000000;1.005960
6514.000000;1.004479
6513.000000;1.002889
6512.000000;1.001269
6511.000000;0.999711
6510.000000;0.998237
6509.000000;0.996824
6508.000000;0.995499
6507.000000;0.994324
6506.000000;0.993270
6505.000000;0.992197
6504.000000;0.990986
6503.000000;0.989663
6502.000000;0.988344
6501.000000;0.987095
6500.000000;0.985887
6499.000000;0.984660
6498.000000;0.983373
6497.000000;0.982018
6496.000000;0.980617
6495.000000;0.979224
6494.000000;0.977894
6493.000000;0.976635
6492.000000;0.975394
6491.000000;0.974099
6490.000000;0.972722
6489.000000;0.971308
6488.000000;0.969942
6487.000000;0.968676
6486.000000;0.967502
6485.000000;0.966386
6484.000000;0.965310
6483.000000;0.964247
6482.000000;0.963129
6481.000000;0.961895
6480.000000;0.960587
6479.000000;0.959327
6478.000000;0.958181
6477.000000;0.957093
6476.000000;0.955977
6475.000000;0.954814
6474.000000;0.953621
6473.000000;0.952374
6472.000000;0.951058
6471.000000;0.949746
6470.000000;0.948550
6469.000000;0.947478
6468.000000;0.946417
6467.000000;0.945279
6466.000000;0.944080
6465.000000;0.942877
6464.000000;0.941667
6463.000000;0.940421
6462.000000;0.939161
6461.000000;0.937954
6460.000000;0.936838
6459.000000;0.935787
6458.000000;0.934760
6457.000000;0.933731
6456.000000;0.932677
6455.000000;0.931580
6454.000000;0.930454
6453.000000;0.929347
6452.000000;0.928290
6451.000000;0.927259
6450.000000;0.926203
6449.000000;0.925114
6448.000000;0.924043
6447.000000;0.923028
6446.000000;0.922018
6445.000000;0.920894
6444.000000;0.919596
6443.000000;0.918214
6442.000000;0.916927
6441.000000;0.915851
6440.000000;0.914968
6439.000000;0.914178
6438.000000;0.913386
6437.000000;0.912532
6436.000000;0.911589
6435.000000;0.910581
6434.000000;0.909582
6433.000000;0.908649
6432.000000;0.907761
6431.000000;0.906849
6430.000000;0.905885
6429.000000;0.904905
6428.000000;0.903944
6427.000000;0.902978
6426.000000;0.901964
6425.000000;0.900900
6424.000000;0.899831
6423.000000;0.898795
6422.000000;0.897799
6421.000000;0.896846
6420.000000;0.895940
6419.000000;0.895069
6418.000000;0.894191
6417.000000;0.893274
6416.000000;0.892335
6415.000000;0.891414
6414.000000;0.890507
6413.000000;0.889561
6412.000000;0.888542
6411.000000;0.887492
6410.000000;0.886490
6409.000000;0.885556
6408.000000;0.884630
6407.000000;0.883659
6406.000000;0.882664
6405.000000;0.881718
6404.000000;0.880848
6403.000000;0.880002
6402.000000;0.879107
6401.000000;0.878141
6400.000000;0.877159
6399.000000;0.876244
6398.000000;0.875445
6397.000000;0.874731
6396.000000;0.874007
6395.000000;0.873180
6394.000000;0.872239
6393.000000;0.871274
6392.000000;0.870396
6391.000000;0.869633
6390.000000;0.868900
6389.000000;0.868090
6388.000000;0.867181
6387.000000;0.866236
6386.000000;0.865334
6385.000000;0.864511
6384.000000;0.863761
6383.000000;0.863056
6382.000000;0.862339
6381.000000;0.861554
6380.000000;0.860704
6379.000000;0.859862
6378.000000;0.859101
6377.000000;0.858399
6376.000000;0.857662
6375.000000;0.856823
6374.000000;0.855905
6373.000000;0.854993
6372.000000;0.854168
6371.000000;0.853462
6370.000000;0.852839
6369.000000;0.852199
6368.000000;0.851448
6367.000000;0.850579
6366.000000;0.849670
6365.000000;0.848813
6364.000000;0.848048
6363.000000;0.847358
6362.000000;0.846705
6361.000000;0.846038
6360.000000;0.845319
6359.000000;0.844547
6358.000000;0.843752
6357.000000;0.842959
6356.000000;0.842172
6355.000000;0.841403
6354.000000;0.840675
6353.000000;0.839998
6352.000000;0.839347
6351.000000;0.838695
6350.000000;0.838031
6349.000000;0.837358
6348.000000;0.836672
6347.000000;0.835975
6346.000000;0.835262
6345.000000;0.834510
6344.000000;0.833694
6343.000000;0.832842
6342.000000;0.832023
6341.000000;0.831273
6340.000000;0.830566
6339.000000;0.829861
6338.000000;0.829165
6337.000000;0.828507
6336.000000;0.827895
6335.000000;0.827318
6334.000000;0.826763
6333.000000;0.826200
6332.000000;0.825585
6331.000000;0.824910
6330.000000;0.824235
6329.000000;0.823634
6328.000000;0.823124
6327.000000;0.822661
6326.000000;0.822184
6325.000000;0.821625
6324.000000;0.820929
6323.000000;0.820103
6322.000000;0.819247
6321.000000;0.818480
6320.000000;0.817827
6319.000000;0.817209
6318.000000;0.816554
6317.000000;0.815877
6316.000000;0.815240
6315.000000;0.814664
6314.000000;0.814108
6313.000000;0.813517
6312.000000;0.812886
6311.000000;0.812268
6310.000000;0.811722
6309.000000;0.811250
6308.000000;0.810795
6307.000000;0.810286
6306.000000;0.809679
6305.000000;0.808975
6304.000000;0.808211
6303.000000;0.807463
6302.000000;0.806809
6301.000000;0.806261
6300.000000;0.805754
6299.000000;0.805219
6298.000000;0.804645
6297.000000;0.804076
6296.000000;0.803555
6295.000000;0.803080
6294.000000;0.802611
6293.000000;0.802097
6292.000000;0.801514
6291.000000;0.800899
6290.000000;0.800320
6289.000000;0.799804
6288.000000;0.799312
6287.000000;0.798796
6286.000000;0.798245
6285.000000;0.797680
6284.000000;0.797114
6283.000000;0.796560
6282.000000;0.796014
6281.000000;0.795445
6280.000000;0.794824
6279.000000;0.794180
6278.000000;0.793601
6277.000000;0.793122
6276.000000;0.792674
6275.000000;0.792177
6274.000000;0.791631
6273.000000;0.791094
6272.000000;0.790589
6271.000000;0.790108
6270.000000;0.789666
6269.000000;0.789284
6268.000000;0.788917
6267.000000;0.788481
6266.000000;0.787947
6265.000000;0.787376
6264.000000;0.786832
6263.000000;0.786321
6262.000000;0.785823
6261.000000;0.785336
6260.000000;0.784880
6259.000000;0.784461
6258.000000;0.784056
6257.000000;0.783617
6256.000000;0.783102
6255.000000;0.782523
6254.000000;0.781964
6253.000000;0.781508
6252.000000;0.781151
6251.000000;0.780815
6250.000000;0.780424
6249.000000;0.779954
6248.000000;0.779424
6247.000000;0.778873
6246.000000;0.778342
6245.000000;0.777860
6244.000000;0.777435
6243.000000;0.777063
6242.000000;0.776734
6241.000000;0.776401
6240.000000;0.775989
6239.000000;0.775465
6238.000000;0.774890
6237.000000;0.774354
6236.000000;0.773882
6235.000000;0.773444
6234.000000;0.773030
6233.000000;0.772657
6232.000000;0.772309
6231.000000;0.771939
6230.000000;0.771524
6229.000000;0.771095
6228.000000;0.770674
6227.000000;0.770243
6226.000000;0.769788
6225.000000;0.769319
6224.000000;0.768850
6223.000000;0.768372
6222.000000;0.767882
6221.000000;0.767404
6220.000000;0.766961
6219.000000;0.766548
6218.000000;0.766138
6217.000000;0.765716
6216.000000;0.765293
6215.000000;0.764895
6214.000000;0.764537
6213.000000;0.764197
6212.000000;0.763834
6211.000000;0.763448
6210.000000;0.763097
6209.000000;0.762816
6208.000000;0.762556
6207.000000;0.762231
6206.000000;0.761833
6205.000000;0.761421
6204.000000;0.761035
6203.000000;0.760652
6202.000000;0.760246
6201.000000;0.759829
6200.000000;0.759426
6199.000000;0.759047
6198.000000;0.758702
6197.000000;0.758405
6196.000000;0.758140
6195.000000;0.757862
6194.000000;0.757535
6193.000000;0.757158
6192.000000;0.756746
6191.000000;0.756309
6190.000000;0.755867
6189.000000;0.755444
6188.000000;0.755037
6187.000000;0.754618
6186.000000;0.754162
6185.000000;0.753665
6184.000000;0.753148
6183.000000;0.752667
6182.000000;0.752305
6181.000000;0.752092
6180.000000;0.751944
6179.000000;0.751725
6178.000000;0.751389
6177.000000;0.751010
6176.000000;0.750678
6175.000000;0.750405
6174.000000;0.750148
6173.000000;0.749872
6172.000000;0.749558
6171.000000;0.749191
6170.000000;0.748783
6169.000000;0.748379
6168.000000;0.748026
6167.000000;0.747730
6166.000000;0.747474
6165.000000;0.747239
6164.000000;0.747012
6163.000000;0.746780
6162.000000;0.746547
6161.000000;0.746316
6160.000000;0.746050
6159.000000;0.745699
6158.000000;0.745276
6157.000000;0.744863
6156.000000;0.744515
6155.000000;0.744193
6154.000000;0.743833
6153.000000;0.743435
6152.000000;0.743068
6151.000000;0.742774
6150.000000;0.742538
6149.000000;0.742319
6148.000000;0.742080
6147.000000;0.741800
6146.000000;0.741473
6145.000000;0.741130
6144.000000;0.740812
6143.000000;0.740531
6142.000000;0.740268
6141.000000;0.740002
6140.000000;0.739735
6139.000000;0.739472
6138.000000;0.739206
6137.000000;0.738921
6136.000000;0.738617
6135.000000;0.738314
6134.000000;0.738044
6133.000000;0.737823
6132.000000;0.737634
6131.000000;0.737431
6130.000000;0.737167
6129.000000;0.736823
6128.000000;0.736433
6127.000000;0.736071
6126.000000;0.735813
6125.000000;0.735673
6124.000000;0.735592
6123.000000;0.735479
6122.000000;0.735275
6121.000000;0.734974
6120.000000;0.734606
6119.000000;0.734217
6118.000000;0.733864
6117.000000;0.733581
6116.000000;0.733355
6115.000000;0.733137
6114.000000;0.732885
6113.000000;0.732600
6112.000000;0.732320
6111.000000;0.732079
6110.000000;0.731883
6109.000000;0.731695
6108.000000;0.731470
6107.000000;0.731197
6106.000000;0.730906
6105.000000;0.730630
6104.000000;0.730368
6103.000000;0.730113
6102.000000;0.729871
6101.000000;0.729648
6100.000000;0.729426
6099.000000;0.729182
6098.000000;0.728930
6097.000000;0.728721
6096.000000;0.728580
6095.000000;0.728475
6094.000000;0.728333
6093.000000;0.728102
6092.000000;0.727788
6091.000000;0.727453
6090.000000;0.727165
6089.000000;0.726938
6088.000000;0.726735
6087.000000;0.726531
6086.000000;0.726343
6085.000000;0.726186
6084.000000;0.726019
6083.000000;0.725790
6082.000000;0.725514
6081.000000;0.725258
6080.000000;0.725071
6079.000000;0.724944
6078.000000;0.724846
6077.000000;0.724748
6076.000000;0.724609
6075.000000;0.724388
6074.000000;0.724079
6073.000000;0.723731
6072.000000;0.723399
6071.000000;0.723102
6070.000000;0.722834
6069.000000;0.722588
6068.000000;0.722377
6067.000000;0.722221
6066.000000;0.722117
6065.000000;0.722026
6064.000000;0.721890
6063.000000;0.721686
6062.000000;0.721455
6061.000000;0.721255
6060.000000;0.721102
6059.000000;0.720970
6058.000000;0.720830
6057.000000;0.720671
6056.000000;0.720487
6055.000000;0.720272
6054.000000;0.720044
6053.000000;0.719828
6052.000000;0.719629
6051.000000;0.719428
6050.000000;0.719225
6049.000000;0.719035
6048.000000;0.718869
6047.000000;0.718715
6046.000000;0.718562
6045.000000;0.718407
6044.000000;0.718248
6043.000000;0.718096
6042.000000;0.717979
6041.000000;0.717907
6040.000000;0.717851
6039.000000;0.717759
6038.000000;0.717615
6037.000000;0.717447
6036.000000;0.717299
6035.000000;0.717196
6034.000000;0.717130
6033.000000;0.717056
6032.000000;0.716900
6031.000000;0.716632
6030.000000;0.716304
6029.000000;0.716007
6028.000000;0.715786
6027.000000;0.715625
6026.000000;0.715507
6025.000000;0.715434
6024.000000;0.715393
6023.000000;0.715354
6022.000000;0.715308
6021.000000;0.715282
6020.000000;0.715296
6019.000000;0.715322
6018.000000;0.715303
6017.000000;0.715203
6016.000000;0.715023
6015.000000;0.714801
6014.000000;0.714593
6013.000000;0.714433
6012.000000;0.714314
6011.000000;0.714210
6010.000000;0.714118
6009.000000;0.714063
6008.000000;0.714046
6007.000000;0.714029
6006.000000;0.713962
6005.000000;0.713822
6004.000000;0.713626
6003.000000;0.713412
6002.000000;0.713211
6001.000000;0.713036
6000.000000;0.712884
5999.000000;0.712763
5998.000000;0.712684
5997.000000;0.712634
5996.000000;0.712574
5995.000000;0.712495
5994.000000;0.712439
5993.000000;0.712439
5992.000000;0.712460
5991.000000;0.712440
5990.000000;0.712372
5989.000000;0.712298
5988.000000;0.712241
5987.000000;0.712185
5986.000000;0.712116
5985.000000;0.712037
5984.000000;0.711947
5983.000000;0.711849
5982.000000;0.711773
5981.000000;0.711760
5980.000000;0.711796
5979.000000;0.711827
5978.000000;0.711822
5977.000000;0.711799
5976.000000;0.711769
5975.000000;0.711706
5974.000000;0.711600
5973.000000;0.711479
5972.000000;0.711385
5971.000000;0.711330
5970.000000;0.711304
5969.000000;0.711299
5968.000000;0.711312
5967.000000;0.711340
5966.000000;0.711385
5965.000000;0.711443
5964.000000;0.711492
5963.000000;0.711503
5962.000000;0.711480
5961.000000;0.711460
5960.000000;0.711451
5959.000000;0.711417
5958.000000;0.711334
5957.000000;0.711240
5956.000000;0.711205
5955.000000;0.711262
5954.000000;0.711370
5953.000000;0.711463
5952.000000;0.711507
5951.000000;0.711521
5950.000000;0.711538
5949.000000;0.711556
5948.000000;0.711551
5947.000000;0.711522
5946.000000;0.711501
5945.000000;0.711503
5944.000000;0.711501
5943.000000;0.711462
5942.000000;0.711401
5941.000000;0.711355
5940.000000;0.711337
5939.000000;0.711339
5938.000000;0.711359
5937.000000;0.711400
5936.000000;0.711443
5935.000000;0.711471
5934.000000;0.711488
5933.000000;0.711510
5932.000000;0.711531
5931.000000;0.711550
5930.000000;0.711595
5929.000000;0.711685
5928.000000;0.711797
5927.000000;0.711887
5926.000000;0.711947
5925.000000;0.711992
5924.000000;0.712025
5923.000000;0.712046
5922.000000;0.712087
5921.000000;0.712176
5920.000000;0.712292
5919.000000;0.712390
5918.000000;0.712451
5917.000000;0.712475
5916.000000;0.712442
5915.000000;0.712354
5914.000000;0.712285
5913.000000;0.712308
5912.000000;0.712400
5911.000000;0.712476
5910.000000;0.712530
5909.000000;0.712641
5908.000000;0.712833
5907.000000;0.713020
5906.000000;0.713116
5905.000000;0.713130
5904.000000;0.713117
5903.000000;0.713103
5902.000000;0.713097
5901.000000;0.713130
5900.000000;0.713222
5899.000000;0.713348
5898.000000;0.713473
5897.000000;0.713593
5896.000000;0.713712
5895.000000;0.713823
5894.000000;0.713932
5893.000000;0.714069
5892.000000;0.714239
5891.000000;0.714394
5890.000000;0.714489
5889.000000;0.714532
5888.000000;0.714562
5887.000000;0.714607
5886.000000;0.714683
5885.000000;0.714795
5884.000000;0.714925
5883.000000;0.715032
5882.000000;0.715116
5881.000000;0.715228
5880.000000;0.715407
5879.000000;0.715620
5878.000000;0.715799
5877.000000;0.715917
5876.000000;0.715991
5875.000000;0.716047
5874.000000;0.716104
5873.000000;0.716174
5872.000000;0.716254
5871.000000;0.716331
5870.000000;0.716413
5869.000000;0.716542
5868.000000;0.716756
5867.000000;0.717051
5866.000000;0.717384
5865.000000;0.717705
5864.000000;0.717962
5863.000000;0.718128
5862.000000;0.718239
5861.000000;0.718375
5860.000000;0.718589
5859.000000;0.718854
5858.000000;0.719111
5857.000000;0.719343
5856.000000;0.719579
5855.000000;0.719842
5854.000000;0.720117
5853.000000;0.720357
5852.000000;0.720526
5851.000000;0.720635
5850.000000;0.720758
5849.000000;0.720968
5848.000000;0.721258
5847.000000;0.721540
5846.000000;0.721747
5845.000000;0.721906
5844.000000;0.722078
5843.000000;0.722286
5842.000000;0.722509
5841.000000;0.722743
5840.000000;0.723004
5839.000000;0.723289
5838.000000;0.723577
5837.000000;0.723867
5836.000000;0.724184
5835.000000;0.724533
5834.000000;0.724879
5833.000000;0.725179
5832.000000;0.725425
5831.000000;0.725654
5830.000000;0.725901
5829.000000;0.726171
5828.000000;0.726440
5827.000000;0.726684
5826.000000;0.726913
5825.000000;0.727156
5824.000000;0.727432
5823.000000;0.727736
5822.000000;0.728041
5821.000000;0.728326
5820.000000;0.728595
5819.000000;0.728886
5818.000000;0.729235
5817.000000;0.729632
5816.000000;0.730008
5815.000000;0.730303
5814.000000;0.730530
5813.000000;0.730769
5812.000000;0.731080
5811.000000;0.731455
5810.000000;0.731836
5809.000000;0.732174
5808.000000;0.732465
5807.000000;0.732748
5806.000000;0.733075
5805.000000;0.733458
5804.000000;0.733859
5803.000000;0.734238
5802.000000;0.734609
5801.000000;0.735007
5800.000000;0.735432
5799.000000;0.735837
5798.000000;0.736192
5797.000000;0.736525
5796.000000;0.736875
5795.000000;0.737252
5794.000000;0.737637
5793.000000;0.738017
5792.000000;0.738402
5791.000000;0.738825
5790.000000;0.739318
5789.000000;0.739873
5788.000000;0.740430
5787.000000;0.740921
5786.000000;0.741338
5785.000000;0.741737
5784.000000;0.742173
5783.000000;0.742656
5782.000000;0.743150
5781.000000;0.743609
5780.000000;0.743998
5779.000000;0.744323
5778.000000;0.744631
5777.000000;0.744976
5776.000000;0.745380
5775.000000;0.745822
5774.000000;0.746284
5773.000000;0.746766
5772.000000;0.747270
5771.000000;0.747787
5770.000000;0.748310
5769.000000;0.748832
5768.000000;0.749347
5767.000000;0.749862
5766.000000;0.750404
5765.000000;0.750984
5764.000000;0.751567
5763.000000;0.752103
5762.000000;0.752582
5761.000000;0.753039
5760.000000;0.753503
5759.000000;0.753973
5758.000000;0.754453
5757.000000;0.754970
5756.000000;0.755541
5755.000000;0.756151
5754.000000;0.756769
5753.000000;0.757379
5752.000000;0.757978
5751.000000;0.758572
5750.000000;0.759180
5749.000000;0.759820
5748.000000;0.760486
5747.000000;0.761151
5746.000000;0.761801
5745.000000;0.762439
5744.000000;0.763075
5743.000000;0.763716
5742.000000;0.764371
5741.000000;0.765031
5740.000000;0.765658
5739.000000;0.766223
5738.000000;0.766746
5737.000000;0.767293
5736.000000;0.767903
5735.000000;0.768571
5734.000000;0.769276
5733.000000;0.770005
5732.000000;0.770738
5731.000000;0.771441
5730.000000;0.772089
5729.000000;0.772691
5728.000000;0.773277
5727.000000;0.773881
5726.000000;0.774526
5725.000000;0.775222
5724.000000;0.775941
5723.000000;0.776640
5722.000000;0.777297
5721.000000;0.777936
5720.000000;0.778600
5719.000000;0.779317
5718.000000;0.780083
5717.000000;0.780859
5716.000000;0.781607
5715.000000;0.782322
5714.000000;0.783037
5713.000000;0.783770
5712.000000;0.784500
5711.000000;0.785200
5710.000000;0.785877
5709.000000;0.786568
5708.000000;0.787302
5707.000000;0.788101
5706.000000;0.788996
5705.000000;0.789986
5704.000000;0.791011
5703.000000;0.791961
5702.000000;0.792762
5701.000000;0.793469
5700.000000;0.794156
5699.000000;0.794887
5698.000000;0.795680
5697.000000;0.796511
5696.000000;0.797328
5695.000000;0.798094
5694.000000;0.798826
5693.000000;0.799567
5692.000000;0.800326
5691.000000;0.801076
5690.000000;0.801801
5689.000000;0.802539
5688.000000;0.803341
5687.000000;0.804226
5686.000000;0.805166
5685.000000;0.806101
5684.000000;0.806964
5683.000000;0.807728
5682.000000;0.808435
5681.000000;0.809158
5680.000000;0.809932
5679.000000;0.810732
5678.000000;0.811526
5677.000000;0.812323
5676.000000;0.813148
5675.000000;0.814004
5674.000000;0.814857
5673.000000;0.815665
5672.000000;0.816418
5671.000000;0.817150
5670.000000;0.817922
5669.000000;0.818765
5668.000000;0.819659
5667.000000;0.820553
5666.000000;0.821406
5665.000000;0.822201
5664.000000;0.822927
5663.000000;0.823595
5662.000000;0.824250
5661.000000;0.824948
5660.000000;0.825715
5659.000000;0.826533
5658.000000;0.827372
5657.000000;0.828204
5656.000000;0.829010
5655.000000;0.829788
5654.000000;0.830549
5653.000000;0.831291
5652.000000;0.831994
5651.000000;0.832666
5650.000000;0.833348
5649.000000;0.834071
5648.000000;0.834810
5647.000000;0.835523
5646.000000;0.836207
5645.000000;0.836889
5644.000000;0.837580
5643.000000;0.838264
5642.000000;0.838928
5641.000000;0.839575
5640.000000;0.840210
5639.000000;0.840848
5638.000000;0.841521
5637.000000;0.842241
5636.000000;0.842979
5635.000000;0.843699
5634.000000;0.844403
5633.000000;0.845097
5632.000000;0.845764
5631.000000;0.846379
5630.000000;0.846956
5629.000000;0.847527
5628.000000;0.848100
5627.000000;0.848675
5626.000000;0.849271
5625.000000;0.849894
5624.000000;0.850494
5623.000000;0.851005
5622.000000;0.851433
5621.000000;0.851845
5620.000000;0.852297
5619.000000;0.852798
5618.000000;0.853346
5617.000000;0.853933
5616.000000;0.854519
5615.000000;0.855053
5614.000000;0.855536
5613.000000;0.856010
5612.000000;0.856478
5611.000000;0.856890
5610.000000;0.857215
5609.000000;0.857479
5608.000000;0.857730
5607.000000;0.857994
5606.000000;0.858281
5605.000000;0.858588
5604.000000;0.858906
5603.000000;0.859238
5602.000000;0.859621
5601.000000;0.860075
5600.000000;0.860557
5599.000000;0.860994
5598.000000;0.861365
5597.000000;0.861704
5596.000000;0.862032
5595.000000;0.862342
5594.000000;0.862635
5593.000000;0.862922
5592.000000;0.863189
5591.000000;0.863406
5590.000000;0.863589
5589.000000;0.863797
5588.000000;0.864055
5587.000000;0.864335
5586.000000;0.864591
5585.000000;0.864794
5584.000000;0.864918
5583.000000;0.864964
5582.000000;0.865001
5581.000000;0.865126
5580.000000;0.865365
5579.000000;0.865651
5578.000000;0.865893
5577.000000;0.866054
5576.000000;0.866164
5575.000000;0.866301
5574.000000;0.866551
5573.000000;0.866910
5572.000000;0.867246
5571.000000;0.867419
5570.000000;0.867446
5569.000000;0.867465
5568.000000;0.867545
5567.000000;0.867607
5566.000000;0.867568
5565.000000;0.867471
5564.000000;0.867438
5563.000000;0.867551
5562.000000;0.867811
5561.000000;0.868159
5560.000000;0.868493
5559.000000;0.868693
5558.000000;0.868704
5557.000000;0.868567
5556.000000;0.868367
5555.000000;0.868164
5554.000000;0.867987
5553.000000;0.867849
5552.000000;0.867765
5551.000000;0.867752
5550.000000;0.867829
5549.000000;0.867996
5548.000000;0.868216
5547.000000;0.868440
5546.000000;0.868652
5545.000000;0.868854
5544.000000;0.869010
5543.000000;0.869051
5542.000000;0.868941
5541.000000;0.868716
5540.000000;0.868458
5539.000000;0.868229
5538.000000;0.868055
5537.000000;0.867955
5536.000000;0.867967
5535.000000;0.868117
5534.000000;0.868364
5533.000000;0.868605
5532.000000;0.868763
5531.000000;0.868862
5530.000000;0.868987
5529.000000;0.869166
5528.000000;0.869318
5527.000000;0.869336
5526.000000;0.869201
5525.000000;0.868967
5524.000000;0.868703
5523.000000;0.868461
5522.000000;0.868289
5521.000000;0.868235
5520.000000;0.868306
5519.000000;0.868460
5518.000000;0.868627
5517.000000;0.868765
5516.000000;0.868927
5515.000000;0.869197
5514.000000;0.869504
5513.000000;0.869587
5512.000000;0.869253
5511.000000;0.868612
5510.000000;0.867981
5509.000000;0.867577
5508.000000;0.867439
5507.000000;0.867616
5506.000000;0.868202
5505.000000;0.869067
5504.000000;0.869812
5503.000000;0.870084
5502.000000;0.869888
5501.000000;0.869512
5500.000000;0.869123
5499.000000;0.868601
5498.000000;0.867820
5497.000000;0.866904
5496.000000;0.866114
5495.000000;0.865551
5494.000000;0.865149
5493.000000;0.864989
5492.000000;0.865373
5491.000000;0.866434
5490.000000;0.867867
5489.000000;0.869238
5488.000000;0.870435
5487.000000;0.871632
5486.000000;0.872778
5485.000000;0.873366
5484.000000;0.873009
5483.000000;0.871988
5482.000000;0.870867
5481.000000;0.869829
5480.000000;0.868753
5479.000000;0.867827
5478.000000;0.867494
5477.000000;0.867812
5476.000000;0.868473
5475.000000;0.869488
5474.000000;0.871153
5473.000000;0.873238
5472.000000;0.874898
5471.000000;0.875471
5470.000000;0.875006
5469.000000;0.874085
5468.000000;0.873290
5467.000000;0.872893
5466.000000;0.872909
5465.000000;0.873229
5464.000000;0.873784
5463.000000;0.874632
5462.000000;0.875806
5461.000000;0.877206
5460.000000;0.878688
5459.000000;0.880154
5458.000000;0.881492
5457.000000;0.882503
5456.000000;0.882940
5455.000000;0.882687
5454.000000;0.881946
5453.000000;0.881087
5452.000000;0.880269
5451.000000;0.879265
5450.000000;0.877926
5449.000000;0.876732
5448.000000;0.876384
5447.000000;0.876956
5446.000000;0.877947
5445.000000;0.879075
5444.000000;0.880530
5443.000000;0.882418
5442.000000;0.884396
5441.000000;0.886093
5440.000000;0.887570
5439.000000;0.888984
5438.000000;0.890164
5437.000000;0.890857
5436.000000;0.891094
5435.000000;0.891261
5434.000000;0.891931
5433.000000;0.893450
5432.000000;0.895690
5431.000000;0.898148
5430.000000;0.900407
5429.000000;0.902704
5428.000000;0.905711
5427.000000;0.909622
5426.000000;0.913851
5425.000000;0.917557
5424.000000;0.920128
5423.000000;0.921403
5422.000000;0.921687
5421.000000;0.921352
5420.000000;0.920512
5419.000000;0.919207
5418.000000;0.917826
5417.000000;0.917020
5416.000000;0.917072
5415.000000;0.917833
5414.000000;0.919456
5413.000000;0.922569
5412.000000;0.927331
5411.000000;0.932924
5410.000000;0.938364
5409.000000;0.943360
5408.000000;0.948028
5407.000000;0.952235
5406.000000;0.955620
5405.000000;0.958152
5404.000000;0.960139
5403.000000;0.961706
5402.000000;0.962879
5401.000000;0.963908
5400.000000;0.965108
5399.000000;0.966603
5398.000000;0.968531
5397.000000;0.971224
5396.000000;0.974720
5395.000000;0.978526
5394.000000;0.982336
5393.000000;0.986466
5392.000000;0.991238
5391.000000;0.996271
5390.000000;1.000958
5389.000000;1.005329
5388.000000;1.009831
5387.000000;1.014415
5386.000000;1.018615
5385.000000;1.022520
5384.000000;1.026712
5383.000000;1.031295
5382.000000;1.035779
5381.000000;1.039974
5380.000000;1.044347
5379.000000;1.049327
5378.000000;1.054863
5377.000000;1.061067
5376.000000;1.068464
5375.000000;1.077114
5374.000000;1.086210
5373.000000;1.094863
5372.000000;1.102855
5371.000000;1.110397
5370.000000;1.117614
5369.000000;1.124530
5368.000000;1.131357
5367.000000;1.138407
5366.000000;1.145825
5365.000000;1.153634
5364.000000;1.161762
5363.000000;1.169984
5362.000000;1.178080
5361.000000;1.186084
5360.000000;1.194165
5359.000000;1.202208
5358.000000;1.210038
5357.000000;1.218032
5356.000000;1.226908
5355.000000;1.236778
5354.000000;1.247053
5353.000000;1.257451
5352.000000;1.268371
5351.000000;1.280086
5350.000000;1.292141
5349.000000;1.303879
5348.000000;1.315296
5347.000000;1.327035
5346.000000;1.339601
5345.000000;1.353158
5344.000000;1.367928
5343.000000;1.383985
5342.000000;1.400806
5341.000000;1.417729
5340.000000;1.434628
5339.000000;1.452013
5338.000000;1.470543
5337.000000;1.490166
5336.000000;1.510117
5335.000000;1.529848
5334.000000;1.549443
5333.000000;1.569204
5332.000000;1.589317
5331.000000;1.609975
5330.000000;1.631426
5329.000000;1.653717
5328.000000;1.676704
5327.000000;1.700558
5326.000000;1.725538
5325.000000;1.751138
5324.000000;1.776243
5323.000000;1.800376
5322.000000;1.824179
5321.000000;1.848458
5320.000000;1.873368
5319.000000;1.898823
5318.000000;1.924969
5317.000000;1.951679
5316.000000;1.978440
5315.000000;2.005265
5314.000000;2.032792
5313.000000;2.060975
5312.000000;2.088790
5311.000000;2.115951
5310.000000;2.143624
5309.000000;2.172422
5308.000000;2.201087
5307.000000;2.228354
5306.000000;2.254804
5305.000000;2.281458
5304.000000;2.308094
5303.000000;2.334437
5302.000000;2.361177
5301.000000;2.388092
5300.000000;2.413044
5299.000000;2.435040
5298.000000;2.456324
5297.000000;2.478878
5296.000000;2.501104
5295.000000;2.520485
5294.000000;2.537276
5293.000000;2.552907
5292.000000;2.567167
5291.000000;2.579773
5290.000000;2.592088
5289.000000;2.604544
5288.000000;2.615359
5287.000000;2.624221
5286.000000;2.633475
5285.000000;2.643400
5284.000000;2.650594
5283.000000;2.654017
5282.000000;2.657949
5281.000000;2.665600
5280.000000;2.674606
5279.000000;2.681690
5278.000000;2.687546
5277.000000;2.693580
5276.000000;2.698175
5275.000000;2.700268
5274.000000;2.702167
5273.000000;2.704823
5272.000000;2.704719
5271.000000;2.699599
5270.000000;2.693472
5269.000000;2.691476
5268.000000;2.693799
5267.000000;2.697927
5266.000000;2.702760
5265.000000;2.706882
5264.000000;2.707133
5263.000000;2.703499
5262.000000;2.701180
5261.000000;2.703532
5260.000000;2.707255
5259.000000;2.707965
5258.000000;2.706649
5257.000000;2.706767
5256.000000;2.708334
5255.000000;2.708864
5254.000000;2.707442
5253.000000;2.704511
5252.000000;2.700185
5251.000000;2.695614
5250.000000;2.693404
5249.000000;2.694333
5248.000000;2.696039
5247.000000;2.696873
5246.000000;2.698297
5245.000000;2.700872
5244.000000;2.701682
5243.000000;2.699075
5242.000000;2.695950
5241.000000;2.695105
5240.000000;2.695463
5239.000000;2.695542
5238.000000;2.696613
5237.000000;2.699383
5236.000000;2.700889
5235.000000;2.698295
5234.000000;2.693389
5233.000000;2.689936
5232.000000;2.688945
5231.000000;2.689238
5230.000000;2.690367
5229.000000;2.692349
5228.000000;2.694328
5227.000000;2.695704
5226.000000;2.696850
5225.000000;2.697189
5224.000000;2.695198
5223.000000;2.691960
5222.000000;2.691072
5221.000000;2.693119
5220.000000;2.693971
5219.000000;2.690890
5218.000000;2.687007
5217.000000;2.686305
5216.000000;2.687467
5215.000000;2.686279
5214.000000;2.681843
5213.000000;2.676685
5212.000000;2.672674
5211.000000;2.670606
5210.000000;2.671811
5209.000000;2.676630
5208.000000;2.682726
5207.000000;2.687748
5206.000000;2.692152
5205.000000;2.696855
5204.000000;2.700617
5203.000000;2.702565
5202.000000;2.704445
5201.000000;2.707306
5200.000000;2.708339
5199.000000;2.704361
5198.000000;2.696923
5197.000000;2.690457
5196.000000;2.687013
5195.000000;2.685931
5194.000000;2.686761
5193.000000;2.688974
5192.000000;2.689892
5191.000000;2.686638
5190.000000;2.680438
5189.000000;2.676209
5188.000000;2.677566
5187.000000;2.683771
5186.000000;2.691070
5185.000000;2.695949
5184.000000;2.697571
5183.000000;2.697806
5182.000000;2.698792
5181.000000;2.700446
5180.000000;2.700925
5179.000000;2.699221
5178.000000;2.695917
5177.000000;2.691793
5176.000000;2.688000
5175.000000;2.687238
5174.000000;2.691737
5173.000000;2.699547
5172.000000;2.705510
5171.000000;2.707096
5170.000000;2.706254
5169.000000;2.704316
5168.000000;2.699651
5167.000000;2.692255
5166.000000;2.686231
5165.000000;2.685237
5164.000000;2.688548
5163.000000;2.693099
5162.000000;2.696933
5161.000000;2.698993
5160.000000;2.698182
5159.000000;2.695257
5158.000000;2.693370
5157.000000;2.694395
5156.000000;2.696739
5155.000000;2.698687
5154.000000;2.700937
5153.000000;2.703626
5152.000000;2.704422
5151.000000;2.702099
5150.000000;2.699103
5149.000000;2.698008
5148.000000;2.698003
5147.000000;2.697491
5146.000000;2.697702
5145.000000;2.700502
5144.000000;2.704306
5143.000000;2.705373
5142.000000;2.702534
5141.000000;2.697965
5140.000000;2.694097
5139.000000;2.692156
5138.000000;2.692504
5137.000000;2.694317
5136.000000;2.695751
5135.000000;2.695902
5134.000000;2.695735
5133.000000;2.696051
5132.000000;2.696134
5131.000000;2.695487
5130.000000;2.694857
5129.000000;2.694252
5128.000000;2.692110
5127.000000;2.687893
5126.000000;2.683375
5125.000000;2.679984
5124.000000;2.677276
5123.000000;2.675324
5122.000000;2.675847
5121.000000;2.678803
5120.000000;2.680012
5119.000000;2.675360
5118.000000;2.666492
5117.000000;2.659098
5116.000000;2.656922
5115.000000;2.659705
5114.000000;2.664913
5113.000000;2.669469
5112.000000;2.671191
5111.000000;2.670445
5110.000000;2.669541
5109.000000;2.669521
5108.000000;2.669113
5107.000000;2.667689
5106.000000;2.666807
5105.000000;2.667445
5104.000000;2.668097
5103.000000;2.667367
5102.000000;2.666469
5101.000000;2.666974
5100.000000;2.668063
5099.000000;2.668239
5098.000000;2.667853
5097.000000;2.667945
5096.000000;2.668041
5095.000000;2.667051
5094.000000;2.665345
5093.000000;2.663966
5092.000000;2.662590
5091.000000;2.660058
5090.000000;2.656295
5089.000000;2.652434
5088.000000;2.649854
5087.000000;2.650141
5086.000000;2.654730
5085.000000;2.663073
5084.000000;2.671994
5083.000000;2.678250
5082.000000;2.681067
5081.000000;2.681200
5080.000000;2.679224
5079.000000;2.676119
5078.000000;2.673550
5077.000000;2.671955
5076.000000;2.670091
5075.000000;2.667394
5074.000000;2.664847
5073.000000;2.662978
5072.000000;2.661167
5071.000000;2.659705
5070.000000;2.660271
5069.000000;2.663066
5068.000000;2.665805
5067.000000;2.666959
5066.000000;2.667319
5065.000000;2.666876
5064.000000;2.663558
5063.000000;2.657264
5062.000000;2.652016
5061.000000;2.651298
5060.000000;2.653437
5059.000000;2.654011
5058.000000;2.651479
5057.000000;2.647731
5056.000000;2.644500
5055.000000;2.642490
5054.000000;2.642647
5053.000000;2.645007
5052.000000;2.647238
5051.000000;2.647251
5050.000000;2.646546
5049.000000;2.648310
5048.000000;2.652781
5047.000000;2.657033
5046.000000;2.659028
5045.000000;2.659375
5044.000000;2.659125
5043.000000;2.658362
5042.000000;2.657180
5041.000000;2.655865
5040.000000;2.653869
5039.000000;2.650454
5038.000000;2.646356
5037.000000;2.643434
5036.000000;2.642983
5035.000000;2.645379
5034.000000;2.650417
5033.000000;2.656451
5032.000000;2.660404
5031.000000;2.660804
5030.000000;2.659672
5029.000000;2.659147
5028.000000;2.657664
5027.000000;2.652237
5026.000000;2.643695
5025.000000;2.636236
5024.000000;2.632029
5023.000000;2.629314
5022.000000;2.625887
5021.000000;2.621887
5020.000000;2.618458
5019.000000;2.615823
5018.000000;2.613661
5017.000000;2.611963
5016.000000;2.610645
5015.000000;2.609356
5014.000000;2.608313
5013.000000;2.608432
5012.000000;2.610075
5011.000000;2.612203
5010.000000;2.612942
5009.000000;2.610687
5008.000000;2.604979
5007.000000;2.597191
5006.000000;2.590210
5005.000000;2.586613
5004.000000;2.586764
5003.000000;2.588720
5002.000000;2.589765
5001.000000;2.587954
5000.000000;2.582828
4999.000000;2.575575
4998.000000;2.568465
4997.000000;2.563281
4996.000000;2.559889
4995.000000;2.556519
4994.000000;2.551736
4993.000000;2.545877
4992.000000;2.540486
4991.000000;2.536676
4990.000000;2.534157
4989.000000;2.531791
4988.000000;2.529045
4987.000000;2.526702
4986.000000;2.525834
4985.000000;2.526187
4984.000000;2.526107
4983.000000;2.524200
4982.000000;2.520582
4981.000000;2.516266
4980.000000;2.511956
4979.000000;2.507792
4978.000000;2.503860
4977.000000;2.500547
4976.000000;2.498326
4975.000000;2.497105
4974.000000;2.495693
4973.000000;2.492468
4972.000000;2.487191
4971.000000;2.481531
4970.000000;2.476944
4969.000000;2.472875
4968.000000;2.467882
4967.000000;2.461713
4966.000000;2.455073
4965.000000;2.448117
4964.000000;2.440936
4963.000000;2.435061
4962.000000;2.432370
4961.000000;2.432256
4960.000000;2.431682
4959.000000;2.428766
4958.000000;2.424723
4957.000000;2.421355
4956.000000;2.418458
4955.000000;2.414935
4954.000000;2.410858
4953.000000;2.406848
4952.000000;2.402496
4951.000000;2.397095
4950.000000;2.391274
4949.000000;2.386345
4948.000000;2.382334
4947.000000;2.377949
4946.000000;2.372370
4945.000000;2.366244
4944.000000;2.360763
4943.000000;2.356284
4942.000000;2.352012
4941.000000;2.346975
4940.000000;2.341388
4939.000000;2.336772
4938.000000;2.334151
4937.000000;2.332274
4936.000000;2.328576
4935.000000;2.322238
4934.000000;2.315202
4933.000000;2.309682
4932.000000;2.305880
4931.000000;2.302668
4930.000000;2.299326
4929.000000;2.295537
4928.000000;2.290545
4927.000000;2.283793
4926.000000;2.276087
4925.000000;2.268909
4924.000000;2.262698
4923.000000;2.256708
4922.000000;2.250501
4921.000000;2.244676
4920.000000;2.239989
4919.000000;2.236404
4918.000000;2.233225
4917.000000;2.229743
4916.000000;2.225601
4915.000000;2.220802
4914.000000;2.215470
4913.000000;2.209630
4912.000000;2.203390
4911.000000;2.197314
4910.000000;2.192153
4909.000000;2.187945
4908.000000;2.183769
4907.000000;2.178748
4906.000000;2.173035
4905.000000;2.167432
4904.000000;2.162353
4903.000000;2.157603
4902.000000;2.152948
4901.000000;2.148449
4900.000000;2.144337
4899.000000;2.140876
4898.000000;2.138138
4897.000000;2.135591
4896.000000;2.132166
4895.000000;2.127177
4894.000000;2.121158
4893.000000;2.115370
4892.000000;2.110518
4891.000000;2.106262
4890.000000;2.101870
4889.000000;2.097026
4888.000000;2.091961
4887.000000;2.087045
4886.000000;2.082355
4885.000000;2.077594
4884.000000;2.072430
4883.000000;2.066901
4882.000000;2.061428
4881.000000;2.056472
4880.000000;2.052235
4879.000000;2.048578
4878.000000;2.044985
4877.000000;2.040731
4876.000000;2.035500
4875.000000;2.029911
4874.000000;2.024983
4873.000000;2.020932
4872.000000;2.016873
4871.000000;2.011934
4870.000000;2.006341
4869.000000;2.001059
4868.000000;1.996671
4867.000000;1.992962
4866.000000;1.989394
4865.000000;1.985557
4864.000000;1.981202
4863.000000;1.976240
4862.000000;1.970786
4861.000000;1.965116
4860.000000;1.959561
4859.000000;1.954464
4858.000000;1.950015
4857.000000;1.945989
4856.000000;1.941835
4855.000000;1.937282
4854.000000;1.932704
4853.000000;1.928661
4852.000000;1.925153
4851.000000;1.921582
4850.000000;1.917416
4849.000000;1.912661
4848.000000;1.907668
4847.000000;1.902650
4846.000000;1.897542
4845.000000;1.892287
4844.000000;1.887144
4843.000000;1.882561
4842.000000;1.878676
4841.000000;1.875070
4840.000000;1.871170
4839.000000;1.866841
4838.000000;1.862373
4837.000000;1.857969
4836.000000;1.853590
4835.000000;1.849312
4834.000000;1.845428
4833.000000;1.841980
4832.000000;1.838458
4831.000000;1.834256
4830.000000;1.829303
4829.000000;1.824069
4828.000000;1.819099
4827.000000;1.814711
4826.000000;1.810916
4825.000000;1.807392
4824.000000;1.803650
4823.000000;1.799463
4822.000000;1.795054
4821.000000;1.790725
4820.000000;1.786449
4819.000000;1.782016
4818.000000;1.777477
4817.000000;1.773195
4816.000000;1.769478
4815.000000;1.766331
4814.000000;1.763481
4813.000000;1.760524
4812.000000;1.757103
4811.000000;1.753143
4810.000000;1.748907
4809.000000;1.744666
4808.000000;1.740418
4807.000000;1.736041
4806.000000;1.731603
4805.000000;1.727338
4804.000000;1.723358
4803.000000;1.719583
4802.000000;1.715942
4801.000000;1.712436
4800.000000;1.708973
4799.000000;1.705353
4798.000000;1.701496
4797.000000;1.697566
4796.000000;1.693758
4795.000000;1.690040
4794.000000;1.686197
4793.000000;1.682095
4792.000000;1.677849
4791.000000;1.673734
4790.000000;1.669932
4789.000000;1.666355
4788.000000;1.662723
4787.000000;1.658841
4786.000000;1.654782
4785.000000;1.650756
4784.000000;1.646885
4783.000000;1.643174
4782.000000;1.639651
4781.000000;1.636373
4780.000000;1.633266
4779.000000;1.630093
4778.000000;1.626673
4777.000000;1.623076
4776.000000;1.619500
4775.000000;1.615991
4774.000000;1.612393
4773.000000;1.608596
4772.000000;1.604738
4771.000000;1.601086
4770.000000;1.597759
4769.000000;1.594641
4768.000000;1.591559
4767.000000;1.588439
4766.000000;1.585256
4765.000000;1.581958
4764.000000;1.578552
4763.000000;1.575217
4762.000000;1.572155
4761.000000;1.569318
4760.000000;1.566415
4759.000000;1.563234
4758.000000;1.559862
4757.000000;1.556511
4756.000000;1.553236
4755.000000;1.549926
4754.000000;1.546515
4753.000000;1.543084
4752.000000;1.539759
4751.000000;1.536602
4750.000000;1.533590
4749.000000;1.530646
4748.000000;1.527665
4747.000000;1.524575
4746.000000;1.521395
4745.000000;1.518193
4744.000000;1.515015
4743.000000;1.511870
4742.000000;1.508757
4741.000000;1.505669
4740.000000;1.502574
4739.000000;1.499432
4738.000000;1.496238
4737.000000;1.493016
4736.000000;1.489810
4735.000000;1.486697
4734.000000;1.483736
4733.000000;1.480866
4732.000000;1.477914
4731.000000;1.474826
4730.000000;1.471853
4729.000000;1.469331
4728.000000;1.467249
4727.000000;1.465167
4726.000000;1.462645
4725.000000;1.459689
4724.000000;1.456676
4723.000000;1.453909
4722.000000;1.451348
4721.000000;1.448751
4720.000000;1.445983
4719.000000;1.443160
4718.000000;1.440530
4717.000000;1.438216
4716.000000;1.436079
4715.000000;1.433847
4714.000000;1.431391
4713.000000;1.428826
4712.000000;1.426297
4711.000000;1.423774
4710.000000;1.421124
4709.000000;1.418346
4708.000000;1.415598
4707.000000;1.413009
4706.000000;1.410597
4705.000000;1.408355
4704.000000;1.406286
4703.000000;1.404324
4702.000000;1.402309
4701.000000;1.400119
4700.000000;1.397774
4699.000000;1.395370
4698.000000;1.392978
4697.000000;1.390642
4696.000000;1.388384
4695.000000;1.386159
4694.000000;1.383885
4693.000000;1.381559
4692.000000;1.379276
4691.000000;1.377108
4690.000000;1.375048
4689.000000;1.373120
4688.000000;1.371396
4687.000000;1.369800
4686.000000;1.368054
4685.000000;1.365963
4684.000000;1.363685
4683.000000;1.361543
4682.000000;1.359618
4681.000000;1.357701
4680.000000;1.355614
4679.000000;1.353409
4678.000000;1.351220
4677.000000;1.349087
4676.000000;1.346983
4675.000000;1.344928
4674.000000;1.342985
4673.000000;1.341206
4672.000000;1.339574
4671.000000;1.337959
4670.000000;1.336158
4669.000000;1.334092
4668.000000;1.331956
4667.000000;1.330053
4666.000000;1.328458
4665.000000;1.326949
4664.000000;1.325279
4663.000000;1.323436
4662.000000;1.321601
4661.000000;1.319947
4660.000000;1.318500
4659.000000;1.317105
4658.000000;1.315543
4657.000000;1.313741
4656.000000;1.311869
4655.000000;1.310120
4654.000000;1.308453
4653.000000;1.306709
4652.000000;1.304946
4651.000000;1.303422
4650.000000;1.302232
4649.000000;1.301173
4648.000000;1.300064
4647.000000;1.298957
4646.000000;1.297894
4645.000000;1.296659
4644.000000;1.295013
4643.000000;1.293058
4642.000000;1.291127
4641.000000;1.289374
4640.000000;1.287695
4639.000000;1.286011
4638.000000;1.284419
4637.000000;1.283023
4636.000000;1.281785
4635.000000;1.280616
4634.000000;1.279488
4633.000000;1.278410
4632.000000;1.277363
4631.000000;1.276300
4630.000000;1.275148
4629.000000;1.273795
4628.000000;1.272164
4627.000000;1.270329
4626.000000;1.268493
4625.000000;1.266826
4624.000000;1.265351
4623.000000;1.263997
4622.000000;1.262686
4621.000000;1.261381
4620.000000;1.260082
4619.000000;1.258804
4618.000000;1.257526
4617.000000;1.256184
4616.000000;1.254754
4615.000000;1.253338
4614.000000;1.252096
4613.000000;1.251081
4612.000000;1.250178
4611.000000;1.249211
4610.000000;1.248107
4609.000000;1.246931
4608.000000;1.245801
4607.000000;1.244774
4606.000000;1.243800
4605.000000;1.242791
4604.000000;1.241730
4603.000000;1.240673
4602.000000;1.239672
4601.000000;1.238727
4600.000000;1.237842
4599.000000;1.237027
4598.000000;1.236208
4597.000000;1.235204
4596.000000;1.233906
4595.000000;1.232419
4594.000000;1.230949
4593.000000;1.229576
4592.000000;1.228254
4591.000000;1.227016
4590.000000;1.226034
4589.000000;1.225422
4588.000000;1.225078
4587.000000;1.224764
4586.000000;1.224314
4585.000000;1.223690
4584.000000;1.222898
4583.000000;1.221936
4582.000000;1.220818
4581.000000;1.219605
4580.000000;1.218365
4579.000000;1.217128
4578.000000;1.215893
4577.000000;1.214701
4576.000000;1.213680
4575.000000;1.212954
4574.000000;1.212496
4573.000000;1.212101
4572.000000;1.211568
4571.000000;1.210897
4570.000000;1.210241
4569.000000;1.209668
4568.000000;1.209067
4567.000000;1.208306
4566.000000;1.207431
4565.000000;1.206595
4564.000000;1.205828
4563.000000;1.204959
4562.000000;1.203829
4561.000000;1.202519
4560.000000;1.201309
4559.000000;1.200428
4558.000000;1.199891
4557.000000;1.199547
4556.000000;1.199184
4555.000000;1.198600
4554.000000;1.197692
4553.000000;1.196590
4552.000000;1.195617
4551.000000;1.194997
4550.000000;1.194637
4549.000000;1.194268
4548.000000;1.193792
4547.000000;1.193328
4546.000000;1.192935
4545.000000;1.192455
4544.000000;1.191730
4543.000000;1.190846
4542.000000;1.190054
4541.000000;1.189490
4540.000000;1.189077
4539.000000;1.188656
4538.000000;1.188122
4537.000000;1.187482
4536.000000;1.186847
4535.000000;1.186342
4534.000000;1.185957
4533.000000;1.185504
4532.000000;1.184828
4531.000000;1.184035
4530.000000;1.183431
4529.000000;1.183226
4528.000000;1.183357
4527.000000;1.183594
4526.000000;1.183734
4525.000000;1.183682
4524.000000;1.183455
4523.000000;1.183142
4522.000000;1.182852
4521.000000;1.182649
4520.000000;1.182540
4519.000000;1.182514
4518.000000;1.182527
4517.000000;1.182472
4516.000000;1.182215
4515.000000;1.181735
4514.000000;1.181191
4513.000000;1.180800
4512.000000;1.180633
4511.000000;1.180565
4510.000000;1.180432
4509.000000;1.180238
4508.000000;1.180173
4507.000000;1.180430
4506.000000;1.180997
4505.000000;1.181649
4504.000000;1.182116
4503.000000;1.182233
4502.000000;1.181979
4501.000000;1.181454
4500.000000;1.180860
4499.000000;1.180439
4498.000000;1.180336
4497.000000;1.180512
4496.000000;1.180805
4495.000000;1.181078
4494.000000;1.181296
4493.000000;1.181492
4492.000000;1.181701
4491.000000;1.181931
4490.000000;1.182175
4489.000000;1.182418
4488.000000;1.182644
4487.000000;1.182848
4486.000000;1.183040
4485.000000;1.183267
4484.000000;1.183598
4483.000000;1.184074
4482.000000;1.184631
4481.000000;1.185108
4480.000000;1.185369
4479.000000;1.185431
4478.000000;1.185479
4477.000000;1.185721
4476.000000;1.186217
4475.000000;1.186833
4474.000000;1.187365
4473.000000;1.187720
4472.000000;1.187957
4471.000000;1.188165
4470.000000;1.188358
4469.000000;1.188536
4468.000000;1.188806
4467.000000;1.189343
4466.000000;1.190222
4465.000000;1.191303
4464.000000;1.192316
4463.000000;1.193058
4462.000000;1.193527
4461.000000;1.193889
4460.000000;1.194304
4459.000000;1.194796
4458.000000;1.195302
4457.000000;1.195816
4456.000000;1.196396
4455.000000;1.197013
4454.000000;1.197529
4453.000000;1.197888
4452.000000;1.198250
4451.000000;1.198810
4450.000000;1.199579
4449.000000;1.200447
4448.000000;1.201392
4447.000000;1.202478
4446.000000;1.203679
4445.000000;1.204867
4444.000000;1.205944
4443.000000;1.206827
4442.000000;1.207359
4441.000000;1.207465
4440.000000;1.207440
4439.000000;1.207838
4438.000000;1.208955
4437.000000;1.210531
4436.000000;1.212073
4435.000000;1.213327
4434.000000;1.214335
4433.000000;1.215190
4432.000000;1.215918
4431.000000;1.216571
4430.000000;1.217298
4429.000000;1.218282
4428.000000;1.219628
4427.000000;1.221257
4426.000000;1.222913
4425.000000;1.224352
4424.000000;1.225584
4423.000000;1.226822
4422.000000;1.228186
4421.000000;1.229561
4420.000000;1.230806
4419.000000;1.231921
4418.000000;1.232968
4417.000000;1.233970
4416.000000;1.235008
4415.000000;1.236249
4414.000000;1.237708
4413.000000;1.239121
4412.000000;1.240220
4411.000000;1.241056
4410.000000;1.241907
4409.000000;1.242954
4408.000000;1.244228
4407.000000;1.245774
4406.000000;1.247623
4405.000000;1.249607
4404.000000;1.251409
4403.000000;1.252856
4402.000000;1.254056
4401.000000;1.255178
4400.000000;1.256232
4399.000000;1.257148
4398.000000;1.257989
4397.000000;1.258990
4396.000000;1.260344
4395.000000;1.261981
4394.000000;1.263615
4393.000000;1.265014
4392.000000;1.266182
4391.000000;1.267244
4390.000000;1.268282
4389.000000;1.269392
4388.000000;1.270773
4387.000000;1.272523
4386.000000;1.274357
4385.000000;1.275792
4384.000000;1.276691
4383.000000;1.277388
4382.000000;1.278219
4381.000000;1.279200
4380.000000;1.280257
4379.000000;1.281513
4378.000000;1.283105
4377.000000;1.284930
4376.000000;1.286780
4375.000000;1.288572
4374.000000;1.290255
4373.000000;1.291677
4372.000000;1.292794
4371.000000;1.293836
4370.000000;1.295050
4369.000000;1.296429
4368.000000;1.297875
4367.000000;1.299456
4366.000000;1.301254
4365.000000;1.303144
4364.000000;1.304973
4363.000000;1.306760
4362.000000;1.308409
4361.000000;1.309504
4360.000000;1.309816
4359.000000;1.309878
4358.000000;1.310555
4357.000000;1.312047
4356.000000;1.313753
4355.000000;1.315127
4354.000000;1.316247
4353.000000;1.317463
4352.000000;1.318905
4351.000000;1.320496
4350.000000;1.322126
4349.000000;1.323635
4348.000000;1.324852
4347.000000;1.325806
4346.000000;1.326775
4345.000000;1.328067
4344.000000;1.329857
4343.000000;1.332158
4342.000000;1.334730
4341.000000;1.337089
4340.000000;1.338841
4339.000000;1.339985
4338.000000;1.340719
4337.000000;1.341150
4336.000000;1.341467
4335.000000;1.342131
4334.000000;1.343446
4333.000000;1.345102
4332.000000;1.346658
4331.000000;1.348332
4330.000000;1.350683
4329.000000;1.353562
4328.000000;1.356106
4327.000000;1.357943
4326.000000;1.359637
4325.000000;1.361619
4324.000000;1.363439
4323.000000;1.364577
4322.000000;1.365385
4321.000000;1.366541
4320.000000;1.367978
4319.000000;1.369006
4318.000000;1.369311
4317.000000;1.369208
4316.000000;1.369058
4315.000000;1.369043
4314.000000;1.369530
4313.000000;1.371057
4312.000000;1.373697
4311.000000;1.376721
4310.000000;1.379146
4309.000000;1.380588
4308.000000;1.381450
4307.000000;1.382334
4306.000000;1.383404
4305.000000;1.384402
4304.000000;1.385186
4303.000000;1.386028
4302.000000;1.387261
4301.000000;1.388837
4300.000000;1.390450
4299.000000;1.391989
4298.000000;1.393590
4297.000000;1.395382
4296.000000;1.397423
4295.000000;1.399707
4294.000000;1.401826
4293.000000;1.402925
4292.000000;1.402635
4291.000000;1.401916
4290.000000;1.402231
4289.000000;1.403901
4288.000000;1.405910
4287.000000;1.407314
4286.000000;1.407999
4285.000000;1.408022
4284.000000;1.407402
4283.000000;1.406920
4282.000000;1.407886
4281.000000;1.410417
4280.000000;1.412941
4279.000000;1.414334
4278.000000;1.415551
4277.000000;1.417775
4276.000000;1.420020
4275.000000;1.420402
4274.000000;1.419250
4273.000000;1.418826
4272.000000;1.419848
4271.000000;1.420258
4270.000000;1.418137
4269.000000;1.414259
4268.000000;1.410680
4267.000000;1.408012
4266.000000;1.405434
4265.000000;1.402751
4264.000000;1.401071
4263.000000;1.401396
4262.000000;1.403401
4261.000000;1.405851
4260.000000;1.407628
4259.000000;1.408277
4258.000000;1.408231
4257.000000;1.408715
4256.000000;1.410622
4255.000000;1.412930
4254.000000;1.412789
4253.000000;1.408120
4252.000000;1.400210
4251.000000;1.392881
4250.000000;1.388915
4249.000000;1.387832
4248.000000;1.387192
4247.000000;1.385538
4246.000000;1.383659
4245.000000;1.383274
4244.000000;1.385025
4243.000000;1.387740
4242.000000;1.389446
4241.000000;1.389275
4240.000000;1.388389
4239.000000;1.388722
4238.000000;1.390584
4237.000000;1.391739
4236.000000;1.389176
4235.000000;1.381669
4234.000000;1.370424
4233.000000;1.357834
4232.000000;1.346449
4231.000000;1.338623
4230.000000;1.335543
4229.000000;1.335716
4228.000000;1.334951
4227.000000;1.329131
4226.000000;1.317653
4225.000000;1.303912
4224.000000;1.292099
4223.000000;1.283111
4222.000000;1.273234
4221.000000;1.257730
4220.000000;1.236729
4219.000000;1.216141
4218.000000;1.201316
4217.000000;1.191295
4216.000000;1.180563
4215.000000;1.166056
4214.000000;1.150797
4213.000000;1.139497
4212.000000;1.131969
4211.000000;1.121301
4210.000000;1.098770
4209.000000;1.062247
4208.000000;1.018453
4207.000000;0.975452
4206.000000;0.935332
4205.000000;0.895214
4204.000000;0.853407
4203.000000;0.811385
4202.000000;0.768520
4201.000000;0.720007
4200.000000;0.666607
4199.000000;0.624698
4198.000000;0.615835
4197.000000;0.645309
4196.000000;0.699051
4195.000000;0.757644
4194.000000;0.813197
4193.000000;0.870778
4192.000000;0.933241
4191.000000;0.992939
4190.000000;1.041377
4189.000000;1.079829
4188.000000;1.115075
4187.000000;1.150771
4186.000000;1.186221
4185.000000;1.219814
4184.000000;1.252068
4183.000000;1.284499
4182.000000;1.316478
4181.000000;1.347212
4180.000000;1.379572
4179.000000;1.418710
4178.000000;1.465663
4177.000000;1.512359
4176.000000;1.546937
4175.000000;1.566657
4174.000000;1.581123
4173.000000;1.600774
4172.000000;1.626773
4171.000000;1.652274
4170.000000;1.671264
4169.000000;1.685237
4168.000000;1.700805
4167.000000;1.722617
4166.000000;1.748640
4165.000000;1.769974
4164.000000;1.778055
4163.000000;1.776023
4162.000000;1.778360
4161.000000;1.797406
4160.000000;1.833187
4159.000000;1.873822
4158.000000;1.905170
4157.000000;1.923230
4156.000000;1.936573
4155.000000;1.956645
4154.000000;1.988164
4153.000000;2.025568
4152.000000;2.055749
4151.000000;2.068832
4150.000000;2.067037
4149.000000;2.060777
4148.000000;2.060147
4147.000000;2.069634
4146.000000;2.084760
4145.000000;2.092991
4144.000000;2.085267
4143.000000;2.069391
4142.000000;2.064349
4141.000000;2.082564
4140.000000;2.121306
4139.000000;2.166767
4138.000000;2.204822
4137.000000;2.227690
4136.000000;2.234473
4135.000000;2.231125
4134.000000;2.225384
4133.000000;2.220213
4132.000000;2.215955
4131.000000;2.215634
4130.000000;2.220431
4129.000000;2.227569
4128.000000;2.233573
4127.000000;2.235787
4126.000000;2.236942
4125.000000;2.241386
4124.000000;2.246548
4123.000000;2.249445
4122.000000;2.257813
4121.000000;2.284609
4120.000000;2.334862
4119.000000;2.399672
4118.000000;2.457775
4117.000000;2.484950
4116.000000;2.470259
4115.000000;2.425510
4114.000000;2.373942
4113.000000;2.332653
4112.000000;2.305657
4111.000000;2.286895
4110.000000;2.271372
4109.000000;2.262610
4108.000000;2.267085
4107.000000;2.287835
4106.000000;2.324555
4105.000000;2.377066
4104.000000;2.442349
4103.000000;2.503342
4102.000000;2.529643
4101.000000;2.517472
4100.000000;2.502397
4099.000000;2.511214
4098.000000;2.544320
4097.000000;2.585806
4096.000000;2.618412
4095.000000;2.642443
4094.000000;2.678846
4093.000000;2.748157
4092.000000;2.853924
4091.000000;2.983940
4090.000000;3.108109
4089.000000;3.128250
4088.000000;3.023600
4087.000000;2.922287
4086.000000;2.855059
4085.000000;2.805299
4084.000000;2.778686
4083.000000;2.799144
4082.000000;2.861554
4081.000000;2.899295
4080.000000;2.894143
4079.000000;2.883514
4078.000000;2.877769
4077.000000;2.918535
4076.000000;3.018898
4075.000000;3.111267
4074.000000;3.108300
4073.000000;3.058946
4072.000000;3.027778
4071.000000;2.969400
4070.000000;2.858915
4069.000000;2.752813
4068.000000;2.694609
4067.000000;2.684630
4066.000000;2.692045
4065.000000;2.685221
4064.000000;2.662727
4063.000000;2.643694
4062.000000;2.638503
4061.000000;2.637540
4060.000000;2.622432
4059.000000;2.598934
4058.000000;2.593001
4057.000000;2.608170
4056.000000;2.632136
4055.000000;2.655130
4054.000000;2.666716
4053.000000;2.659989
4052.000000;2.643269
4051.000000;2.639766
4050.000000;2.658100
4049.000000;2.684233
4048.000000;2.703378
4047.000000;2.706490
4046.000000;2.681217
4045.000000;2.631984
4044.000000;2.586881
4043.000000;2.568495
4042.000000;2.583983
4041.000000;2.637963
4040.000000;2.733161
4039.000000;2.845251
4038.000000;2.912023
4037.000000;2.907868
4036.000000;2.895018
4035.000000;2.937292
4034.000000;3.046854
4033.000000;3.164895
4032.000000;3.179744
4031.000000;3.110388
4030.000000;3.050826
4029.000000;3.004574
4028.000000;2.966203
4027.000000;2.964418
4026.000000;2.944757
4025.000000;2.844277
4024.000000;2.749249
4023.000000;2.713369
4022.000000;2.723672
4021.000000;2.748411
4020.000000;2.772541
4019.000000;2.819031
4018.000000;2.903791
4017.000000;2.989840
4016.000000;3.006981
4015.000000;2.961250
4014.000000;2.927141
4013.000000;2.921615
4012.000000;2.898426
4011.000000;2.846743
4010.000000;2.823666
4009.000000;2.873275
4008.000000;2.987140
4007.000000;3.090042
4006.000000;3.107628
4005.000000;3.090876
4004.000000;3.113787
4003.000000;3.197499
4002.000000;3.348598
4001.000000;3.469764
4000.000000;3.354909
3999.000000;3.169782
3998.000000;3.017546
3997.000000;2.890170
3996.000000;2.794008
3995.000000;2.751827
3994.000000;2.774366
3993.000000;2.811752
3992.000000;2.789599
3991.000000;2.727026
3990.000000;2.676632
3989.000000;2.661691
3988.000000;2.691933
3987.000000;2.763518
3986.000000;2.857071
3985.000000;2.943590
3984.000000;2.994177
3983.000000;2.999048
3982.000000;2.984450
3981.000000;3.000452
3980.000000;3.079500
3979.000000;3.268405
3978.000000;3.430175
3977.000000;3.256781
3976.000000;3.137988
3975.000000;3.103730
3974.000000;3.087393
3973.000000;3.076689
3972.000000;3.089223
3971.000000;3.151866
3970.000000;3.238387
3969.000000;3.291218
3968.000000;3.288039
3967.000000;3.246701
3966.000000;3.172191
3965.000000;3.085973
3964.000000;3.024530
3963.000000;3.001130
3962.000000;3.003658
3961.000000;3.015323
3960.000000;3.032230
3959.000000;3.070472
3958.000000;3.127520
3957.000000;3.165786
3956.000000;3.181245
3955.000000;3.237432
3954.000000;3.349909
3953.000000;3.294911
3952.000000;3.138167
3951.000000;3.092749
3950.000000;3.093075
3949.000000;3.024240
3948.000000;2.951652
3947.000000;2.949427
3946.000000;3.004249
3945.000000;2.992210
3944.000000;2.870310
3943.000000;2.774772
3942.000000;2.753826
3941.000000;2.807523
3940.000000;2.942988
3939.000000;3.141735
3938.000000;3.232091
3937.000000;3.161046
3936.000000;3.113763
3935.000000;3.100144
3934.000000;3.069740
3933.000000;3.033140
3932.000000;3.048187
3931.000000;3.155753
3930.000000;3.365720
3929.000000;3.573175
3928.000000;3.540173
3927.000000;3.397344
3926.000000;3.288665
3925.000000;3.214454
3924.000000;3.259571
3923.000000;3.290835
3922.000000;3.030623
3921.000000;2.810161
3920.000000;2.703927
3919.000000;2.682634
3918.000000;2.721119
3917.000000;2.790930
3916.000000;2.879260
3915.000000;2.973229
3914.000000;3.061056
3913.000000;3.133602
3912.000000;3.201598
3911.000000;3.290542
3910.000000;3.345896
3909.000000;3.303453
3908.000000;3.294448
3907.000000;3.380418
3906.000000;3.410196
3905.000000;3.219713
3904.000000;2.962208
3903.000000;2.792787
3902.000000;2.734390
3901.000000;2.752927
3900.000000;2.785875
3899.000000;2.788885
3898.000000;2.773353
3897.000000;2.756995
3896.000000;2.742776
3895.000000;2.744155
3894.000000;2.781187
3893.000000;2.847959
3892.000000;2.907617
3891.000000;2.925769
3890.000000;2.892284
3889.000000;2.832181
3888.000000;2.793587
3887.000000;2.801968
3886.000000;2.858637
3885.000000;2.961767
3884.000000;3.090742
3883.000000;3.176035
3882.000000;3.194582
3881.000000;3.206747
3880.000000;3.237968
3879.000000;3.247475
3878.000000;3.228472
3877.000000;3.227656
3876.000000;3.162085
3875.000000;3.031296
3874.000000;2.949089
3873.000000;2.922182
3872.000000;2.901516
3871.000000;2.865731
3870.000000;2.831150
3869.000000;2.812001
3868.000000;2.814888
3867.000000;2.837508
3866.000000;2.858910
3865.000000;2.867958
3864.000000;2.871862
3863.000000;2.866968
3862.000000;2.846793
3861.000000;2.823137
3860.000000;2.815320
3859.000000;2.832855
3858.000000;2.863314
3857.000000;2.881227
3856.000000;2.893335
3855.000000;2.929052
3854.000000;2.993352
3853.000000;3.037953
3852.000000;3.035553
3851.000000;3.043490
3850.000000;3.084654
3849.000000;3.129354
3848.000000;3.135943
3847.000000;3.098621
3846.000000;3.066464
3845.000000;3.064581
3844.000000;3.073053
3843.000000;3.060576
3842.000000;3.024854
3841.000000;2.988930
3840.000000;2.963927
3839.000000;2.950294
3838.000000;2.952485
3837.000000;2.969853
3836.000000;2.986908
3835.000000;2.986098
3834.000000;2.976527
3833.000000;2.984676
3832.000000;3.004513
3831.000000;2.999787
3830.000000;2.969700
3829.000000;2.962937
3828.000000;2.981726
3827.000000;2.971612
3826.000000;2.933660
3825.000000;2.907028
3824.000000;2.917844
3823.000000;2.971995
3822.000000;3.037233
3821.000000;3.060634
3820.000000;2.986919
3819.000000;2.851966
3818.000000;2.768507
3817.000000;2.787398
3816.000000;2.908617
3815.000000;3.100405
3814.000000;3.303675
3813.000000;3.373162
3812.000000;3.219766
3811.000000;3.072744
3810.000000;3.035550
3809.000000;3.055104
3808.000000;3.051883
3807.000000;3.045692
3806.000000;3.076409
3805.000000;3.122192
3804.000000;3.107255
3803.000000;3.033691
3802.000000;2.985332
3801.000000;2.984825
3800.000000;3.014777
3799.000000;3.041009
3798.000000;3.037453
3797.000000;3.019760
3796.000000;3.013591
3795.000000;3.007785
3794.000000;2.966342
3793.000000;2.899640
3792.000000;2.843335
3791.000000;2.806831
3790.000000;2.793612
3789.000000;2.815714
3788.000000;2.879078
3787.000000;2.943729
3786.000000;2.951130
3785.000000;2.929057
3784.000000;2.914973
3783.000000;2.889097
3782.000000;2.836105
3781.000000;2.793463
3780.000000;2.812085
3779.000000;2.920268
3778.000000;3.050119
3777.000000;3.067375
3776.000000;3.049906
3775.000000;3.071712
3774.000000;3.101115
3773.000000;3.104420
3772.000000;3.089614
3771.000000;3.090587
3770.000000;3.088147
3769.000000;3.053887
3768.000000;2.999636
3767.000000;2.959615
3766.000000;2.953067
3765.000000;2.970044
3764.000000;2.991487
3763.000000;2.997895
3762.000000;2.986108
3761.000000;2.987418
3760.000000;3.034690
3759.000000;3.129213
3758.000000;3.243397
3757.000000;3.304570
3756.000000;3.257451
3755.000000;3.178678
3754.000000;3.084497
3753.000000;2.948590
3752.000000;2.850776
3751.000000;2.834143
3750.000000;2.866387
3749.000000;2.907527
3748.000000;2.945223
3747.000000;3.005985
3746.000000;3.070407
3745.000000;3.124107
3744.000000;3.210928
3743.000000;3.249787
3742.000000;3.151132
3741.000000;3.043587
3740.000000;3.036223
3739.000000;3.278395
3738.000000;3.581743
3737.000000;3.363548
3736.000000;3.236567
3735.000000;3.119748
3734.000000;2.996187
3733.000000;2.896294
3732.000000;2.818714
3731.000000;2.781205
3730.000000;2.811739
3729.000000;2.899155
3728.000000;2.956672
3727.000000;2.977765
3726.000000;2.973733
3725.000000;2.956304
3724.000000;2.978754
3723.000000;3.033499
3722.000000;3.082443
3721.000000;3.111652
3720.000000;3.108409
3719.000000;3.068125
3718.000000;3.014623
3717.000000;2.959621
3716.000000;2.909646
3715.000000;2.887015
3714.000000;2.903322
3713.000000;2.926543
3712.000000;2.907854
3711.000000;2.863994
3710.000000;2.845533
3709.000000;2.857057
3708.000000;2.858751
3707.000000;2.818864
3706.000000;2.750630
3705.000000;2.696374
3704.000000;2.682604
3703.000000;2.698412
3702.000000;2.713296
3701.000000;2.717708
3700.000000;2.736428
3699.000000;2.792094
3698.000000;2.874041
3697.000000;2.953610
3696.000000;3.023003
3695.000000;3.079753
3694.000000;3.106668
3693.000000;3.090586
3692.000000;3.018556
3691.000000;2.929072
3690.000000;2.880642
3689.000000;2.856694
3688.000000;2.807350
3687.000000;2.739161
3686.000000;2.689965
3685.000000;2.673840
3684.000000;2.687313
3683.000000;2.732171
3682.000000;2.801081
3681.000000;2.841594
3680.000000;2.805141
3679.000000;2.738444
3678.000000;2.732596
3677.000000;2.812829
3676.000000;2.930453
3675.000000;3.028180
3674.000000;3.145451
3673.000000;3.416561
3672.000000;3.768593
3671.000000;3.939035
3670.000000;3.697669
3669.000000;3.342439
3668.000000;3.193212
3667.000000;3.127900
3666.000000;3.088858
3665.000000;3.066838
3664.000000;3.103821
3663.000000;3.202680
3662.000000;3.355291
3661.000000;3.488278
3660.000000;3.738043
3659.000000;4.552655
3658.000000;3.727321
3657.000000;3.503375
3656.000000;3.480666
3655.000000;3.368609
3654.000000;3.207140
3653.000000;2.968871
3652.000000;2.769962
3651.000000;2.685281
3650.000000;2.716630
3649.000000;2.823464
3648.000000;2.944919
3647.000000;3.010834
3646.000000;2.981411
3645.000000;2.909298
3644.000000;2.867006
3643.000000;2.849011
3642.000000;2.841286
3641.000000;2.863183
3640.000000;2.938331
3639.000000;3.025475
3638.000000;3.015194
3637.000000;2.977941
3636.000000;3.008340
3635.000000;3.052357
3634.000000;3.017912
3633.000000;2.890546
3632.000000;2.711510
3631.000000;2.559274
3630.000000;2.488488
3629.000000;2.498194
3628.000000;2.570358
3627.000000;2.683829
3626.000000;2.784017
3625.000000;2.816085
3624.000000;2.792991
3623.000000;2.738859
3622.000000;2.683466
3621.000000;2.671061
3620.000000;2.703545
3619.000000;2.752034
3618.000000;2.814635
3617.000000;2.930851
3616.000000;3.179698
3615.000000;3.485199
3614.000000;3.490813
3613.000000;3.321791
3612.000000;3.082996
3611.000000;2.922252
3610.000000;2.842089
3609.000000;2.771209
3608.000000;2.703243
3607.000000;2.660801
3606.000000;2.654176
3605.000000;2.693506
3604.000000;2.797308
3603.000000;3.037090
3602.000000;3.539453
3601.000000;3.776035
3600.000000;3.353567
3599.000000;3.055563
3598.000000;2.946910
3597.000000;3.005581
3596.000000;3.080448
3595.000000;3.020056
3594.000000;2.935965
3593.000000;2.884653
3592.000000;2.788706
3591.000000;2.667349
3590.000000;2.642130
3589.000000;2.712526
3588.000000;2.851126
3587.000000;3.038340
3586.000000;3.294064
3585.000000;4.186137
3584.000000;3.555899
3583.000000;3.085222
3582.000000;2.914877
3581.000000;2.824784
3580.000000;2.802642
3579.000000;2.801295
3578.000000;2.804788
3577.000000;2.812058
3576.000000;2.847130
3575.000000;2.899497
3574.000000;2.913185
3573.000000;2.861085
3572.000000;2.835153
3571.000000;2.929907
3570.000000;3.043388
3569.000000;3.451515
3568.000000;3.529268
3567.000000;2.920176
3566.000000;2.766657
3565.000000;2.682707
3564.000000;2.623760
3563.000000;2.583616
3562.000000;2.578697
3561.000000;2.629750
3560.000000;2.709158
3559.000000;2.785609
3558.000000;2.819186
3557.000000;2.843189
3556.000000;2.867448
3555.000000;2.868685
3554.000000;2.880829
3553.000000;2.946076
3552.000000;3.008257
3551.000000;2.919077
3550.000000;2.816122
3549.000000;2.802275
3548.000000;2.806845
3547.000000;2.806022
3546.000000;2.844556
3545.000000;2.893944
3544.000000;2.897803
3543.000000;2.881658
3542.000000;2.883440
3541.000000;2.885317
3540.000000;2.855192
3539.000000;2.827885
3538.000000;2.797671
3537.000000;2.725453
3536.000000;2.676923
3535.000000;2.698722
3534.000000;2.758867
3533.000000;2.759231
3532.000000;2.696532
3531.000000;2.682320
3530.000000;2.744928
3529.000000;2.852438
3528.000000;2.961114
3527.000000;2.994333
3526.000000;2.941809
3525.000000;2.874755
3524.000000;2.843480
3523.000000;2.873688
3522.000000;2.943145
3521.000000;2.985403
3520.000000;2.952747
3519.000000;2.897926
3518.000000;2.887455
3517.000000;2.921927
3516.000000;2.953198
3515.000000;2.921344
3514.000000;2.824021
3513.000000;2.713058
3512.000000;2.640494
3511.000000;2.622861
3510.000000;2.641266
3509.000000;2.672264
3508.000000;2.714621
3507.000000;2.777570
3506.000000;2.812500
3505.000000;2.783699
3504.000000;2.756027
3503.000000;2.752189
3502.000000;2.758219
3501.000000;2.785255
3500.000000;2.861084
3499.000000;3.018241
3498.000000;3.055098
3497.000000;2.819835
3496.000000;2.636771
3495.000000;2.555775
3494.000000;2.553616
3493.000000;2.603333
3492.000000;2.657893
3491.000000;2.663111
3490.000000;2.612125
3489.000000;2.570877
3488.000000;2.572639
3487.000000;2.614402
3486.000000;2.690959
3485.000000;2.819214
3484.000000;3.175655
3483.000000;3.539190
3482.000000;3.189397
3481.000000;3.111927
3480.000000;3.142138
3479.000000;3.069185
3478.000000;2.955333
3477.000000;2.887258
3476.000000;2.835561
3475.000000;2.758519
3474.000000;2.676184
3473.000000;2.619782
3472.000000;2.597545
3471.000000;2.593051
3470.000000;2.597795
3469.000000;2.625809
3468.000000;2.690583
3467.000000;2.789128
3466.000000;2.896952
3465.000000;2.986008
3464.000000;3.096343
3463.000000;3.294589
3462.000000;3.352021
3461.000000;3.197920
3460.000000;3.097680
3459.000000;3.001896
3458.000000;2.897629
3457.000000;2.785997
3456.000000;2.684988
3455.000000;2.619717
3454.000000;2.595929
3453.000000;2.609591
3452.000000;2.656435
3451.000000;2.728890
3450.000000;2.780838
3449.000000;2.785415
3448.000000;2.789581
3447.000000;2.831461
3446.000000;2.881329
3445.000000;2.877748
3444.000000;2.888024
3443.000000;2.977632
3442.000000;3.152617
3441.000000;3.327808
3440.000000;3.244876
3439.000000;3.115762
3438.000000;3.101808
3437.000000;3.116864
3436.000000;3.013120
3435.000000;2.862116
3434.000000;2.787744
3433.000000;2.793389
3432.000000;2.852160
3431.000000;2.947640
3430.000000;3.077894
3429.000000;3.190563
3428.000000;3.140198
3427.000000;2.997206
3426.000000;2.910433
3425.000000;2.932332
3424.000000;3.049461
3423.000000;3.194527
3422.000000;3.287042
3421.000000;3.232770
3420.000000;3.161635
3419.000000;3.114940
3418.000000;3.095051
3417.000000;3.050155
3416.000000;2.900929
3415.000000;2.747517
3414.000000;2.629769
3413.000000;2.553543
3412.000000;2.519693
3411.000000;2.505317
3410.000000;2.487800
3409.000000;2.471800
3408.000000;2.475043
3407.000000;2.508108
3406.000000;2.554751
3405.000000;2.558562
3404.000000;2.506665
3403.000000;2.447539
3402.000000;2.401819
3401.000000;2.366416
3400.000000;2.336801
3399.000000;2.310219
3398.000000;2.286686
3397.000000;2.269879
3396.000000;2.259971
3395.000000;2.250090
3394.000000;2.237623
3393.000000;2.231401
3392.000000;2.240559
3391.000000;2.256355
3390.000000;2.255690
3389.000000;2.233446
3388.000000;2.214812
3387.000000;2.224951
3386.000000;2.261435
3385.000000;2.299472
3384.000000;2.318539
3383.000000;2.317756
3382.000000;2.310142
3381.000000;2.311909
3380.000000;2.333841
3379.000000;2.371477
3378.000000;2.401268
3377.000000;2.405852
3376.000000;2.401465
3375.000000;2.415331
3374.000000;2.453601
3373.000000;2.496689
3372.000000;2.524404
3371.000000;2.547906
3370.000000;2.590844
3369.000000;2.652533
3368.000000;2.712443
3367.000000;2.740616
3366.000000;2.701916
3365.000000;2.605491
3364.000000;2.502896
3363.000000;2.434061
3362.000000;2.411511
3361.000000;2.429513
3360.000000;2.484577
3359.000000;2.583548
3358.000000;2.700899
3357.000000;2.762732
3356.000000;2.777727
3355.000000;2.786058
3354.000000;2.758948
3353.000000;2.696602
3352.000000;2.658503
3351.000000;2.695997
3350.000000;2.800221
3349.000000;2.823539
3348.000000;2.723307
3347.000000;2.624926
3346.000000;2.556652
3345.000000;2.523836
3344.000000;2.529059
3343.000000;2.558131
3342.000000;2.578360
3341.000000;2.572200
3340.000000;2.556762
3339.000000;2.539110
3338.000000;2.490298
3337.000000;2.407970
3336.000000;2.334359
3335.000000;2.295396
3334.000000;2.289577
3333.000000;2.298472
3332.000000;2.300943
3331.000000;2.287736
3330.000000;2.263419
3329.000000;2.241452
3328.000000;2.230413
3327.000000;2.224699
3326.000000;2.216832
3325.000000;2.214466
3324.000000;2.223763
3323.000000;2.233516
3322.000000;2.236383
3321.000000;2.247400
3320.000000;2.286146
3319.000000;2.353412
3318.000000;2.430115
3317.000000;2.498769
3316.000000;2.563259
3315.000000;2.626177
3314.000000;2.670625
3313.000000;2.684460
3312.000000;2.658304
3311.000000;2.578873
3310.000000;2.470864
3309.000000;2.383172
3308.000000;2.340825
3307.000000;2.336219
3306.000000;2.331798
3305.000000;2.300492
3304.000000;2.261417
3303.000000;2.242365
3302.000000;2.253620
3301.000000;2.290331
3300.000000;2.337378
3299.000000;2.372415
3298.000000;2.381274
3297.000000;2.369610
3296.000000;2.357642
3295.000000;2.356451
3294.000000;2.350087
3293.000000;2.328918
3292.000000;2.315826
3291.000000;2.339437
3290.000000;2.414639
3289.000000;2.540555
3288.000000;2.694874
3287.000000;2.840665
3286.000000;2.952122
3285.000000;2.954063
3284.000000;2.828175
3283.000000;2.688782
3282.000000;2.600085
3281.000000;2.567991
3280.000000;2.574935
3279.000000;2.597992
3278.000000;2.614552
3277.000000;2.628386
3276.000000;2.668097
3275.000000;2.747335
3274.000000;2.841327
3273.000000;2.923063
3272.000000;3.069756
3271.000000;3.389293
3270.000000;3.293634
3269.000000;3.037014
3268.000000;2.890928
3267.000000;2.681971
3266.000000;2.494752
3265.000000;2.386110
3264.000000;2.352816
3263.000000;2.344447
3262.000000;2.314918
3261.000000;2.273819
3260.000000;2.261630
3259.000000;2.295291
3258.000000;2.354978
3257.000000;2.406855
3256.000000;2.441588
3255.000000;2.475874
3254.000000;2.516604
3253.000000;2.548292
3252.000000;2.558147
3251.000000;2.556632
3250.000000;2.550376
3249.000000;2.526418
3248.000000;2.481788
3247.000000;2.419281
3246.000000;2.356638
3245.000000;2.327278
3244.000000;2.348846
3243.000000;2.418034
3242.000000;2.510432
3241.000000;2.583334
3240.000000;2.623415
3239.000000;2.665673
3238.000000;2.720922
3237.000000;2.738576
3236.000000;2.721246
3235.000000;2.723541
3234.000000;2.741444
3233.000000;2.752589
3232.000000;2.752084
3231.000000;2.782248
3230.000000;2.922713
3229.000000;3.324326
3228.000000;3.263597
3227.000000;2.946880
3226.000000;2.776601
3225.000000;2.693942
3224.000000;2.684991
3223.000000;2.755457
3222.000000;2.848189
3221.000000;2.774400
3220.000000;2.660623
3219.000000;2.597277
3218.000000;2.544951
3217.000000;2.498386
3216.000000;2.480307
3215.000000;2.498177
3214.000000;2.510535
3213.000000;2.486910
3212.000000;2.471058
3211.000000;2.494953
3210.000000;2.546450
3209.000000;2.605654
3208.000000;2.666736
3207.000000;2.728902
3206.000000;2.757154
3205.000000;2.695929
3204.000000;2.629672
3203.000000;2.648434
3202.000000;2.763856
3201.000000;2.930885
3200.000000;3.051864
3199.000000;3.066920
3198.000000;2.948471
3197.000000;2.780999
3196.000000;2.675848
3195.000000;2.654125
3194.000000;2.684830
3193.000000;2.678677
3192.000000;2.626206
3191.000000;2.620102
3190.000000;2.677930
3189.000000;2.721909
3188.000000;2.677997
3187.000000;2.613091
3186.000000;2.587965
3185.000000;2.602008
3184.000000;2.634867
3183.000000;2.703202
3182.000000;2.886657
3181.000000;3.075610
3180.000000;2.936122
3179.000000;2.879106
3178.000000;2.974537
3177.000000;3.102901
3176.000000;3.104290
3175.000000;3.009346
3174.000000;2.919539
3173.000000;2.814942
3172.000000;2.710052
3171.000000;2.662428
3170.000000;2.703235
3169.000000;2.788486
3168.000000;2.832032
3167.000000;2.865748
3166.000000;2.917210
3165.000000;2.933062
3164.000000;2.860985
3163.000000;2.801325
3162.000000;2.797243
3161.000000;2.806457
3160.000000;2.791102
3159.000000;2.765609
3158.000000;2.751016
3157.000000;2.746040
3156.000000;2.749600
3155.000000;2.711425
3154.000000;2.612711
3153.000000;2.524577
3152.000000;2.506410
3151.000000;2.576678
3150.000000;2.740436
3149.000000;3.011234
3148.000000;3.336130
3147.000000;3.202497
3146.000000;3.126873
3145.000000;3.147024
3144.000000;3.092299
3143.000000;2.931845
3142.000000;2.797324
3141.000000;2.745095
3140.000000;2.784221
3139.000000;2.887788
3138.000000;2.974986
3137.000000;2.966140
3136.000000;2.883936
3135.000000;2.784269
3134.000000;2.714889
3133.000000;2.713675
3132.000000;2.788531
3131.000000;2.879979
3130.000000;2.859795
3129.000000;2.734577
3128.000000;2.621324
3127.000000;2.572341
3126.000000;2.574491
3125.000000;2.569278
3124.000000;2.529381
3123.000000;2.503800
3122.000000;2.519794
3121.000000;2.562987
3120.000000;2.636013
3119.000000;2.771349
3118.000000;2.936184
3117.000000;2.906902
3116.000000;2.813398
3115.000000;2.784389
3114.000000;2.773753
3113.000000;2.780076
3112.000000;2.815282
3111.000000;2.780479
3110.000000;2.660279
3109.000000;2.593323
3108.000000;2.594920
3107.000000;2.588163
3106.000000;2.512373
3105.000000;2.423008
3104.000000;2.376227
3103.000000;2.373308
3102.000000;2.382599
3101.000000;2.367753
3100.000000;2.329065
3099.000000;2.299761
3098.000000;2.304124
3097.000000;2.336912
3096.000000;2.373336
3095.000000;2.408457
3094.000000;2.474297
3093.000000;2.607779
3092.000000;2.811549
3091.000000;2.941276
3090.000000;2.887002
3089.000000;2.815938
3088.000000;2.736594
3087.000000;2.640823
3086.000000;2.567432
3085.000000;2.544134
3084.000000;2.555907
3083.000000;2.562704
3082.000000;2.553469
3081.000000;2.556333
3080.000000;2.566159
3079.000000;2.514922
3078.000000;2.416151
3077.000000;2.342451
3076.000000;2.311518
3075.000000;2.307924
3074.000000;2.310466
3073.000000;2.319194
3072.000000;2.363602
3071.000000;2.473289
3070.000000;2.647342
3069.000000;2.827029
3068.000000;2.927498
3067.000000;2.977628
3066.000000;3.064657
3065.000000;3.196232
3064.000000;3.285850
3063.000000;3.350801
3062.000000;3.494553
3061.000000;3.722999
3060.000000;3.686449
3059.000000;3.844753
3058.000000;3.742978
3057.000000;3.027944
3056.000000;2.739842
3055.000000;2.580302
3054.000000;2.486378
3053.000000;2.419670
3052.000000;2.363012
3051.000000;2.311411
3050.000000;2.279992
3049.000000;2.289080
3048.000000;2.339688
3047.000000;2.403706
3046.000000;2.443768
3045.000000;2.461014
3044.000000;2.489583
3043.000000;2.561008
3042.000000;2.685844
3041.000000;2.799261
3040.000000;2.794176
3039.000000;2.785291
3038.000000;2.886300
3037.000000;3.025121
3036.000000;3.022863
3035.000000;2.931289
3034.000000;2.934966
3033.000000;2.999407
3032.000000;2.924051
3031.000000;3.007839
3030.000000;3.189998
3029.000000;3.169130
3028.000000;3.022926
3027.000000;2.751134
3026.000000;2.588440
3025.000000;2.523573
3024.000000;2.488476
3023.000000;2.446137
3022.000000;2.430419
3021.000000;2.503922
3020.000000;2.698546
3019.000000;2.921881
3018.000000;3.066337
3017.000000;3.285151
3016.000000;3.516508
3015.000000;3.336763
3014.000000;3.076915
3013.000000;2.855961
3012.000000;2.691062
3011.000000;2.595615
3010.000000;2.535242
3009.000000;2.474669
3008.000000;2.417756
3007.000000;2.391890
3006.000000;2.414753
3005.000000;2.481386
3004.000000;2.561264
3003.000000;2.618818
3002.000000;2.656991
3001.000000;2.707677
3000.000000;2.763983
2999.000000;2.762672
2998.000000;2.746780
2997.000000;2.811717
2996.000000;2.973707
2995.000000;3.134331
2994.000000;3.020032
2993.000000;2.865896
2992.000000;2.825166
2991.000000;2.911216
2990.000000;3.059280
2989.000000;2.929671
2988.000000;2.803787
2987.000000;2.752266
2986.000000;2.713795
2985.000000;2.695099
2984.000000;2.710090
2983.000000;2.815668
2982.000000;3.168742
2981.000000;3.535063
2980.000000;2.959154
2979.000000;2.713649
2978.000000;2.600156
2977.000000;2.578254
2976.000000;2.628321
2975.000000;2.708128
2974.000000;2.696176
2973.000000;2.652004
2972.000000;2.660456
2971.000000;2.598920
2970.000000;2.462378
2969.000000;2.363267
2968.000000;2.322205
2967.000000;2.308865
2966.000000;2.288566
2965.000000;2.260969
2964.000000;2.255836
2963.000000;2.288557
2962.000000;2.342943
2961.000000;2.376665
2960.000000;2.355781
2959.000000;2.298371
2958.000000;2.246265
2957.000000;2.218420
2956.000000;2.210916
2955.000000;2.211193
2954.000000;2.205189
2953.000000;2.190057
2952.000000;2.181658
2951.000000;2.201265
2950.000000;2.263832
2949.000000;2.365637
2948.000000;2.459032
2947.000000;2.465461
2946.000000;2.403210
2945.000000;2.356192
2944.000000;2.344344
2943.000000;2.343050
2942.000000;2.335255
2941.000000;2.331310
2940.000000;2.345245
2939.000000;2.374105
2938.000000;2.410784
2937.000000;2.437577
2936.000000;2.423663
2935.000000;2.370766
2934.000000;2.322583
2933.000000;2.325114
2932.000000;2.399577
2931.000000;2.506773
2930.000000;2.547873
2929.000000;2.557905
2928.000000;2.642540
2927.000000;2.858616
2926.000000;3.158639
2925.000000;3.127030
2924.000000;2.959806
2923.000000;2.912788
2922.000000;2.872752
2921.000000;2.721743
2920.000000;2.551342
2919.000000;2.432421
2918.000000;2.375002
2917.000000;2.374876
2916.000000;2.401530
2915.000000;2.397020
2914.000000;2.337296
2913.000000;2.273643
2912.000000;2.251311
2911.000000;2.270538
2910.000000;2.306802
2909.000000;2.337256
2908.000000;2.353165
2907.000000;2.360134
2906.000000;2.391346
2905.000000;2.487947
2904.000000;2.651367
2903.000000;2.788130
2902.000000;2.821669
2901.000000;2.863407
2900.000000;2.818047
2899.000000;2.681545
2898.000000;2.701964
2897.000000;2.864436
2896.000000;3.024231
2895.000000;3.376893
2894.000000;3.336125
2893.000000;2.957148
2892.000000;2.817148
2891.000000;2.686127
2890.000000;2.612220
2889.000000;2.622733
2888.000000;2.699630
2887.000000;2.763956
2886.000000;2.718256
2885.000000;2.621505
2884.000000;2.562324
2883.000000;2.562771
2882.000000;2.565739
2881.000000;2.526909
2880.000000;2.482534
2879.000000;2.454478
2878.000000;2.434040
2877.000000;2.427693
2876.000000;2.448855
2875.000000;2.469582
2874.000000;2.428179
2873.000000;2.333460
2872.000000;2.254021
2871.000000;2.221901
2870.000000;2.234478
2869.000000;2.278376
2868.000000;2.323620
2867.000000;2.322353
2866.000000;2.274063
2865.000000;2.227661
2864.000000;2.199236
2863.000000;2.170374
2862.000000;2.125112
2861.000000;2.072160
2860.000000;2.036263
2859.000000;2.035657
2858.000000;2.066725
2857.000000;2.099809
2856.000000;2.110244
2855.000000;2.111920
2854.000000;2.133365
2853.000000;2.183276
2852.000000;2.243270
2851.000000;2.290831
2850.000000;2.324681
2849.000000;2.344687
2848.000000;2.337341
2847.000000;2.305460
2846.000000;2.272588
2845.000000;2.252426
2844.000000;2.235888
2843.000000;2.210882
2842.000000;2.189265
2841.000000;2.190517
2840.000000;2.206849
2839.000000;2.207567
2838.000000;2.190273
2837.000000;2.195395
2836.000000;2.263166
2835.000000;2.411996
2834.000000;2.627316
2833.000000;2.872704
2832.000000;2.959663
2831.000000;2.725234
2830.000000;2.505551
2829.000000;2.379965
2828.000000;2.301520
2827.000000;2.228777
2826.000000;2.160378
2825.000000;2.128106
2824.000000;2.146451
2823.000000;2.192618
2822.000000;2.223893
2821.000000;2.234822
2820.000000;2.268285
2819.000000;2.352957
2818.000000;2.455190
2817.000000;2.486004
2816.000000;2.427791
2815.000000;2.354427
2814.000000;2.308076
2813.000000;2.293975
2812.000000;2.300060
2811.000000;2.293086
2810.000000;2.254629
2809.000000;2.220801
2808.000000;2.232132
2807.000000;2.267258
2806.000000;2.267376
2805.000000;2.239657
2804.000000;2.228758
2803.000000;2.254827
2802.000000;2.316181
2801.000000;2.397295
2800.000000;2.493020
2799.000000;2.610513
2798.000000;2.736443
2797.000000;2.774018
2796.000000;2.720315
2795.000000;2.680125
2794.000000;2.852261
2793.000000;3.021463
2792.000000;2.708021
2791.000000;2.615584
2790.000000;2.716444
2789.000000;2.897314
2788.000000;2.871262
2787.000000;2.674317
2786.000000;2.586401
2785.000000;2.540640
2784.000000;2.473952
2783.000000;2.421990
2782.000000;2.438930
2781.000000;2.498737
2780.000000;2.517835
2779.000000;2.501609
2778.000000;2.550723
2777.000000;2.714073
2776.000000;3.034364
2775.000000;3.198315
2774.000000;2.820889
2773.000000;2.557188
2772.000000;2.426586
2771.000000;2.396660
2770.000000;2.457607
2769.000000;2.573224
2768.000000;2.671269
2767.000000;2.723612
2766.000000;2.764877
2765.000000;2.767695
2764.000000;2.728575
2763.000000;2.643204
2762.000000;2.499513
2761.000000;2.377199
2760.000000;2.343525
2759.000000;2.401901
2758.000000;2.509150
2757.000000;2.597795
2756.000000;2.665840
2755.000000;2.762737
2754.000000;2.807814
2753.000000;2.681748
2752.000000;2.528642
2751.000000;2.462536
2750.000000;2.471493
2749.000000;2.482631
2748.000000;2.449782
2747.000000;2.415377
2746.000000;2.425689
2745.000000;2.463619
2744.000000;2.514670
2743.000000;2.613815
2742.000000;2.844463
2741.000000;3.298967
2740.000000;3.154838
2739.000000;2.829169
2738.000000;2.757216
2737.000000;2.783686
2736.000000;2.811666
2735.000000;2.757781
2734.000000;2.674135
2733.000000;2.614214
2732.000000;2.548960
2731.000000;2.465050
2730.000000;2.405426
2729.000000;2.408416
2728.000000;2.483183
2727.000000;2.568584
2726.000000;2.577864
2725.000000;2.553255
2724.000000;2.661777
2723.000000;2.992651
2722.000000;2.997303
2721.000000;2.811640
2720.000000;2.739025
2719.000000;2.651518
2718.000000;2.591854
2717.000000;2.612970
2716.000000;2.737597
2715.000000;2.983018
2714.000000;3.172900
2713.000000;2.891412
2712.000000;2.658697
2711.000000;2.566856
2710.000000;2.517948
2709.000000;2.470452
2708.000000;2.441854
2707.000000;2.435172
2706.000000;2.446679
2705.000000;2.493115
2704.000000;2.573316
2703.000000;2.644946
2702.000000;2.634066
2701.000000;2.565425
2700.000000;2.523794
2699.000000;2.553374
2698.000000;2.677517
2697.000000;2.878440
2696.000000;3.037439
2695.000000;3.050498
2694.000000;2.913002
2693.000000;2.701803
2692.000000;2.539070
2691.000000;2.457110
2690.000000;2.445701
2689.000000;2.491211
2688.000000;2.573487
2687.000000;2.667471
2686.000000;2.678145
2685.000000;2.551257
2684.000000;2.418274
2683.000000;2.327412
2682.000000;2.261804
2681.000000;2.220221
2680.000000;2.223703
2679.000000;2.302398
2678.000000;2.385522
2677.000000;2.340596
2676.000000;2.272430
2675.000000;2.258266
2674.000000;2.262046
2673.000000;2.273210
2672.000000;2.298947
2671.000000;2.339116
2670.000000;2.392007
2669.000000;2.432477
2668.000000;2.442479
2667.000000;2.449267
2666.000000;2.481757
2665.000000;2.547958
2664.000000;2.670982
2663.000000;2.799048
2662.000000;3.137091
2661.000000;3.390348
2660.000000;2.814766
2659.000000;2.651710
2658.000000;2.605062
2657.000000;2.566530
2656.000000;2.523611
2655.000000;2.468277
2654.000000;2.444774
2653.000000;2.409258
2652.000000;2.352885
2651.000000;2.302215
2650.000000;2.275425
2649.000000;2.271019
2648.000000;2.287436
2647.000000;2.312836
2646.000000;2.335334
2645.000000;2.363443
2644.000000;2.399538
2643.000000;2.402462
2642.000000;2.346358
2641.000000;2.282755
2640.000000;2.263221
2639.000000;2.279108
2638.000000;2.276664
2637.000000;2.230997
2636.000000;2.180800
2635.000000;2.166607
2634.000000;2.196798
2633.000000;2.249982
2632.000000;2.288865
2631.000000;2.289428
2630.000000;2.262344
2629.000000;2.235099
2628.000000;2.217298
2627.000000;2.211293
2626.000000;2.235556
2625.000000;2.287890
2624.000000;2.351846
2623.000000;2.394313
2622.000000;2.420151
2621.000000;2.489959
2620.000000;2.675660
2619.000000;3.037848
2618.000000;2.966551
2617.000000;2.678643
2616.000000;2.563027
2615.000000;2.554868
2614.000000;2.601413
2613.000000;2.611790
2612.000000;2.575748
2611.000000;2.647317
2610.000000;2.968803
2609.000000;2.921483
2608.000000;2.669725
2607.000000;2.657588
2606.000000;2.714463
2605.000000;2.749488
2604.000000;2.730763
2603.000000;2.969566
2602.000000;3.442121
2601.000000;2.947459
2600.000000;2.819557
2599.000000;2.905801
2598.000000;3.063968
2597.000000;3.229134
2596.000000;3.272743
2595.000000;3.201048
2594.000000;2.903730
2593.000000;2.634205
2592.000000;2.456680
2591.000000;2.360900
2590.000000;2.334317
2589.000000;2.368881
2588.000000;2.434151
2587.000000;2.485571
2586.000000;2.505567
2585.000000;2.539864
2584.000000;2.597358
2583.000000;2.611174
2582.000000;2.601662
2581.000000;2.575867
2580.000000;2.543297
2579.000000;2.567097
2578.000000;2.643482
2577.000000;2.703656
2576.000000;2.692409
2575.000000;2.711490
2574.000000;2.733253
2573.000000;2.597491
2572.000000;2.477084
2571.000000;2.483389
2570.000000;2.595087
2569.000000;2.732474
2568.000000;2.746618
2567.000000;2.651402
2566.000000;2.642080
2565.000000;2.816884
2564.000000;3.150112
2563.000000;3.465179
2562.000000;3.195645
2561.000000;2.848182
2560.000000;2.701912
2559.000000;2.685086
2558.000000;2.721952
2557.000000;2.748756
2556.000000;2.765065
2555.000000;2.790769
2554.000000;2.726140
2553.000000;2.497266
2552.000000;2.308853
2551.000000;2.248220
2550.000000;2.301807
2549.000000;2.407128
2548.000000;2.477084
2547.000000;2.503061
2546.000000;2.651763
2545.000000;3.117649
2544.000000;2.827423
2543.000000;2.458737
2542.000000;2.402125
2541.000000;2.546820
2540.000000;2.661297
2539.000000;2.548866
2538.000000;2.456377
2537.000000;2.229502
2536.000000;2.016687
2535.000000;1.941215
2534.000000;1.988914
2533.000000;2.149150
2532.000000;2.329041
2531.000000;2.312822
2530.000000;2.173799
2529.000000;2.068226
2528.000000;2.042789
2527.000000;2.156533
2526.000000;2.437143
2525.000000;2.571343
2524.000000;2.386040
2523.000000;2.263178
2522.000000;2.256364
2521.000000;2.465805
2520.000000;2.994822
2519.000000;2.817401
2518.000000;2.475605
2517.000000;2.413694
2516.000000;2.481148
2515.000000;2.695477
2514.000000;3.372645
2513.000000;3.032283
2512.000000;2.551122
2511.000000;2.441033
2510.000000;2.450318
2509.000000;2.542411
2508.000000;2.751871
2507.000000;2.760848
2506.000000;2.510798
2505.000000;2.428124
2504.000000;2.596351
2503.000000;2.808732
2502.000000;2.799568
2501.000000;2.791954
2500.000000;2.531663
2499.000000;2.446862
2498.000000;2.673016
2497.000000;2.766954
2496.000000;2.495232
2495.000000;2.367547
2494.000000;2.336535
2493.000000;2.418548
2492.000000;2.636092
2491.000000;2.798691
2490.000000;2.608553
2489.000000;2.363635
2488.000000;2.261134
2487.000000;2.300756
2486.000000;2.385016
2485.000000;2.488306
2484.000000;2.734892
2483.000000;2.737078
2482.000000;2.584519
2481.000000;2.586919
2480.000000;2.613938
2479.000000;2.829550
2478.000000;3.617157
2477.000000;3.095088
2476.000000;2.933407
2475.000000;3.116085
2474.000000;3.009735
2473.000000;2.806477
2472.000000;2.751304
2471.000000;2.808540
2470.000000;2.779273
2469.000000;2.569048
2468.000000;2.417933
2467.000000;2.370671
2466.000000;2.362613
2465.000000;2.386631
2464.000000;2.458912
2463.000000;2.547548
2462.000000;2.509778
2461.000000;2.437077
2460.000000;2.451511
2459.000000;2.607044
2458.000000;3.237530
2457.000000;3.262228
2456.000000;2.834744
2455.000000;2.686994
2454.000000;2.541138
2453.000000;2.469625
2452.000000;2.389381
2451.000000;2.299855
2450.000000;2.239673
2449.000000;2.231549
2448.000000;2.293700
2447.000000;2.410081
2446.000000;2.532073
2445.000000;2.603933
2444.000000;2.610743
2443.000000;2.552961
2442.000000;2.438272
2441.000000;2.355925
2440.000000;2.353997
2439.000000;2.431434
2438.000000;2.547388
2437.000000;2.643002
2436.000000;2.715922
2435.000000;2.813743
2434.000000;3.233392
2433.000000;3.372255
2432.000000;2.877625
2431.000000;2.788688
2430.000000;2.890492
2429.000000;3.076306
2428.000000;2.990529
2427.000000;2.760338
2426.000000;2.669881
2425.000000;2.653904
2424.000000;2.568772
2423.000000;2.460440
2422.000000;2.426180
2421.000000;2.451890
2420.000000;2.470301
2419.000000;2.441232
2418.000000;2.401505
2417.000000;2.398236
2416.000000;2.421280
2415.000000;2.447659
2414.000000;2.482450
2413.000000;2.489439
2412.000000;2.433226
2411.000000;2.352996
2410.000000;2.293598
2409.000000;2.267327
2408.000000;2.254201
2407.000000;2.234625
2406.000000;2.222815
2405.000000;2.246709
2404.000000;2.308246
2403.000000;2.381262
2402.000000;2.440706
2401.000000;2.458000
2400.000000;2.406102
2399.000000;2.337924
2398.000000;2.344167
2397.000000;2.487421
2396.000000;2.761884
2395.000000;2.867866
2394.000000;2.737524
2393.000000;2.616200
2392.000000;2.541808
2391.000000;2.513423
2390.000000;2.511219
2389.000000;2.495586
2388.000000;2.451225
2387.000000;2.412041
2386.000000;2.409883
2385.000000;2.467122
2384.000000;2.617311
2383.000000;2.829184
2382.000000;2.934761
2381.000000;2.810874
2380.000000;2.751492
2379.000000;3.053324
2378.000000;2.900950
2377.000000;2.562162
2376.000000;2.466047
2375.000000;2.433441
2374.000000;2.453189
2373.000000;2.442036
2372.000000;2.344845
2371.000000;2.265090
2370.000000;2.229497
2369.000000;2.225235
2368.000000;2.271451
2367.000000;2.381116
2366.000000;2.512461
2365.000000;2.569518
2364.000000;2.550353
2363.000000;2.569285
2362.000000;2.692684
2361.000000;2.856274
2360.000000;2.784674
2359.000000;2.521999
2358.000000;2.358665
2357.000000;2.374513
2356.000000;2.460747
2355.000000;2.296056
2354.000000;2.119758
2353.000000;2.115660
2352.000000;2.222766
2351.000000;2.402257
2350.000000;2.614623
2349.000000;2.597560
2348.000000;2.454124
2347.000000;2.317024
2346.000000;2.217655
2345.000000;2.243801
2344.000000;2.369738
2343.000000;2.496794
2342.000000;2.493026
2341.000000;2.611468
2340.000000;3.160065
2339.000000;2.651477
2338.000000;2.432447
2337.000000;2.394937
2336.000000;2.398411
2335.000000;2.411799
2334.000000;2.445171
2333.000000;2.524398
2332.000000;2.640142
2331.000000;2.683367
2330.000000;2.601911
2329.000000;2.628823
2328.000000;2.822683
2327.000000;3.147007
2326.000000;3.294959
2325.000000;3.094296
2324.000000;2.974132
2323.000000;2.897424
2322.000000;2.696077
2321.000000;2.548962
2320.000000;2.477684
2319.000000;2.388129
2318.000000;2.295066
2317.000000;2.252688
2316.000000;2.237595
2315.000000;2.195307
2314.000000;2.115218
2313.000000;2.054145
2312.000000;2.045159
2311.000000;2.096737
2310.000000;2.183153
2309.000000;2.270185
2308.000000;2.322666
2307.000000;2.345905
2306.000000;2.381555
2305.000000;2.476456
2304.000000;2.628100
2303.000000;2.700064
2302.000000;2.557821
2301.000000;2.396148
2300.000000;2.331012
2299.000000;2.368159
2298.000000;2.454523
2297.000000;2.496815
2296.000000;2.446029
2295.000000;2.379697
2294.000000;2.373775
2293.000000;2.445561
2292.000000;2.578252
2291.000000;2.733391
2290.000000;2.845774
2289.000000;2.967272
2288.000000;3.436888
2287.000000;3.379513
2286.000000;3.258477
2285.000000;2.946610
2284.000000;2.581390
2283.000000;2.436859
2282.000000;2.416816
2281.000000;2.487149
2280.000000;2.646363
2279.000000;2.828753
2278.000000;2.955683
2277.000000;3.253274
2276.000000;3.009695
2275.000000;2.591347
2274.000000;2.399338
2273.000000;2.305239
2272.000000;2.299811
2271.000000;2.353007
2270.000000;2.436828
2269.000000;2.544905
2268.000000;2.749971
2267.000000;2.947663
2266.000000;2.770362
2265.000000;2.691293
2264.000000;2.741272
2263.000000;2.724461
2262.000000;2.652202
2261.000000;2.623882
2260.000000;2.678260
2259.000000;2.796019
2258.000000;2.787728
2257.000000;2.671855
2256.000000;2.638545
2255.000000;2.720489
2254.000000;3.114303
2253.000000;3.370696
2252.000000;2.720376
2251.000000;2.572871
2250.000000;2.510731
2249.000000;2.545009
2248.000000;2.632849
2247.000000;2.751773
2246.000000;2.887116
2245.000000;2.994032
2244.000000;2.881737
2243.000000;2.717227
2242.000000;2.693060
2241.000000;2.803858
2240.000000;3.007819
2239.000000;3.096818
2238.000000;2.901172
2237.000000;2.652507
2236.000000;2.456254
2235.000000;2.340440
2234.000000;2.302083
2233.000000;2.326904
2232.000000;2.408902
2231.000000;2.552408
2230.000000;2.763303
2229.000000;2.887173
2228.000000;2.738731
2227.000000;2.629628
2226.000000;2.617390
2225.000000;2.595200
2224.000000;2.456602
2223.000000;2.285387
2222.000000;2.168271
2221.000000;2.123013
2220.000000;2.129910
2219.000000;2.153764
2218.000000;2.175380
2217.000000;2.199246
2216.000000;2.226715
2215.000000;2.251442
2214.000000;2.270912
2213.000000;2.297665
2212.000000;2.354584
2211.000000;2.449189
2210.000000;2.552914
2209.000000;2.623771
2208.000000;2.662036
2207.000000;2.679250
2206.000000;2.651599
2205.000000;2.605405
2204.000000;2.599632
2203.000000;2.656349
2202.000000;2.824610
2201.000000;3.034205
2200.000000;2.849720
2199.000000;2.814570
2198.000000;3.130341
2197.000000;3.147025
2196.000000;2.859185
2195.000000;2.827450
2194.000000;2.701323
2193.000000;2.581146
2192.000000;2.497501
2191.000000;2.471065
2190.000000;2.487488
2189.000000;2.506834
2188.000000;2.522869
2187.000000;2.558334
2186.000000;2.635723
2185.000000;2.690385
2184.000000;2.634393
2183.000000;2.607424
2182.000000;2.612176
2181.000000;2.568242
2180.000000;2.517756
2179.000000;2.482373
2178.000000;2.448769
2177.000000;2.393480
2176.000000;2.336444
2175.000000;2.317240
2174.000000;2.336388
2173.000000;2.365939
2172.000000;2.387452
2171.000000;2.391111
2170.000000;2.388276
2169.000000;2.427496
2168.000000;2.526798
2167.000000;2.651178
2166.000000;2.756451
2165.000000;2.798287
2164.000000;2.803089
2163.000000;2.879265
2162.000000;3.114702
2161.000000;2.951225
2160.000000;2.725186
2159.000000;2.700643
2158.000000;2.815330
2157.000000;3.221930
2156.000000;3.432688
2155.000000;3.065415
2154.000000;3.041788
2153.000000;3.125442
2152.000000;3.189609
2151.000000;3.492852
2150.000000;2.950907
2149.000000;2.714100
2148.000000;2.651361
2147.000000;2.632650
2146.000000;2.574283
2145.000000;2.529990
2144.000000;2.593703
2143.000000;2.807386
2142.000000;2.805762
2141.000000;2.626630
2140.000000;2.600498
2139.000000;2.638146
2138.000000;2.679501
2137.000000;2.681878
2136.000000;2.691840
2135.000000;2.751735
2134.000000;2.797269
2133.000000;2.600312
2132.000000;2.429688
2131.000000;2.375603
2130.000000;2.378090
2129.000000;2.389351
2128.000000;2.404300
2127.000000;2.455937
2126.000000;2.554712
2125.000000;2.635520
2124.000000;2.635146
2123.000000;2.625197
2122.000000;2.650181
2121.000000;2.682553
2120.000000;2.686703
2119.000000;2.657077
2118.000000;2.577518
2117.000000;2.475940
2116.000000;2.401654
2115.000000;2.369684
2114.000000;2.368227
2113.000000;2.377498
2112.000000;2.384042
2111.000000;2.378011
2110.000000;2.362609
2109.000000;2.356249
2108.000000;2.358313
2107.000000;2.347761
2106.000000;2.332633
2105.000000;2.361892
2104.000000;2.483015
2103.000000;2.712316
2102.000000;2.977293
2101.000000;3.010807
2100.000000;2.896928
2099.000000;2.729549
2098.000000;2.592718
2097.000000;2.533071
2096.000000;2.531031
2095.000000;2.593646
2094.000000;2.747647
2093.000000;2.931966
2092.000000;2.862163
2091.000000;2.696182
2090.000000;2.567053
2089.000000;2.423912
2088.000000;2.290373
2087.000000;2.207413
2086.000000;2.185666
2085.000000;2.205429
2084.000000;2.236377
2083.000000;2.269098
2082.000000;2.321396
2081.000000;2.398520
2080.000000;2.455110
2079.000000;2.431621
2078.000000;2.350927
2077.000000;2.280462
2076.000000;2.256160
2075.000000;2.289345
2074.000000;2.377531
2073.000000;2.504621
2072.000000;2.651688
2071.000000;2.768090
2070.000000;2.776194
2069.000000;2.725552
2068.000000;2.686797
2067.000000;2.642088
2066.000000;2.579677
2065.000000;2.530421
2064.000000;2.514802
2063.000000;2.532785
2062.000000;2.570310
2061.000000;2.571106
2060.000000;2.488104
2059.000000;2.389960
2058.000000;2.336628
2057.000000;2.331654
2056.000000;2.342333
2055.000000;2.327171
2054.000000;2.304164
2053.000000;2.339704
2052.000000;2.495996
2051.000000;2.697611
2050.000000;2.636087
2049.000000;2.575115
2048.000000;2.608106
2047.000000;2.629075
2046.000000;2.616961
2045.000000;2.619464
2044.000000;2.691054
2043.000000;2.899474
2042.000000;2.898224
2041.000000;2.759854
2040.000000;2.921396
2039.000000;3.369258
2038.000000;3.099899
2037.000000;3.028915
2036.000000;2.926211
2035.000000;2.723778
2034.000000;2.580316
2033.000000;2.495986
2032.000000;2.451663
2031.000000;2.443342
2030.000000;2.477725
2029.000000;2.520698
2028.000000;2.519103
2027.000000;2.499602
2026.000000;2.519254
2025.000000;2.527352
2024.000000;2.487378
2023.000000;2.505842
2022.000000;2.609435
2021.000000;2.711865
2020.000000;2.736498
2019.000000;2.742849
2018.000000;2.772907
2017.000000;2.672069
2016.000000;2.518230
2015.000000;2.468538
2014.000000;2.516809
2013.000000;2.592162
2012.000000;2.640361
2011.000000;2.635155
2010.000000;2.697195
2009.000000;2.935951
2008.000000;2.780672
2007.000000;2.528987
2006.000000;2.485480
2005.000000;2.533962
2004.000000;2.580305
2003.000000;2.527937
2002.000000;2.414067
2001.000000;2.314018
2000.000000;2.281478
1999.000000;2.310006
1998.000000;2.353388
1997.000000;2.364247
1996.000000;2.363542
1995.000000;2.411630
1994.000000;2.530084
1993.000000;2.692669
1992.000000;2.890603
1991.000000;3.257499
1990.000000;3.524213
1989.000000;3.216827
1988.000000;2.993838
1987.000000;2.750817
1986.000000;2.595298
1985.000000;2.538671
1984.000000;2.588299
1983.000000;2.752165
1982.000000;3.042766
1981.000000;3.518632
1980.000000;3.643054
1979.000000;3.287535
1978.000000;3.099530
1977.000000;2.960553
1976.000000;2.862878
1975.000000;2.758085
1974.000000;2.661695
1973.000000;2.634689
1972.000000;2.693949
1971.000000;2.814310
1970.000000;2.942770
1969.000000;2.967519
1968.000000;2.845691
1967.000000;2.733359
1966.000000;2.710886
1965.000000;2.810822
1964.000000;3.110949
1963.000000;2.987862
1962.000000;2.734874
1961.000000;2.686794
1960.000000;2.710576
1959.000000;2.681263
1958.000000;2.581301
1957.000000;2.494997
1956.000000;2.470620
1955.000000;2.507736
1954.000000;2.570643
1953.000000;2.617894
1952.000000;2.632231
1951.000000;2.636153
1950.000000;2.707153
1949.000000;2.755633
1948.000000;2.606524
1947.000000;2.455941
1946.000000;2.386407
1945.000000;2.386965
1944.000000;2.440396
1943.000000;2.492687
1942.000000;2.499178
1941.000000;2.503160
1940.000000;2.575329
1939.000000;2.735573
1938.000000;2.911128
1937.000000;2.923830
1936.000000;2.757334
1935.000000;2.622213
1934.000000;2.546573
1933.000000;2.467085
1932.000000;2.371919
1931.000000;2.290018
1930.000000;2.233973
1929.000000;2.194661
1928.000000;2.173157
1927.000000;2.185946
1926.000000;2.239168
1925.000000;2.324311
1924.000000;2.422294
1923.000000;2.475595
1922.000000;2.437866
1921.000000;2.366228
1920.000000;2.328736
1919.000000;2.346098
1918.000000;2.397522
1917.000000;2.438775
1916.000000;2.446280
1915.000000;2.439274
1914.000000;2.459396
1913.000000;2.517965
1912.000000;2.538495
1911.000000;2.437931
1910.000000;2.296349
1909.000000;2.206238
1908.000000;2.182760
1907.000000;2.201839
1906.000000;2.234514
1905.000000;2.275633
1904.000000;2.350687
1903.000000;2.483105
1902.000000;2.718217
1901.000000;3.038849
1900.000000;2.821355
1899.000000;2.531122
1898.000000;2.420391
1897.000000;2.407205
1896.000000;2.442137
1895.000000;2.439276
1894.000000;2.383651
1893.000000;2.343239
1892.000000;2.356999
1891.000000;2.390030
1890.000000;2.379296
1889.000000;2.355014
1888.000000;2.360507
1887.000000;2.395250
1886.000000;2.442430
1885.000000;2.494927
1884.000000;2.548851
1883.000000;2.682021
1882.000000;3.115291
1881.000000;2.984986
1880.000000;2.641451
1879.000000;2.610910
1878.000000;2.689159
1877.000000;2.737694
1876.000000;2.673015
1875.000000;2.581703
1874.000000;2.569275
1873.000000;2.667241
1872.000000;2.824958
1871.000000;2.896482
1870.000000;2.905945
1869.000000;2.971567
1868.000000;3.087591
1867.000000;3.089344
1866.000000;2.931953
1865.000000;2.731735
1864.000000;2.538016
1863.000000;2.406671
1862.000000;2.360893
1861.000000;2.414285
1860.000000;2.549867
1859.000000;2.684941
1858.000000;2.725351
1857.000000;2.862345
1856.000000;3.432892
1855.000000;2.951245
1854.000000;2.652098
1853.000000;2.611304
1852.000000;2.593151
1851.000000;2.495942
1850.000000;2.417982
1849.000000;2.421603
1848.000000;2.493367
1847.000000;2.543977
1846.000000;2.463742
1845.000000;2.394452
1844.000000;2.416834
1843.000000;2.472930
1842.000000;2.495291
1841.000000;2.482428
1840.000000;2.477908
1839.000000;2.559147
1838.000000;2.757605
1837.000000;2.885612
1836.000000;2.860055
1835.000000;2.778724
1834.000000;2.699331
1833.000000;2.670973
1832.000000;2.676455
1831.000000;2.688260
1830.000000;2.691671
1829.000000;2.715717
1828.000000;2.775608
1827.000000;2.894059
1826.000000;2.970610
1825.000000;2.879548
1824.000000;2.855177
1823.000000;2.888612
1822.000000;2.946590
1821.000000;3.002334
1820.000000;2.907413
1819.000000;2.732088
1818.000000;2.571080
1817.000000;2.500275
1816.000000;2.502058
1815.000000;2.497235
1814.000000;2.449248
1813.000000;2.408492
1812.000000;2.419498
1811.000000;2.483483
1810.000000;2.584803
1809.000000;2.628685
1808.000000;2.546653
1807.000000;2.461729
1806.000000;2.439925
1805.000000;2.482919
1804.000000;2.591405
1803.000000;2.684030
1802.000000;2.637452
1801.000000;2.555978
1800.000000;2.493544
1799.000000;2.445157
1798.000000;2.417432
1797.000000;2.431684
1796.000000;2.495252
1795.000000;2.644869
1794.000000;3.029334
1793.000000;3.077814
1792.000000;2.841408
1791.000000;2.913203
1790.000000;2.903268
1789.000000;2.807230
1788.000000;2.707937
1787.000000;2.590572
1786.000000;2.514206
1785.000000;2.543012
1784.000000;2.697515
1783.000000;2.750968
1782.000000;2.640332
1781.000000;2.573283
1780.000000;2.540047
1779.000000;2.523434
1778.000000;2.560450
1777.000000;2.659033
1776.000000;2.795276
1775.000000;2.839458
1774.000000;2.733323
1773.000000;2.697409
1772.000000;2.708334
1771.000000;2.628321
1770.000000;2.485978
1769.000000;2.348909
1768.000000;2.246403
1767.000000;2.186557
1766.000000;2.167876
1765.000000;2.181493
1764.000000;2.210132
1763.000000;2.245609
1762.000000;2.285361
1761.000000;2.321670
1760.000000;2.351262
1759.000000;2.381935
1758.000000;2.432876
1757.000000;2.499397
1756.000000;2.541441
1755.000000;2.534211
1754.000000;2.492527
1753.000000;2.454067
1752.000000;2.455820
1751.000000;2.492677
1750.000000;2.524929
1749.000000;2.539944
1748.000000;2.570239
1747.000000;2.691083
1746.000000;2.895034
1745.000000;2.943569
1744.000000;2.825508
1743.000000;2.688149
1742.000000;2.622917
1741.000000;2.638211
1740.000000;2.643011
1739.000000;2.631537
1738.000000;2.656407
1737.000000;2.707449
1736.000000;2.794898
1735.000000;2.914337
1734.000000;2.831273
1733.000000;2.679544
1732.000000;2.631207
1731.000000;2.644339
1730.000000;2.703647
1729.000000;2.718112
1728.000000;2.749905
1727.000000;3.012755
1726.000000;3.082456
1725.000000;2.855138
1724.000000;2.704332
1723.000000;2.555468
1722.000000;2.481812
1721.000000;2.460143
1720.000000;2.437562
1719.000000;2.413658
1718.000000;2.417411
1717.000000;2.468767
1716.000000;2.558629
1715.000000;2.658976
1714.000000;2.701169
1713.000000;2.642076
1712.000000;2.555636
1711.000000;2.535260
1710.000000;2.596151
1709.000000;2.681157
1708.000000;2.732341
1707.000000;2.843713
1706.000000;2.994782
1705.000000;2.852456
1704.000000;2.652908
1703.000000;2.524986
1702.000000;2.426155
1701.000000;2.395651
1700.000000;2.438448
1699.000000;2.558090
1698.000000;2.682734
1697.000000;2.758298
1696.000000;2.944701
1695.000000;3.347229
1694.000000;3.742176
1693.000000;3.235452
1692.000000;3.134466
1691.000000;2.836974
1690.000000;2.524343
1689.000000;2.382214
1688.000000;2.313314
1687.000000;2.296809
1686.000000;2.317516
1685.000000;2.391893
1684.000000;2.512119
1683.000000;2.600016
1682.000000;2.608721
1681.000000;2.602037
1680.000000;2.703830
1679.000000;2.932784
1678.000000;2.986549
1677.000000;2.839485
1676.000000;2.801553
1675.000000;2.835952
1674.000000;2.935816
1673.000000;3.339762
1672.000000;3.231081
1671.000000;2.728621
1670.000000;2.517142
1669.000000;2.428841
1668.000000;2.410808
1667.000000;2.446429
1666.000000;2.506520
1665.000000;2.552248
1664.000000;2.560990
1663.000000;2.564574
1662.000000;2.573116
1661.000000;2.552112
1660.000000;2.530151
1659.000000;2.598167
1658.000000;2.818056
1657.000000;3.181664
1656.000000;3.482929
1655.000000;3.598239
1654.000000;3.085234
1653.000000;2.713154
1652.000000;2.601649
1651.000000;2.576146
1650.000000;2.517128
1649.000000;2.397967
1648.000000;2.311874
1647.000000;2.327604
1646.000000;2.472564
1645.000000;2.726328
1644.000000;2.720468
1643.000000;2.553679
1642.000000;2.534222
1641.000000;2.667266
1640.000000;2.918795
1639.000000;3.146687
1638.000000;3.058040
1637.000000;2.750515
1636.000000;2.546646
1635.000000;2.447618
1634.000000;2.375383
1633.000000;2.303451
1632.000000;2.263877
1631.000000;2.277049
1630.000000;2.329080
1629.000000;2.399341
1628.000000;2.454221
1627.000000;2.443954
1626.000000;2.365830
1625.000000;2.278826
1624.000000;2.225248
1623.000000;2.233427
1622.000000;2.319625
1621.000000;2.468290
1620.000000;2.602393
1619.000000;2.570868
1618.000000;2.476054
1617.000000;2.452422
1616.000000;2.457553
1615.000000;2.436536
1614.000000;2.419720
1613.000000;2.452819
1612.000000;2.571459
1611.000000;2.743637
1610.000000;2.949402
1609.000000;3.315011
1608.000000;2.921882
1607.000000;2.565969
1606.000000;2.541693
1605.000000;2.720033
1604.000000;2.743375
1603.000000;2.602432
1602.000000;2.646863
1601.000000;2.805648
1600.000000;2.887115
1599.000000;2.814387
1598.000000;2.709716
1597.000000;2.653591
1596.000000;2.610366
1595.000000;2.566785
1594.000000;2.511530
1593.000000;2.447845
1592.000000;2.403451
1591.000000;2.412623
1590.000000;2.475944
1589.000000;2.500349
1588.000000;2.417788
1587.000000;2.345449
1586.000000;2.364388
1585.000000;2.454968
1584.000000;2.514238
1583.000000;2.485970
1582.000000;2.458142
1581.000000;2.464969
1580.000000;2.435487
1579.000000;2.342876
1578.000000;2.267993
1577.000000;2.300889
1576.000000;2.433504
1575.000000;2.551586
1574.000000;2.579536
1573.000000;2.601634
1572.000000;2.708629
1571.000000;2.675959
1570.000000;2.511335
1569.000000;2.428845
1568.000000;2.396479
1567.000000;2.383321
1566.000000;2.396375
1565.000000;2.422214
1564.000000;2.417970
1563.000000;2.401062
1562.000000;2.418695
1561.000000;2.399042
1560.000000;2.344384
1559.000000;2.326656
1558.000000;2.326994
1557.000000;2.341790
1556.000000;2.342592
1555.000000;2.343321
1554.000000;2.385469
1553.000000;2.434130
1552.000000;2.477368
1551.000000;2.491709
1550.000000;2.480573
1549.000000;2.498922
1548.000000;2.523716
1547.000000;2.509643
1546.000000;2.451898
1545.000000;2.408300
1544.000000;2.397042
1543.000000;2.402303
1542.000000;2.410904
1541.000000;2.600413
1540.000000;2.894253
1539.000000;2.589553
1538.000000;2.419223
1537.000000;2.396039
1536.000000;2.394890
1535.000000;2.407902
1534.000000;2.435063
1533.000000;2.510983
1532.000000;2.593973
1531.000000;2.545868
1530.000000;2.387032
1529.000000;2.242502
1528.000000;2.168224
1527.000000;2.209945
1526.000000;2.380164
1525.000000;2.667440
1524.000000;2.954382
1523.000000;2.791389
1522.000000;2.544922
1521.000000;2.408736
1520.000000;2.330611
1519.000000;2.313652
1518.000000;2.343864
1517.000000;2.380837
1516.000000;2.414751
1515.000000;2.514280
1514.000000;2.743825
1513.000000;2.984881
1512.000000;2.980280
1511.000000;2.877669
1510.000000;2.903406
1509.000000;2.898406
1508.000000;2.708026
1507.000000;2.616703
1506.000000;2.561632
1505.000000;2.554751
1504.000000;2.672264
1503.000000;2.563719
1502.000000;2.346535
1501.000000;2.269522
1500.000000;2.274749
1499.000000;2.316781
1498.000000;2.403382
1497.000000;2.581925
1496.000000;2.750168
1495.000000;2.645706
1494.000000;2.478285
1493.000000;2.356922
1492.000000;2.301261
1491.000000;2.319280
1490.000000;2.394497
1489.000000;2.475896
1488.000000;2.427127
1487.000000;2.268304
1486.000000;2.167781
1485.000000;2.168567
1484.000000;2.259748
1483.000000;2.377760
1482.000000;2.397651
1481.000000;2.372888
1480.000000;2.372927
1479.000000;2.377166
1478.000000;2.396272
1477.000000;2.462342
1476.000000;2.595404
1475.000000;2.657417
1474.000000;2.541350
1473.000000;2.453528
1472.000000;2.421738
1471.000000;2.397302
1470.000000;2.373954
1469.000000;2.398295
1468.000000;2.501420
1467.000000;2.673270
1466.000000;2.688232
1465.000000;2.635353
1464.000000;3.022739
1463.000000;3.101084
1462.000000;2.613818
1461.000000;2.469619
1460.000000;2.404673
1459.000000;2.366145
1458.000000;2.332532
1457.000000;2.284350
1456.000000;2.270948
1455.000000;2.344047
1454.000000;2.563159
1453.000000;2.858040
1452.000000;2.776275
1451.000000;2.642406
1450.000000;2.561209
1449.000000;2.485272
1448.000000;2.472371
1447.000000;2.530803
1446.000000;2.805159
1445.000000;3.232230
1444.000000;2.896251
1443.000000;2.804380
1442.000000;2.978429
1441.000000;3.063591
1440.000000;2.781171
1439.000000;2.502732
1438.000000;2.329562
1437.000000;2.218176
1436.000000;2.157993
1435.000000;2.135670
1434.000000;2.127683
1433.000000;2.107952
1432.000000;2.067624
1431.000000;2.017869
1430.000000;1.976092
1429.000000;1.958387
1428.000000;1.972425
1427.000000;2.019443
1426.000000;2.103045
1425.000000;2.217310
1424.000000;2.299545
1423.000000;2.284863
1422.000000;2.253693
1421.000000;2.253905
1420.000000;2.260686
1419.000000;2.264006
1418.000000;2.269264
1417.000000;2.298208
1416.000000;2.375400
1415.000000;2.499424
1414.000000;2.633465
1413.000000;2.665267
1412.000000;2.563228
1411.000000;2.486063
1410.000000;2.530827
1409.000000;2.697556
1408.000000;2.765251
1407.000000;2.564028
1406.000000;2.380958
1405.000000;2.290451
1404.000000;2.250410
1403.000000;2.232539
1402.000000;2.240520
1401.000000;2.266565
1400.000000;2.262374
1399.000000;2.227254
1398.000000;2.220942
1397.000000;2.282876
1396.000000;2.377077
1395.000000;2.459735
1394.000000;2.503711
1393.000000;2.389031
1392.000000;2.272792
1391.000000;2.253834
1390.000000;2.272132
1389.000000;2.277464
1388.000000;2.292552
1387.000000;2.346205
1386.000000;2.345952
1385.000000;2.231663
1384.000000;2.115565
1383.000000;2.052985
1382.000000;2.029735
1381.000000;2.019347
1380.000000;2.014327
1379.000000;2.029296
1378.000000;2.066934
1377.000000;2.100292
1376.000000;2.104131
1375.000000;2.103475
1374.000000;2.146197
1373.000000;2.250237
1372.000000;2.387699
1371.000000;2.496779
1370.000000;2.549043
1369.000000;2.527904
1368.000000;2.468804
1367.000000;2.486128
1366.000000;2.540399
1365.000000;2.524017
1364.000000;2.525760
1363.000000;2.622397
1362.000000;2.778640
1361.000000;2.920009
1360.000000;3.163518
1359.000000;2.918785
1358.000000;2.547331
1357.000000;2.427156
1356.000000;2.432694
1355.000000;2.478856
1354.000000;2.453137
1353.000000;2.372790
1352.000000;2.329719
1351.000000;2.361288
1350.000000;2.435271
1349.000000;2.417815
1348.000000;2.345886
1347.000000;2.320600
1346.000000;2.327178
1345.000000;2.320289
1344.000000;2.309535
1343.000000;2.329318
1342.000000;2.367171
1341.000000;2.363342
1340.000000;2.301044
1339.000000;2.254287
1338.000000;2.276541
1337.000000;2.373384
1336.000000;2.524910
1335.000000;2.644708
1334.000000;2.641540
1333.000000;2.603948
1332.000000;2.675816
1331.000000;2.879600
1330.000000;2.689003
1329.000000;2.417316
1328.000000;2.314300
1327.000000;2.331089
1326.000000;2.478635
1325.000000;2.789672
1324.000000;3.288165
1323.000000;3.379285
1322.000000;3.584366
1321.000000;3.099233
1320.000000;2.657367
1319.000000;2.475089
1318.000000;2.424903
1317.000000;2.497780
1316.000000;2.657302
1315.000000;2.638881
1314.000000;2.469913
1313.000000;2.343140
1312.000000;2.263676
1311.000000;2.234361
1310.000000;2.241182
1309.000000;2.243665
1308.000000;2.210891
1307.000000;2.167357
1306.000000;2.161568
1305.000000;2.220129
1304.000000;2.344619
1303.000000;2.465563
1302.000000;2.480475
1301.000000;2.472466
1300.000000;2.496559
1299.000000;2.464280
1298.000000;2.340738
1297.000000;2.210429
1296.000000;2.128986
1295.000000;2.096474
1294.000000;2.116172
1293.000000;2.180928
1292.000000;2.221419
1291.000000;2.204800
1290.000000;2.166660
1289.000000;2.110221
1288.000000;2.046222
1287.000000;2.008980
1286.000000;2.017704
1285.000000;2.062396
1284.000000;2.102980
1283.000000;2.092040
1282.000000;2.057476
1281.000000;2.065135
1280.000000;2.132945
1279.000000;2.240237
1278.000000;2.334294
1277.000000;2.405959
1276.000000;2.489598
1275.000000;2.494984
1274.000000;2.453648
1273.000000;2.484186
1272.000000;2.603663
1271.000000;2.526673
1270.000000;2.268930
1269.000000;2.089196
1268.000000;1.991752
1267.000000;1.960478
1266.000000;1.985997
1265.000000;2.049324
1264.000000;2.131159
1263.000000;2.253833
1262.000000;2.465651
1261.000000;2.528196
1260.000000;2.418412
1259.000000;2.583579
1258.000000;2.834767
1257.000000;2.558074
1256.000000;2.452378
1255.000000;2.380322
1254.000000;2.261740
1253.000000;2.139089
1252.000000;2.075352
1251.000000;2.094212
1250.000000;2.194554
1249.000000;2.329897
1248.000000;2.386259
1247.000000;2.418715
1246.000000;2.551572
1245.000000;2.822392
1244.000000;3.122371
1243.000000;3.092370
1242.000000;2.941323
1241.000000;2.795459
1240.000000;2.624732
1239.000000;2.468791
1238.000000;2.357920
1237.000000;2.302459
1236.000000;2.313625
1235.000000;2.396585
1234.000000;2.491598
1233.000000;2.461759
1232.000000;2.356583
1231.000000;2.275177
1230.000000;2.231147
1229.000000;2.221041
1228.000000;2.239293
1227.000000;2.254134
1226.000000;2.211565
1225.000000;2.123551
1224.000000;2.061147
1223.000000;2.067015
1222.000000;2.131372
1221.000000;2.178485
1220.000000;2.158571
1219.000000;2.141903
1218.000000;2.193074
1217.000000;2.330985
1216.000000;2.532209
1215.000000;2.623976
1214.000000;2.523873
1213.000000;2.419575
1212.000000;2.401897
1211.000000;2.478316
1210.000000;2.653914
1209.000000;3.188019
1208.000000;2.635899
1207.000000;2.315707
1206.000000;2.243704
1205.000000;2.290826
1204.000000;2.386902
1203.000000;2.467426
1202.000000;2.521946
1201.000000;2.559765
1200.000000;2.603289
