Criado como novo conjunto de dados;"1909daniel.spp","-4269044.2 Secs"
cm-1;Abs
10000.000000;1.521458
9999.000000;1.520714
9998.000000;1.518533
9997.000000;1.515443
9996.000000;1.512614
9995.000000;1.510889
9994.000000;1.510809
9993.000000;1.511871
9992.000000;1.513169
9991.000000;1.514040
9990.000000;1.514431
9989.000000;1.514155
9988.000000;1.512700
9987.000000;1.510138
9986.000000;1.507706
9985.000000;1.506774
9984.000000;1.507457
9983.000000;1.508745
9982.000000;1.509762
9981.000000;1.510207
9980.000000;1.509775
9979.000000;1.508114
9978.000000;1.505552
9977.000000;1.503153
9976.000000;1.501612
9975.000000;1.500547
9974.000000;1.499244
9973.000000;1.497693
9972.000000;1.496463
9971.000000;1.495922
9970.000000;1.495989
9969.000000;1.496419
9968.000000;1.496855
9967.000000;1.496720
9966.000000;1.495526
9965.000000;1.493405
9964.000000;1.491126
9963.000000;1.489464
9962.000000;1.488695
9961.000000;1.488661
9960.000000;1.489115
9959.000000;1.489874
9958.000000;1.490694
9957.000000;1.491201
9956.000000;1.491098
9955.000000;1.490438
9954.000000;1.489593
9953.000000;1.488933
9952.000000;1.488621
9951.000000;1.488673
9950.000000;1.488923
9949.000000;1.488782
9948.000000;1.487395
9947.000000;1.484481
9946.000000;1.480994
9945.000000;1.478563
9944.000000;1.478205
9943.000000;1.479688
9942.000000;1.481888
9941.000000;1.483503
9940.000000;1.483671
9939.000000;1.482425
9938.000000;1.480629
9937.000000;1.479191
9936.000000;1.478236
9935.000000;1.477265
9934.000000;1.475965
9933.000000;1.474515
9932.000000;1.473177
9931.000000;1.472079
9930.000000;1.471377
9929.000000;1.471128
9928.000000;1.470918
9927.000000;1.470123
9926.000000;1.468733
9925.000000;1.467448
9924.000000;1.466734
9923.000000;1.466206
9922.000000;1.465211
9921.000000;1.463598
9920.000000;1.461695
9919.000000;1.460022
9918.000000;1.459274
9917.000000;1.460023
9916.000000;1.461929
9915.000000;1.463596
9914.000000;1.463798
9913.000000;1.462696
9912.000000;1.461372
9911.000000;1.460399
9910.000000;1.459421
9909.000000;1.458032
9908.000000;1.456474
9907.000000;1.455343
9906.000000;1.454930
9905.000000;1.454966
9904.000000;1.454875
9903.000000;1.454274
9902.000000;1.453283
9901.000000;1.452323
9900.000000;1.451676
9899.000000;1.451414
9898.000000;1.451657
9897.000000;1.452427
9896.000000;1.453171
9895.000000;1.453011
9894.000000;1.451809
9893.000000;1.450457
9892.000000;1.449690
9891.000000;1.449116
9890.000000;1.447927
9889.000000;1.446146
9888.000000;1.444538
9887.000000;1.443521
9886.000000;1.442815
9885.000000;1.442051
9884.000000;1.441147
9883.000000;1.440146
9882.000000;1.439154
9881.000000;1.438415
9880.000000;1.438029
9879.000000;1.437649
9878.000000;1.436862
9877.000000;1.435841
9876.000000;1.435193
9875.000000;1.435152
9874.000000;1.435289
9873.000000;1.435023
9872.000000;1.434121
9871.000000;1.432748
9870.000000;1.431307
9869.000000;1.430147
9868.000000;1.429135
9867.000000;1.427694
9866.000000;1.425618
9865.000000;1.423628
9864.000000;1.422671
9863.000000;1.422899
9862.000000;1.423770
9861.000000;1.424845
9860.000000;1.425848
9859.000000;1.426230
9858.000000;1.425578
9857.000000;1.424421
9856.000000;1.423819
9855.000000;1.423908
9854.000000;1.423622
9853.000000;1.422166
9852.000000;1.419959
9851.000000;1.417671
9850.000000;1.415247
9849.000000;1.412529
9848.000000;1.410210
9847.000000;1.409261
9846.000000;1.409677
9845.000000;1.410441
9844.000000;1.410644
9843.000000;1.410191
9842.000000;1.409519
9841.000000;1.409096
9840.000000;1.409188
9839.000000;1.409616
9838.000000;1.409688
9837.000000;1.408761
9836.000000;1.407023
9835.000000;1.405457
9834.000000;1.404900
9833.000000;1.405257
9832.000000;1.405726
9831.000000;1.405689
9830.000000;1.405230
9829.000000;1.404733
9828.000000;1.404172
9827.000000;1.403076
9826.000000;1.401284
9825.000000;1.399445
9824.000000;1.398416
9823.000000;1.398256
9822.000000;1.398178
9821.000000;1.397532
9820.000000;1.396457
9819.000000;1.395417
9818.000000;1.394508
9817.000000;1.393555
9816.000000;1.392607
9815.000000;1.391926
9814.000000;1.391619
9813.000000;1.391590
9812.000000;1.391767
9811.000000;1.392093
9810.000000;1.392313
9809.000000;1.392016
9808.000000;1.390931
9807.000000;1.389099
9806.000000;1.386807
9805.000000;1.384497
9804.000000;1.382702
9803.000000;1.381861
9802.000000;1.382060
9801.000000;1.382900
9800.000000;1.383615
9799.000000;1.383437
9798.000000;1.382061
9797.000000;1.379812
9796.000000;1.377309
9795.000000;1.375031
9794.000000;1.373311
9793.000000;1.372548
9792.000000;1.372936
9791.000000;1.373889
9790.000000;1.374234
9789.000000;1.373382
9788.000000;1.372064
9787.000000;1.371479
9786.000000;1.371918
9785.000000;1.372603
9784.000000;1.372754
9783.000000;1.372343
9782.000000;1.371719
9781.000000;1.371006
9780.000000;1.370177
9779.000000;1.369371
9778.000000;1.368719
9777.000000;1.368001
9776.000000;1.366848
9775.000000;1.365352
9774.000000;1.364231
9773.000000;1.364163
9772.000000;1.365076
9771.000000;1.366176
9770.000000;1.366584
9769.000000;1.365941
9768.000000;1.364537
9767.000000;1.363005
9766.000000;1.361883
9765.000000;1.361263
9764.000000;1.360755
9763.000000;1.359836
9762.000000;1.358369
9761.000000;1.356770
9760.000000;1.355630
9759.000000;1.355168
9758.000000;1.355011
9757.000000;1.354486
9756.000000;1.353205
9755.000000;1.351472
9754.000000;1.350110
9753.000000;1.349752
9752.000000;1.350233
9751.000000;1.350719
9750.000000;1.350460
9749.000000;1.349376
9748.000000;1.347970
9747.000000;1.346868
9746.000000;1.346444
9745.000000;1.346634
9744.000000;1.346963
9743.000000;1.346881
9742.000000;1.346184
9741.000000;1.344986
9740.000000;1.343310
9739.000000;1.341117
9738.000000;1.338882
9737.000000;1.337679
9736.000000;1.338206
9735.000000;1.339884
9734.000000;1.341348
9733.000000;1.341766
9732.000000;1.341342
9731.000000;1.340569
9730.000000;1.339621
9729.000000;1.338612
9728.000000;1.337913
9727.000000;1.337741
9726.000000;1.337695
9725.000000;1.337068
9724.000000;1.335576
9723.000000;1.333623
9722.000000;1.331920
9721.000000;1.330950
9720.000000;1.330744
9719.000000;1.330971
9718.000000;1.331215
9717.000000;1.331233
9716.000000;1.330970
9715.000000;1.330368
9714.000000;1.329307
9713.000000;1.327807
9712.000000;1.326185
9711.000000;1.324920
9710.000000;1.324311
9709.000000;1.324201
9708.000000;1.324066
9707.000000;1.323478
9706.000000;1.322483
9705.000000;1.321461
9704.000000;1.320632
9703.000000;1.319829
9702.000000;1.318835
9701.000000;1.317723
9700.000000;1.316664
9699.000000;1.315592
9698.000000;1.314387
9697.000000;1.313299
9696.000000;1.312778
9695.000000;1.312807
9694.000000;1.312747
9693.000000;1.312037
9692.000000;1.310852
9691.000000;1.309824
9690.000000;1.309259
9689.000000;1.308852
9688.000000;1.308156
9687.000000;1.307083
9686.000000;1.305844
9685.000000;1.304541
9684.000000;1.303067
9683.000000;1.301535
9682.000000;1.300576
9681.000000;1.300818
9680.000000;1.302000
9679.000000;1.302927
9678.000000;1.302575
9677.000000;1.301060
9676.000000;1.299282
9675.000000;1.297924
9674.000000;1.297174
9673.000000;1.297118
9672.000000;1.297776
9671.000000;1.298682
9670.000000;1.299035
9669.000000;1.298511
9668.000000;1.297628
9667.000000;1.297076
9666.000000;1.296958
9665.000000;1.296841
9664.000000;1.296248
9663.000000;1.294936
9662.000000;1.293012
9661.000000;1.291052
9660.000000;1.289889
9659.000000;1.289919
9658.000000;1.290649
9657.000000;1.291098
9656.000000;1.290618
9655.000000;1.289243
9654.000000;1.287410
9653.000000;1.285594
9652.000000;1.284146
9651.000000;1.283209
9650.000000;1.282691
9649.000000;1.282380
9648.000000;1.282096
9647.000000;1.281694
9646.000000;1.281041
9645.000000;1.280127
9644.000000;1.279145
9643.000000;1.278328
9642.000000;1.277742
9641.000000;1.277325
9640.000000;1.277069
9639.000000;1.277018
9638.000000;1.277064
9637.000000;1.276862
9636.000000;1.276088
9635.000000;1.274773
9634.000000;1.273342
9633.000000;1.272263
9632.000000;1.271642
9631.000000;1.271211
9630.000000;1.270718
9629.000000;1.270234
9628.000000;1.270012
9627.000000;1.270054
9626.000000;1.269970
9625.000000;1.269305
9624.000000;1.267906
9623.000000;1.265977
9622.000000;1.263877
9621.000000;1.261963
9620.000000;1.260541
9619.000000;1.259862
9618.000000;1.260048
9617.000000;1.260922
9616.000000;1.261963
9615.000000;1.262568
9614.000000;1.262534
9613.000000;1.262256
9612.000000;1.262193
9611.000000;1.262167
9610.000000;1.261462
9609.000000;1.259732
9608.000000;1.257629
9607.000000;1.256279
9606.000000;1.256144
9605.000000;1.256605
9604.000000;1.256700
9603.000000;1.256129
9602.000000;1.255386
9601.000000;1.255001
9600.000000;1.254938
9599.000000;1.254831
9598.000000;1.254559
9597.000000;1.254281
9596.000000;1.253961
9595.000000;1.253234
9594.000000;1.251909
9593.000000;1.250297
9592.000000;1.248875
9591.000000;1.247821
9590.000000;1.247053
9589.000000;1.246506
9588.000000;1.246181
9587.000000;1.246045
9586.000000;1.246106
9585.000000;1.246450
9584.000000;1.246971
9583.000000;1.247181
9582.000000;1.246599
9581.000000;1.245323
9580.000000;1.243956
9579.000000;1.242953
9578.000000;1.242220
9577.000000;1.241314
9576.000000;1.239875
9575.000000;1.237872
9574.000000;1.235620
9573.000000;1.233594
9572.000000;1.232118
9571.000000;1.231258
9570.000000;1.231034
9569.000000;1.231515
9568.000000;1.232478
9567.000000;1.233187
9566.000000;1.232911
9565.000000;1.231677
9564.000000;1.230252
9563.000000;1.229385
9562.000000;1.229302
9561.000000;1.229806
9560.000000;1.230435
9559.000000;1.230515
9558.000000;1.229512
9557.000000;1.227615
9556.000000;1.225732
9555.000000;1.224690
9554.000000;1.224517
9553.000000;1.224610
9552.000000;1.224464
9551.000000;1.224053
9550.000000;1.223554
9549.000000;1.222935
9548.000000;1.221974
9547.000000;1.220703
9546.000000;1.219665
9545.000000;1.219444
9544.000000;1.219915
9543.000000;1.220264
9542.000000;1.219937
9541.000000;1.219270
9540.000000;1.218882
9539.000000;1.218740
9538.000000;1.218293
9537.000000;1.217343
9536.000000;1.216263
9535.000000;1.215352
9534.000000;1.214486
9533.000000;1.213481
9532.000000;1.212417
9531.000000;1.211448
9530.000000;1.210619
9529.000000;1.209932
9528.000000;1.209300
9527.000000;1.208411
9526.000000;1.207090
9525.000000;1.205843
9524.000000;1.205547
9523.000000;1.206372
9522.000000;1.207441
9521.000000;1.207757
9520.000000;1.207141
9519.000000;1.205993
9518.000000;1.204593
9517.000000;1.203069
9516.000000;1.201745
9515.000000;1.201046
9514.000000;1.201126
9513.000000;1.201789
9512.000000;1.202625
9511.000000;1.203064
9510.000000;1.202655
9509.000000;1.201615
9508.000000;1.200789
9507.000000;1.200631
9506.000000;1.200460
9505.000000;1.199243
9504.000000;1.197059
9503.000000;1.195188
9502.000000;1.194668
9501.000000;1.195192
9500.000000;1.195581
9499.000000;1.195016
9498.000000;1.193583
9497.000000;1.191888
9496.000000;1.190535
9495.000000;1.189953
9494.000000;1.190355
9493.000000;1.191550
9492.000000;1.192814
9491.000000;1.193252
9490.000000;1.192615
9489.000000;1.191657
9488.000000;1.191367
9487.000000;1.191758
9486.000000;1.191738
9485.000000;1.190366
9484.000000;1.188023
9483.000000;1.185965
9482.000000;1.184935
9481.000000;1.184621
9480.000000;1.184432
9479.000000;1.184340
9478.000000;1.184630
9477.000000;1.185105
9476.000000;1.185031
9475.000000;1.184004
9474.000000;1.182527
9473.000000;1.181431
9472.000000;1.180834
9471.000000;1.180016
9470.000000;1.178418
9469.000000;1.176446
9468.000000;1.175034
9467.000000;1.174645
9466.000000;1.174995
9465.000000;1.175595
9464.000000;1.176134
9463.000000;1.176311
9462.000000;1.175766
9461.000000;1.174478
9460.000000;1.172967
9459.000000;1.171795
9458.000000;1.171018
9457.000000;1.170333
9456.000000;1.169638
9455.000000;1.169146
9454.000000;1.168974
9453.000000;1.168920
9452.000000;1.168724
9451.000000;1.168401
9450.000000;1.168205
9449.000000;1.168318
9448.000000;1.168598
9447.000000;1.168636
9446.000000;1.168139
9445.000000;1.167231
9444.000000;1.166292
9443.000000;1.165484
9442.000000;1.164647
9441.000000;1.163708
9440.000000;1.162897
9439.000000;1.162351
9438.000000;1.161772
9437.000000;1.160848
9436.000000;1.159880
9435.000000;1.159564
9434.000000;1.160075
9433.000000;1.160695
9432.000000;1.160528
9431.000000;1.159328
9430.000000;1.157473
9429.000000;1.155376
9428.000000;1.153318
9427.000000;1.151772
9426.000000;1.151411
9425.000000;1.152464
9424.000000;1.154176
9423.000000;1.155248
9422.000000;1.154956
9421.000000;1.153767
9420.000000;1.152721
9419.000000;1.152297
9418.000000;1.152066
9417.000000;1.151393
9416.000000;1.150247
9415.000000;1.149161
9414.000000;1.148551
9413.000000;1.148274
9412.000000;1.147888
9411.000000;1.147140
9410.000000;1.146096
9409.000000;1.144877
9408.000000;1.143544
9407.000000;1.142305
9406.000000;1.141666
9405.000000;1.142071
9404.000000;1.143345
9403.000000;1.144715
9402.000000;1.145522
9401.000000;1.145738
9400.000000;1.145672
9399.000000;1.145379
9398.000000;1.144690
9397.000000;1.143664
9396.000000;1.142623
9395.000000;1.141701
9394.000000;1.140722
9393.000000;1.139643
9392.000000;1.138755
9391.000000;1.138205
9390.000000;1.137595
9389.000000;1.136449
9388.000000;1.134976
9387.000000;1.133994
9386.000000;1.133990
9385.000000;1.134526
9384.000000;1.134704
9383.000000;1.134078
9382.000000;1.132981
9381.000000;1.132043
9380.000000;1.131587
9379.000000;1.131474
9378.000000;1.131352
9377.000000;1.130939
9376.000000;1.130143
9375.000000;1.129061
9374.000000;1.127946
9373.000000;1.127110
9372.000000;1.126762
9371.000000;1.126909
9370.000000;1.127382
9369.000000;1.127902
9368.000000;1.128122
9367.000000;1.127719
9366.000000;1.126631
9365.000000;1.125238
9364.000000;1.124161
9363.000000;1.123734
9362.000000;1.123693
9361.000000;1.123447
9360.000000;1.122691
9359.000000;1.121720
9358.000000;1.121093
9357.000000;1.120984
9356.000000;1.120896
9355.000000;1.120137
9354.000000;1.118575
9353.000000;1.116851
9352.000000;1.115802
9351.000000;1.115754
9350.000000;1.116414
9349.000000;1.117264
9348.000000;1.117895
9347.000000;1.118044
9346.000000;1.117600
9345.000000;1.116704
9344.000000;1.115751
9343.000000;1.115168
9342.000000;1.115165
9341.000000;1.115652
9340.000000;1.116286
9339.000000;1.116628
9338.000000;1.116410
9337.000000;1.115758
9336.000000;1.115065
9335.000000;1.114537
9334.000000;1.113948
9333.000000;1.112956
9332.000000;1.111635
9331.000000;1.110528
9330.000000;1.110115
9329.000000;1.110339
9328.000000;1.110752
9327.000000;1.110988
9326.000000;1.110891
9325.000000;1.110285
9324.000000;1.108992
9323.000000;1.107249
9322.000000;1.105808
9321.000000;1.105258
9320.000000;1.105313
9319.000000;1.105075
9318.000000;1.104078
9317.000000;1.102781
9316.000000;1.101947
9315.000000;1.101809
9314.000000;1.102041
9313.000000;1.102295
9312.000000;1.102499
9311.000000;1.102708
9310.000000;1.102895
9309.000000;1.102904
9308.000000;1.102484
9307.000000;1.101420
9306.000000;1.099770
9305.000000;1.097953
9304.000000;1.096512
9303.000000;1.095757
9302.000000;1.095644
9301.000000;1.095886
9300.000000;1.096098
9299.000000;1.095972
9298.000000;1.095452
9297.000000;1.094731
9296.000000;1.094043
9295.000000;1.093538
9294.000000;1.093327
9293.000000;1.093441
9292.000000;1.093648
9291.000000;1.093556
9290.000000;1.093055
9289.000000;1.092427
9288.000000;1.091888
9287.000000;1.091322
9286.000000;1.090704
9285.000000;1.090484
9284.000000;1.091087
9283.000000;1.092163
9282.000000;1.092776
9281.000000;1.092388
9280.000000;1.091360
9279.000000;1.090457
9278.000000;1.090108
9277.000000;1.090183
9276.000000;1.090218
9275.000000;1.089733
9274.000000;1.088555
9273.000000;1.086948
9272.000000;1.085344
9271.000000;1.083971
9270.000000;1.082910
9269.000000;1.082391
9268.000000;1.082619
9267.000000;1.083280
9266.000000;1.083569
9265.000000;1.082942
9264.000000;1.081656
9263.000000;1.080442
9262.000000;1.079797
9261.000000;1.079696
9260.000000;1.079836
9259.000000;1.079983
9258.000000;1.080150
9257.000000;1.080483
9256.000000;1.080920
9255.000000;1.081019
9254.000000;1.080369
9253.000000;1.079190
9252.000000;1.078237
9251.000000;1.077980
9250.000000;1.078096
9249.000000;1.077934
9248.000000;1.077276
9247.000000;1.076413
9246.000000;1.075618
9245.000000;1.074879
9244.000000;1.074199
9243.000000;1.073859
9242.000000;1.074131
9241.000000;1.074785
9240.000000;1.075144
9239.000000;1.074769
9238.000000;1.073959
9237.000000;1.073357
9236.000000;1.073173
9235.000000;1.073094
9234.000000;1.072900
9233.000000;1.072724
9232.000000;1.072533
9231.000000;1.071868
9230.000000;1.070525
9229.000000;1.069154
9228.000000;1.068600
9227.000000;1.068807
9226.000000;1.068909
9225.000000;1.068373
9224.000000;1.067511
9223.000000;1.066819
9222.000000;1.066409
9221.000000;1.066289
9220.000000;1.066620
9219.000000;1.067309
9218.000000;1.067719
9217.000000;1.067300
9216.000000;1.066341
9215.000000;1.065714
9214.000000;1.065919
9213.000000;1.066612
9212.000000;1.066995
9211.000000;1.066480
9210.000000;1.065105
9209.000000;1.063505
9208.000000;1.062456
9207.000000;1.062246
9206.000000;1.062465
9205.000000;1.062468
9204.000000;1.062039
9203.000000;1.061479
9202.000000;1.061124
9201.000000;1.060955
9200.000000;1.060720
9199.000000;1.060321
9198.000000;1.059976
9197.000000;1.059919
9196.000000;1.059964
9195.000000;1.059556
9194.000000;1.058387
9193.000000;1.056865
9192.000000;1.055739
9191.000000;1.055375
9190.000000;1.055619
9189.000000;1.056246
9188.000000;1.057122
9187.000000;1.057915
9186.000000;1.058110
9185.000000;1.057585
9184.000000;1.056815
9183.000000;1.056224
9182.000000;1.055646
9181.000000;1.054750
9180.000000;1.053731
9179.000000;1.053157
9178.000000;1.053209
9177.000000;1.053461
9176.000000;1.053424
9175.000000;1.052995
9174.000000;1.052322
9173.000000;1.051539
9172.000000;1.050768
9171.000000;1.050202
9170.000000;1.049993
9169.000000;1.050118
9168.000000;1.050434
9167.000000;1.050791
9166.000000;1.051010
9165.000000;1.050825
9164.000000;1.050002
9163.000000;1.048622
9162.000000;1.047212
9161.000000;1.046448
9160.000000;1.046615
9159.000000;1.047356
9158.000000;1.048007
9157.000000;1.048158
9156.000000;1.047795
9155.000000;1.047041
9154.000000;1.046016
9153.000000;1.044937
9152.000000;1.044066
9151.000000;1.043484
9150.000000;1.043112
9149.000000;1.042985
9148.000000;1.043215
9147.000000;1.043586
9146.000000;1.043526
9145.000000;1.042746
9144.000000;1.041671
9143.000000;1.040941
9142.000000;1.040640
9141.000000;1.040363
9140.000000;1.039917
9139.000000;1.039597
9138.000000;1.039713
9137.000000;1.040184
9136.000000;1.040679
9135.000000;1.040955
9134.000000;1.040905
9133.000000;1.040491
9132.000000;1.039815
9131.000000;1.039179
9130.000000;1.038901
9129.000000;1.038990
9128.000000;1.039035
9127.000000;1.038523
9126.000000;1.037419
9125.000000;1.036458
9124.000000;1.036633
9123.000000;1.038144
9122.000000;1.039943
9121.000000;1.040583
9120.000000;1.039601
9119.000000;1.037903
9118.000000;1.036766
9117.000000;1.036685
9116.000000;1.037212
9115.000000;1.037606
9114.000000;1.037431
9113.000000;1.036685
9112.000000;1.035634
9111.000000;1.034554
9110.000000;1.033538
9109.000000;1.032567
9108.000000;1.031767
9107.000000;1.031421
9106.000000;1.031566
9105.000000;1.031749
9104.000000;1.031475
9103.000000;1.030850
9102.000000;1.030508
9101.000000;1.030839
9100.000000;1.031571
9099.000000;1.032234
9098.000000;1.032711
9097.000000;1.033045
9096.000000;1.032977
9095.000000;1.032139
9094.000000;1.030676
9093.000000;1.029265
9092.000000;1.028454
9091.000000;1.028235
9090.000000;1.028277
9089.000000;1.028236
9088.000000;1.027793
9087.000000;1.026793
9086.000000;1.025577
9085.000000;1.024804
9084.000000;1.024658
9083.000000;1.024554
9082.000000;1.023995
9081.000000;1.023397
9080.000000;1.023557
9079.000000;1.024485
9078.000000;1.025380
9077.000000;1.025774
9076.000000;1.026041
9075.000000;1.026548
9074.000000;1.026879
9073.000000;1.026386
9072.000000;1.025213
9071.000000;1.024292
9070.000000;1.024386
9069.000000;1.025420
9068.000000;1.026624
9067.000000;1.027087
9066.000000;1.026301
9065.000000;1.024512
9064.000000;1.022563
9063.000000;1.021196
9062.000000;1.020485
9061.000000;1.020063
9060.000000;1.019753
9059.000000;1.019719
9058.000000;1.020023
9057.000000;1.020385
9056.000000;1.020514
9055.000000;1.020462
9054.000000;1.020442
9053.000000;1.020457
9052.000000;1.020304
9051.000000;1.019928
9050.000000;1.019550
9049.000000;1.019395
9048.000000;1.019409
9047.000000;1.019391
9046.000000;1.019336
9045.000000;1.019455
9044.000000;1.019785
9043.000000;1.019963
9042.000000;1.019569
9041.000000;1.018669
9040.000000;1.017796
9039.000000;1.017347
9038.000000;1.017171
9037.000000;1.016847
9036.000000;1.016188
9035.000000;1.015347
9034.000000;1.014571
9033.000000;1.014047
9032.000000;1.013930
9031.000000;1.014280
9030.000000;1.014903
9029.000000;1.015400
9028.000000;1.015490
9027.000000;1.015274
9026.000000;1.015119
9025.000000;1.015271
9024.000000;1.015580
9023.000000;1.015604
9022.000000;1.015032
9021.000000;1.014004
9020.000000;1.013004
9019.000000;1.012439
9018.000000;1.012373
9017.000000;1.012601
9016.000000;1.012830
9015.000000;1.012778
9014.000000;1.012337
9013.000000;1.011772
9012.000000;1.011580
9011.000000;1.011919
9010.000000;1.012290
9009.000000;1.012010
9008.000000;1.010960
9007.000000;1.009598
9006.000000;1.008327
9005.000000;1.007209
9004.000000;1.006355
9003.000000;1.006156
9002.000000;1.006857
9001.000000;1.008105
9000.000000;1.009228
8999.000000;1.009877
8998.000000;1.010125
8997.000000;1.010059
8996.000000;1.009575
8995.000000;1.008631
8994.000000;1.007426
8993.000000;1.006247
8992.000000;1.005317
8991.000000;1.004812
8990.000000;1.004831
8989.000000;1.005227
8988.000000;1.005624
8987.000000;1.005776
8986.000000;1.005815
8985.000000;1.006033
8984.000000;1.006484
8983.000000;1.006904
8982.000000;1.006979
8981.000000;1.006618
8980.000000;1.006021
8979.000000;1.005524
8978.000000;1.005341
8977.000000;1.005408
8976.000000;1.005529
8975.000000;1.005654
8974.000000;1.005862
8973.000000;1.006052
8972.000000;1.005890
8971.000000;1.005198
8970.000000;1.004239
8969.000000;1.003436
8968.000000;1.002948
8967.000000;1.002665
8966.000000;1.002492
8965.000000;1.002406
8964.000000;1.002338
8963.000000;1.002246
8962.000000;1.002255
8961.000000;1.002512
8960.000000;1.002903
8959.000000;1.003163
8958.000000;1.003249
8957.000000;1.003362
8956.000000;1.003554
8955.000000;1.003600
8954.000000;1.003351
8953.000000;1.002981
8952.000000;1.002754
8951.000000;1.002718
8950.000000;1.002745
8949.000000;1.002739
8948.000000;1.002683
8947.000000;1.002582
8946.000000;1.002409
8945.000000;1.002051
8944.000000;1.001333
8943.000000;1.000270
8942.000000;0.999276
8941.000000;0.998862
8940.000000;0.999060
8939.000000;0.999390
8938.000000;0.999499
8937.000000;0.999532
8936.000000;0.999708
8935.000000;0.999819
8934.000000;0.999449
8933.000000;0.998565
8932.000000;0.997608
8931.000000;0.997058
8930.000000;0.997065
8929.000000;0.997399
8928.000000;0.997606
8927.000000;0.997366
8926.000000;0.996893
8925.000000;0.996820
8924.000000;0.997466
8923.000000;0.998349
8922.000000;0.998696
8921.000000;0.998320
8920.000000;0.997696
8919.000000;0.997248
8918.000000;0.996926
8917.000000;0.996517
8916.000000;0.996019
8915.000000;0.995577
8914.000000;0.995279
8913.000000;0.995167
8912.000000;0.995247
8911.000000;0.995367
8910.000000;0.995242
8909.000000;0.994745
8908.000000;0.994108
8907.000000;0.993691
8906.000000;0.993627
8905.000000;0.993744
8904.000000;0.993779
8903.000000;0.993599
8902.000000;0.993280
8901.000000;0.993036
8900.000000;0.993030
8899.000000;0.993204
8898.000000;0.993356
8897.000000;0.993366
8896.000000;0.993259
8895.000000;0.993075
8894.000000;0.992829
8893.000000;0.992707
8892.000000;0.993081
8891.000000;0.994110
8890.000000;0.995347
8889.000000;0.995940
8888.000000;0.995344
8887.000000;0.993798
8886.000000;0.992063
8885.000000;0.990777
8884.000000;0.990125
8883.000000;0.990001
8882.000000;0.990298
8881.000000;0.990960
8880.000000;0.991868
8879.000000;0.992778
8878.000000;0.993424
8877.000000;0.993646
8876.000000;0.993466
8875.000000;0.993089
8874.000000;0.992792
8873.000000;0.992717
8872.000000;0.992766
8871.000000;0.992729
8870.000000;0.992503
8869.000000;0.992141
8868.000000;0.991747
8867.000000;0.991441
8866.000000;0.991347
8865.000000;0.991452
8864.000000;0.991467
8863.000000;0.991057
8862.000000;0.990277
8861.000000;0.989626
8860.000000;0.989559
8859.000000;0.990055
8858.000000;0.990741
8857.000000;0.991274
8856.000000;0.991499
8855.000000;0.991378
8854.000000;0.990981
8853.000000;0.990509
8852.000000;0.990169
8851.000000;0.990030
8850.000000;0.990083
8849.000000;0.990352
8848.000000;0.990815
8847.000000;0.991247
8846.000000;0.991324
8845.000000;0.990952
8844.000000;0.990416
8843.000000;0.990148
8842.000000;0.990356
8841.000000;0.990851
8840.000000;0.991224
8839.000000;0.991227
8838.000000;0.990981
8837.000000;0.990748
8836.000000;0.990553
8835.000000;0.990178
8834.000000;0.989563
8833.000000;0.989022
8832.000000;0.988906
8831.000000;0.989170
8830.000000;0.989442
8829.000000;0.989490
8828.000000;0.989473
8827.000000;0.989707
8826.000000;0.990261
8825.000000;0.990806
8824.000000;0.990885
8823.000000;0.990374
8822.000000;0.989659
8821.000000;0.989237
8820.000000;0.989161
8819.000000;0.989059
8818.000000;0.988709
8817.000000;0.988326
8816.000000;0.988189
8815.000000;0.988223
8814.000000;0.988178
8813.000000;0.988053
8812.000000;0.988073
8811.000000;0.988399
8810.000000;0.989054
8809.000000;0.990030
8808.000000;0.991182
8807.000000;0.992112
8806.000000;0.992449
8805.000000;0.992241
8804.000000;0.991879
8803.000000;0.991645
8802.000000;0.991585
8801.000000;0.991698
8800.000000;0.991970
8799.000000;0.992186
8798.000000;0.992037
8797.000000;0.991532
8796.000000;0.991088
8795.000000;0.991079
8794.000000;0.991447
8793.000000;0.991839
8792.000000;0.991987
8791.000000;0.991853
8790.000000;0.991577
8789.000000;0.991368
8788.000000;0.991317
8787.000000;0.991236
8786.000000;0.990826
8785.000000;0.990101
8784.000000;0.989523
8783.000000;0.989609
8782.000000;0.990455
8781.000000;0.991696
8780.000000;0.992800
8779.000000;0.993369
8778.000000;0.993358
8777.000000;0.993173
8776.000000;0.993397
8775.000000;0.994184
8774.000000;0.994968
8773.000000;0.995000
8772.000000;0.994178
8771.000000;0.993159
8770.000000;0.992622
8769.000000;0.992655
8768.000000;0.992943
8767.000000;0.993303
8766.000000;0.993790
8765.000000;0.994385
8764.000000;0.994853
8763.000000;0.995042
8762.000000;0.995115
8761.000000;0.995369
8760.000000;0.995914
8759.000000;0.996653
8758.000000;0.997472
8757.000000;0.998276
8756.000000;0.998875
8755.000000;0.999058
8754.000000;0.998822
8753.000000;0.998401
8752.000000;0.998005
8751.000000;0.997650
8750.000000;0.997286
8749.000000;0.996951
8748.000000;0.996686
8747.000000;0.996437
8746.000000;0.996162
8745.000000;0.995993
8744.000000;0.996143
8743.000000;0.996669
8742.000000;0.997377
8741.000000;0.997951
8740.000000;0.998146
8739.000000;0.997973
8738.000000;0.997740
8737.000000;0.997829
8736.000000;0.998278
8735.000000;0.998675
8734.000000;0.998581
8733.000000;0.998053
8732.000000;0.997607
8731.000000;0.997705
8730.000000;0.998391
8729.000000;0.999358
8728.000000;1.000190
8727.000000;1.000536
8726.000000;1.000263
8725.000000;0.999570
8724.000000;0.998884
8723.000000;0.998551
8722.000000;0.998654
8721.000000;0.999113
8720.000000;0.999817
8719.000000;1.000577
8718.000000;1.001133
8717.000000;1.001362
8716.000000;1.001467
8715.000000;1.001762
8714.000000;1.002294
8713.000000;1.002806
8712.000000;1.003139
8711.000000;1.003457
8710.000000;1.003942
8709.000000;1.004409
8708.000000;1.004477
8707.000000;1.004093
8706.000000;1.003624
8705.000000;1.003353
8704.000000;1.003167
8703.000000;1.002890
8702.000000;1.002655
8701.000000;1.002680
8700.000000;1.002827
8699.000000;1.002711
8698.000000;1.002246
8697.000000;1.001797
8696.000000;1.001760
8695.000000;1.002202
8694.000000;1.002922
8693.000000;1.003667
8692.000000;1.004231
8691.000000;1.004559
8690.000000;1.004799
8689.000000;1.005086
8688.000000;1.005283
8687.000000;1.005135
8686.000000;1.004703
8685.000000;1.004347
8684.000000;1.004228
8683.000000;1.004148
8682.000000;1.003984
8681.000000;1.003950
8680.000000;1.004214
8679.000000;1.004561
8678.000000;1.004713
8677.000000;1.004749
8676.000000;1.004927
8675.000000;1.005256
8674.000000;1.005543
8673.000000;1.005720
8672.000000;1.005815
8671.000000;1.005757
8670.000000;1.005518
8669.000000;1.005369
8668.000000;1.005651
8667.000000;1.006296
8666.000000;1.006861
8665.000000;1.007049
8664.000000;1.006952
8663.000000;1.006773
8662.000000;1.006580
8661.000000;1.006385
8660.000000;1.006207
8659.000000;1.006009
8658.000000;1.005751
8657.000000;1.005544
8656.000000;1.005553
8655.000000;1.005715
8654.000000;1.005803
8653.000000;1.005817
8652.000000;1.006051
8651.000000;1.006657
8650.000000;1.007312
8649.000000;1.007513
8648.000000;1.007085
8647.000000;1.006327
8646.000000;1.005742
8645.000000;1.005691
8644.000000;1.006192
8643.000000;1.006941
8642.000000;1.007578
8641.000000;1.007969
8640.000000;1.008153
8639.000000;1.008039
8638.000000;1.007393
8637.000000;1.006249
8636.000000;1.005106
8635.000000;1.004516
8634.000000;1.004521
8633.000000;1.004688
8632.000000;1.004670
8631.000000;1.004557
8630.000000;1.004659
8629.000000;1.005094
8628.000000;1.005677
8627.000000;1.006122
8626.000000;1.006254
8625.000000;1.006084
8624.000000;1.005763
8623.000000;1.005518
8622.000000;1.005543
8621.000000;1.005869
8620.000000;1.006330
8619.000000;1.006689
8618.000000;1.006841
8617.000000;1.006866
8616.000000;1.006860
8615.000000;1.006734
8614.000000;1.006264
8613.000000;1.005360
8612.000000;1.004254
8611.000000;1.003357
8610.000000;1.002891
8609.000000;1.002752
8608.000000;1.002743
8607.000000;1.002884
8606.000000;1.003329
8605.000000;1.004014
8604.000000;1.004581
8603.000000;1.004760
8602.000000;1.004649
8601.000000;1.004465
8600.000000;1.004185
8599.000000;1.003687
8598.000000;1.003129
8597.000000;1.002891
8596.000000;1.003116
8595.000000;1.003600
8594.000000;1.004167
8593.000000;1.004815
8592.000000;1.005367
8591.000000;1.005357
8590.000000;1.004565
8589.000000;1.003455
8588.000000;1.002735
8587.000000;1.002591
8586.000000;1.002629
8585.000000;1.002509
8584.000000;1.002328
8583.000000;1.002320
8582.000000;1.002504
8581.000000;1.002787
8580.000000;1.003220
8579.000000;1.003936
8578.000000;1.004852
8577.000000;1.005588
8576.000000;1.005766
8575.000000;1.005363
8574.000000;1.004700
8573.000000;1.004073
8572.000000;1.003471
8571.000000;1.002744
8570.000000;1.001946
8569.000000;1.001351
8568.000000;1.001119
8567.000000;1.001148
8566.000000;1.001317
8565.000000;1.001678
8564.000000;1.002259
8563.000000;1.002831
8562.000000;1.003077
8561.000000;1.002938
8560.000000;1.002628
8559.000000;1.002337
8558.000000;1.002084
8557.000000;1.001836
8556.000000;1.001614
8555.000000;1.001442
8554.000000;1.001285
8553.000000;1.001104
8552.000000;1.000971
8551.000000;1.001068
8550.000000;1.001532
8549.000000;1.002253
8548.000000;1.002867
8547.000000;1.003029
8546.000000;1.002696
8545.000000;1.002041
8544.000000;1.001194
8543.000000;1.000251
8542.000000;0.999498
8541.000000;0.999307
8540.000000;0.999681
8539.000000;1.000147
8538.000000;1.000272
8537.000000;1.000096
8536.000000;0.999864
8535.000000;0.999559
8534.000000;0.998982
8533.000000;0.998186
8532.000000;0.997534
8531.000000;0.997309
8530.000000;0.997475
8529.000000;0.997832
8528.000000;0.998192
8527.000000;0.998387
8526.000000;0.998288
8525.000000;0.997931
8524.000000;0.997570
8523.000000;0.997513
8522.000000;0.997885
8521.000000;0.998504
8520.000000;0.998977
8519.000000;0.998999
8518.000000;0.998567
8517.000000;0.997867
8516.000000;0.996995
8515.000000;0.996006
8514.000000;0.995183
8513.000000;0.994928
8512.000000;0.995259
8511.000000;0.995682
8510.000000;0.995800
8509.000000;0.995829
8508.000000;0.996215
8507.000000;0.996949
8506.000000;0.997586
8505.000000;0.997828
8504.000000;0.997756
8503.000000;0.997511
8502.000000;0.997112
8501.000000;0.996628
8500.000000;0.996224
8499.000000;0.995962
8498.000000;0.995732
8497.000000;0.995445
8496.000000;0.995110
8495.000000;0.994767
8494.000000;0.994512
8493.000000;0.994577
8492.000000;0.995096
8491.000000;0.995803
8490.000000;0.996217
8489.000000;0.996195
8488.000000;0.996047
8487.000000;0.996006
8486.000000;0.995874
8485.000000;0.995373
8484.000000;0.994655
8483.000000;0.994236
8482.000000;0.994464
8481.000000;0.995176
8480.000000;0.995844
8479.000000;0.995991
8478.000000;0.995511
8477.000000;0.994698
8476.000000;0.993991
8475.000000;0.993664
8474.000000;0.993742
8473.000000;0.994080
8472.000000;0.994477
8471.000000;0.994803
8470.000000;0.995133
8469.000000;0.995672
8468.000000;0.996400
8467.000000;0.996902
8466.000000;0.996737
8465.000000;0.995934
8464.000000;0.994938
8463.000000;0.994122
8462.000000;0.993584
8461.000000;0.993365
8460.000000;0.993569
8459.000000;0.994153
8458.000000;0.994827
8457.000000;0.995284
8456.000000;0.995422
8455.000000;0.995277
8454.000000;0.994938
8453.000000;0.994606
8452.000000;0.994538
8451.000000;0.994773
8450.000000;0.995020
8449.000000;0.994932
8448.000000;0.994418
8447.000000;0.993646
8446.000000;0.992876
8445.000000;0.992407
8444.000000;0.992489
8443.000000;0.993117
8442.000000;0.993923
8441.000000;0.994411
8440.000000;0.994310
8439.000000;0.993697
8438.000000;0.992903
8437.000000;0.992345
8436.000000;0.992309
8435.000000;0.992715
8434.000000;0.993154
8433.000000;0.993276
8432.000000;0.993110
8431.000000;0.992916
8430.000000;0.992790
8429.000000;0.992588
8428.000000;0.992219
8427.000000;0.991851
8426.000000;0.991742
8425.000000;0.991937
8424.000000;0.992205
8423.000000;0.992261
8422.000000;0.992034
8421.000000;0.991716
8420.000000;0.991576
8419.000000;0.991703
8418.000000;0.991920
8417.000000;0.991972
8416.000000;0.991790
8415.000000;0.991575
8414.000000;0.991596
8413.000000;0.991897
8412.000000;0.992230
8411.000000;0.992282
8410.000000;0.991978
8409.000000;0.991522
8408.000000;0.991185
8407.000000;0.991091
8406.000000;0.991194
8405.000000;0.991341
8404.000000;0.991345
8403.000000;0.991091
8402.000000;0.990658
8401.000000;0.990279
8400.000000;0.990129
8399.000000;0.990200
8398.000000;0.990396
8397.000000;0.990646
8396.000000;0.990871
8395.000000;0.990965
8394.000000;0.990934
8393.000000;0.990938
8392.000000;0.991075
8391.000000;0.991192
8390.000000;0.991084
8389.000000;0.990823
8388.000000;0.990717
8387.000000;0.990958
8386.000000;0.991442
8385.000000;0.991934
8384.000000;0.992251
8383.000000;0.992303
8382.000000;0.992099
8381.000000;0.991755
8380.000000;0.991417
8379.000000;0.991154
8378.000000;0.991007
8377.000000;0.991062
8376.000000;0.991282
8375.000000;0.991350
8374.000000;0.990937
8373.000000;0.990175
8372.000000;0.989635
8371.000000;0.989707
8370.000000;0.990182
8369.000000;0.990605
8368.000000;0.990843
8367.000000;0.991079
8366.000000;0.991356
8365.000000;0.991419
8364.000000;0.991033
8363.000000;0.990326
8362.000000;0.989725
8361.000000;0.989608
8360.000000;0.990027
8359.000000;0.990679
8358.000000;0.991135
8357.000000;0.991147
8356.000000;0.990777
8355.000000;0.990241
8354.000000;0.989650
8353.000000;0.988966
8352.000000;0.988186
8351.000000;0.987491
8350.000000;0.987155
8349.000000;0.987294
8348.000000;0.987732
8347.000000;0.988130
8346.000000;0.988272
8345.000000;0.988227
8344.000000;0.988222
8343.000000;0.988363
8342.000000;0.988505
8341.000000;0.988399
8340.000000;0.987976
8339.000000;0.987491
8338.000000;0.987339
8337.000000;0.987675
8336.000000;0.988216
8335.000000;0.988488
8334.000000;0.988296
8333.000000;0.987901
8332.000000;0.987679
8331.000000;0.987709
8330.000000;0.987771
8329.000000;0.987692
8328.000000;0.987539
8327.000000;0.987477
8326.000000;0.987558
8325.000000;0.987700
8324.000000;0.987800
8323.000000;0.987811
8322.000000;0.987730
8321.000000;0.987552
8320.000000;0.987256
8319.000000;0.986863
8318.000000;0.986522
8317.000000;0.986474
8316.000000;0.986835
8315.000000;0.987431
8314.000000;0.987929
8313.000000;0.988117
8312.000000;0.988005
8311.000000;0.987709
8310.000000;0.987377
8309.000000;0.987197
8308.000000;0.987283
8307.000000;0.987484
8306.000000;0.987446
8305.000000;0.986996
8304.000000;0.986383
8303.000000;0.986011
8302.000000;0.986002
8301.000000;0.986128
8300.000000;0.986131
8299.000000;0.985983
8298.000000;0.985810
8297.000000;0.985693
8296.000000;0.985597
8295.000000;0.985456
8294.000000;0.985246
8293.000000;0.985022
8292.000000;0.984891
8291.000000;0.984924
8290.000000;0.985053
8289.000000;0.985103
8288.000000;0.984973
8287.000000;0.984750
8286.000000;0.984565
8285.000000;0.984372
8284.000000;0.984012
8283.000000;0.983534
8282.000000;0.983290
8281.000000;0.983559
8280.000000;0.984136
8279.000000;0.984470
8278.000000;0.984251
8277.000000;0.983712
8276.000000;0.983304
8275.000000;0.983198
8274.000000;0.983232
8273.000000;0.983233
8272.000000;0.983233
8271.000000;0.983346
8270.000000;0.983563
8269.000000;0.983737
8268.000000;0.983718
8267.000000;0.983485
8266.000000;0.983159
8265.000000;0.982934
8264.000000;0.982955
8263.000000;0.983221
8262.000000;0.983598
8261.000000;0.983924
8260.000000;0.984138
8259.000000;0.984319
8258.000000;0.984574
8257.000000;0.984875
8256.000000;0.985011
8255.000000;0.984768
8254.000000;0.984152
8253.000000;0.983404
8252.000000;0.982806
8251.000000;0.982479
8250.000000;0.982365
8249.000000;0.982330
8248.000000;0.982271
8247.000000;0.982156
8246.000000;0.982012
8245.000000;0.981897
8244.000000;0.981878
8243.000000;0.982021
8242.000000;0.982328
8241.000000;0.982675
8240.000000;0.982878
8239.000000;0.982878
8238.000000;0.982810
8237.000000;0.982818
8236.000000;0.982847
8235.000000;0.982707
8234.000000;0.982316
8233.000000;0.981792
8232.000000;0.981329
8231.000000;0.981068
8230.000000;0.981056
8229.000000;0.981193
8228.000000;0.981272
8227.000000;0.981193
8226.000000;0.981131
8225.000000;0.981315
8224.000000;0.981649
8223.000000;0.981745
8222.000000;0.981407
8221.000000;0.980886
8220.000000;0.980562
8219.000000;0.980534
8218.000000;0.980644
8217.000000;0.980761
8216.000000;0.980883
8215.000000;0.981043
8214.000000;0.981256
8213.000000;0.981502
8212.000000;0.981671
8211.000000;0.981582
8210.000000;0.981188
8209.000000;0.980695
8208.000000;0.980374
8207.000000;0.980284
8206.000000;0.980268
8205.000000;0.980174
8204.000000;0.979993
8203.000000;0.979827
8202.000000;0.979791
8201.000000;0.979907
8200.000000;0.980033
8199.000000;0.979950
8198.000000;0.979591
8197.000000;0.979142
8196.000000;0.978827
8195.000000;0.978702
8194.000000;0.978708
8193.000000;0.978842
8192.000000;0.979152
8191.000000;0.979590
8190.000000;0.980010
8189.000000;0.980303
8188.000000;0.980470
8187.000000;0.980548
8186.000000;0.980522
8185.000000;0.980308
8184.000000;0.979826
8183.000000;0.979161
8182.000000;0.978625
8181.000000;0.978517
8180.000000;0.978804
8179.000000;0.979178
8178.000000;0.979462
8177.000000;0.979761
8176.000000;0.980120
8175.000000;0.980264
8174.000000;0.979909
8173.000000;0.979190
8172.000000;0.978545
8171.000000;0.978245
8170.000000;0.978254
8169.000000;0.978432
8168.000000;0.978631
8167.000000;0.978639
8166.000000;0.978325
8165.000000;0.977886
8164.000000;0.977724
8163.000000;0.977964
8162.000000;0.978297
8161.000000;0.978391
8160.000000;0.978297
8159.000000;0.978289
8158.000000;0.978441
8157.000000;0.978535
8156.000000;0.978373
8155.000000;0.978027
8154.000000;0.977726
8153.000000;0.977581
8152.000000;0.977518
8151.000000;0.977487
8150.000000;0.977601
8149.000000;0.977970
8148.000000;0.978414
8147.000000;0.978549
8146.000000;0.978228
8145.000000;0.977769
8144.000000;0.977606
8143.000000;0.977799
8142.000000;0.978020
8141.000000;0.977958
8140.000000;0.977604
8139.000000;0.977162
8138.000000;0.976844
8137.000000;0.976747
8136.000000;0.976817
8135.000000;0.976884
8134.000000;0.976830
8133.000000;0.976714
8132.000000;0.976686
8131.000000;0.976776
8130.000000;0.976877
8129.000000;0.976905
8128.000000;0.976866
8127.000000;0.976774
8126.000000;0.976623
8125.000000;0.976465
8124.000000;0.976395
8123.000000;0.976447
8122.000000;0.976574
8121.000000;0.976743
8120.000000;0.976968
8119.000000;0.977198
8118.000000;0.977279
8117.000000;0.977082
8116.000000;0.976655
8115.000000;0.976207
8114.000000;0.975965
8113.000000;0.976023
8112.000000;0.976304
8111.000000;0.976630
8110.000000;0.976819
8109.000000;0.976749
8108.000000;0.976390
8107.000000;0.975850
8106.000000;0.975398
8105.000000;0.975294
8104.000000;0.975546
8103.000000;0.975875
8102.000000;0.975977
8101.000000;0.975765
8100.000000;0.975321
8099.000000;0.974750
8098.000000;0.974193
8097.000000;0.973856
8096.000000;0.973865
8095.000000;0.974122
8094.000000;0.974398
8093.000000;0.974562
8092.000000;0.974628
8091.000000;0.974653
8090.000000;0.974691
8089.000000;0.974788
8088.000000;0.974932
8087.000000;0.975035
8086.000000;0.975043
8085.000000;0.975008
8084.000000;0.974950
8083.000000;0.974771
8082.000000;0.974427
8081.000000;0.974092
8080.000000;0.973982
8079.000000;0.974077
8078.000000;0.974161
8077.000000;0.974116
8076.000000;0.974015
8075.000000;0.973953
8074.000000;0.973980
8073.000000;0.974172
8072.000000;0.974563
8071.000000;0.974986
8070.000000;0.975142
8069.000000;0.974902
8068.000000;0.974452
8067.000000;0.974106
8066.000000;0.974050
8065.000000;0.974248
8064.000000;0.974454
8063.000000;0.974367
8062.000000;0.973916
8061.000000;0.973395
8060.000000;0.973185
8059.000000;0.973338
8058.000000;0.973591
8057.000000;0.973739
8056.000000;0.973813
8055.000000;0.973894
8054.000000;0.973979
8053.000000;0.974070
8052.000000;0.974212
8051.000000;0.974351
8050.000000;0.974307
8049.000000;0.973991
8048.000000;0.973518
8047.000000;0.973065
8046.000000;0.972746
8045.000000;0.972637
8044.000000;0.972758
8043.000000;0.972970
8042.000000;0.973069
8041.000000;0.973058
8040.000000;0.973156
8039.000000;0.973444
8038.000000;0.973698
8037.000000;0.973688
8036.000000;0.973477
8035.000000;0.973288
8034.000000;0.973229
8033.000000;0.973285
8032.000000;0.973445
8031.000000;0.973642
8030.000000;0.973723
8029.000000;0.973645
8028.000000;0.973608
8027.000000;0.973794
8026.000000;0.974045
8025.000000;0.974006
8024.000000;0.973576
8023.000000;0.973028
8022.000000;0.972701
8021.000000;0.972704
8020.000000;0.972895
8019.000000;0.972992
8018.000000;0.972761
8017.000000;0.972278
8016.000000;0.971988
8015.000000;0.972293
8014.000000;0.973029
8013.000000;0.973530
8012.000000;0.973330
8011.000000;0.972659
8010.000000;0.972136
8009.000000;0.972093
8008.000000;0.972318
8007.000000;0.972386
8006.000000;0.972113
8005.000000;0.971691
8004.000000;0.971466
8003.000000;0.971595
8002.000000;0.971891
8001.000000;0.972019
8000.000000;0.971875
7999.000000;0.971725
7998.000000;0.971905
7997.000000;0.972433
7996.000000;0.972970
7995.000000;0.973163
7994.000000;0.972954
7993.000000;0.972555
7992.000000;0.972213
7991.000000;0.972042
7990.000000;0.972037
7989.000000;0.972144
7988.000000;0.972300
7987.000000;0.972460
7986.000000;0.972614
7985.000000;0.972760
7984.000000;0.972861
7983.000000;0.972854
7982.000000;0.972721
7981.000000;0.972528
7980.000000;0.972366
7979.000000;0.972242
7978.000000;0.972064
7977.000000;0.971755
7976.000000;0.971347
7975.000000;0.970985
7974.000000;0.970818
7973.000000;0.970899
7972.000000;0.971167
7971.000000;0.971521
7970.000000;0.971871
7969.000000;0.972111
7968.000000;0.972085
7967.000000;0.971703
7966.000000;0.971140
7965.000000;0.970816
7964.000000;0.971048
7963.000000;0.971708
7962.000000;0.972318
7961.000000;0.972524
7960.000000;0.972411
7959.000000;0.972326
7958.000000;0.972454
7957.000000;0.972650
7956.000000;0.972641
7955.000000;0.972334
7954.000000;0.971908
7953.000000;0.971639
7952.000000;0.971639
7951.000000;0.971775
7950.000000;0.971857
7949.000000;0.971870
7948.000000;0.971963
7947.000000;0.972216
7946.000000;0.972481
7945.000000;0.972524
7944.000000;0.972274
7943.000000;0.971871
7942.000000;0.971522
7941.000000;0.971379
7940.000000;0.971510
7939.000000;0.971864
7938.000000;0.972235
7937.000000;0.972369
7936.000000;0.972176
7935.000000;0.971813
7934.000000;0.971514
7933.000000;0.971391
7932.000000;0.971420
7931.000000;0.971557
7930.000000;0.971767
7929.000000;0.971979
7928.000000;0.972115
7927.000000;0.972166
7926.000000;0.972169
7925.000000;0.972103
7924.000000;0.971902
7923.000000;0.971608
7922.000000;0.971423
7921.000000;0.971544
7920.000000;0.971976
7919.000000;0.972527
7918.000000;0.972954
7917.000000;0.973091
7916.000000;0.972938
7915.000000;0.972693
7914.000000;0.972644
7913.000000;0.972888
7912.000000;0.973193
7911.000000;0.973216
7910.000000;0.972851
7909.000000;0.972312
7908.000000;0.971888
7907.000000;0.971745
7906.000000;0.971909
7905.000000;0.972317
7904.000000;0.972813
7903.000000;0.973186
7902.000000;0.973302
7901.000000;0.973180
7900.000000;0.972961
7899.000000;0.972836
7898.000000;0.972954
7897.000000;0.973265
7896.000000;0.973464
7895.000000;0.973257
7894.000000;0.972751
7893.000000;0.972414
7892.000000;0.972580
7891.000000;0.973073
7890.000000;0.973452
7889.000000;0.973487
7888.000000;0.973286
7887.000000;0.973032
7886.000000;0.972790
7885.000000;0.972580
7884.000000;0.972460
7883.000000;0.972464
7882.000000;0.972546
7881.000000;0.972638
7880.000000;0.972723
7879.000000;0.972836
7878.000000;0.973011
7877.000000;0.973259
7876.000000;0.973541
7875.000000;0.973767
7874.000000;0.973849
7873.000000;0.973798
7872.000000;0.973733
7871.000000;0.973779
7870.000000;0.973943
7869.000000;0.974079
7868.000000;0.974026
7867.000000;0.973807
7866.000000;0.973656
7865.000000;0.973779
7864.000000;0.974065
7863.000000;0.974170
7862.000000;0.973899
7861.000000;0.973422
7860.000000;0.973082
7859.000000;0.973053
7858.000000;0.973279
7857.000000;0.973593
7856.000000;0.973803
7855.000000;0.973755
7854.000000;0.973475
7853.000000;0.973217
7852.000000;0.973225
7851.000000;0.973426
7850.000000;0.973508
7849.000000;0.973325
7848.000000;0.973086
7847.000000;0.973090
7846.000000;0.973385
7845.000000;0.973765
7844.000000;0.974041
7843.000000;0.974185
7842.000000;0.974254
7841.000000;0.974273
7840.000000;0.974245
7839.000000;0.974217
7838.000000;0.974265
7837.000000;0.974413
7836.000000;0.974605
7835.000000;0.974798
7834.000000;0.975028
7833.000000;0.975328
7832.000000;0.975604
7831.000000;0.975688
7830.000000;0.975549
7829.000000;0.975356
7828.000000;0.975276
7827.000000;0.975282
7826.000000;0.975223
7825.000000;0.975048
7824.000000;0.974852
7823.000000;0.974756
7822.000000;0.974816
7821.000000;0.975041
7820.000000;0.975390
7819.000000;0.975730
7818.000000;0.975890
7817.000000;0.975807
7816.000000;0.975588
7815.000000;0.975412
7814.000000;0.975375
7813.000000;0.975443
7812.000000;0.975536
7811.000000;0.975617
7810.000000;0.975699
7809.000000;0.975763
7808.000000;0.975732
7807.000000;0.975582
7806.000000;0.975452
7805.000000;0.975551
7804.000000;0.975918
7803.000000;0.976349
7802.000000;0.976606
7801.000000;0.976628
7800.000000;0.976485
7799.000000;0.976253
7798.000000;0.976018
7797.000000;0.975927
7796.000000;0.976082
7795.000000;0.976398
7794.000000;0.976648
7793.000000;0.976688
7792.000000;0.976571
7791.000000;0.976458
7790.000000;0.976490
7789.000000;0.976698
7788.000000;0.976968
7787.000000;0.977120
7786.000000;0.977077
7785.000000;0.976939
7784.000000;0.976807
7783.000000;0.976624
7782.000000;0.976306
7781.000000;0.975991
7780.000000;0.975970
7779.000000;0.976346
7778.000000;0.976883
7777.000000;0.977256
7776.000000;0.977369
7775.000000;0.977371
7774.000000;0.977454
7773.000000;0.977690
7772.000000;0.977997
7771.000000;0.978231
7770.000000;0.978319
7769.000000;0.978354
7768.000000;0.978472
7767.000000;0.978660
7766.000000;0.978754
7765.000000;0.978659
7764.000000;0.978478
7763.000000;0.978394
7762.000000;0.978483
7761.000000;0.978691
7760.000000;0.978906
7759.000000;0.979022
7758.000000;0.978990
7757.000000;0.978893
7756.000000;0.978894
7755.000000;0.979065
7754.000000;0.979294
7753.000000;0.979425
7752.000000;0.979449
7751.000000;0.979506
7750.000000;0.979716
7749.000000;0.980079
7748.000000;0.980480
7747.000000;0.980754
7746.000000;0.980764
7745.000000;0.980526
7744.000000;0.980250
7743.000000;0.980187
7742.000000;0.980402
7741.000000;0.980731
7740.000000;0.980957
7739.000000;0.981010
7738.000000;0.980984
7737.000000;0.981003
7736.000000;0.981095
7735.000000;0.981188
7734.000000;0.981199
7733.000000;0.981133
7732.000000;0.981085
7731.000000;0.981154
7730.000000;0.981338
7729.000000;0.981526
7728.000000;0.981597
7727.000000;0.981515
7726.000000;0.981346
7725.000000;0.981193
7724.000000;0.981133
7723.000000;0.981183
7722.000000;0.981317
7721.000000;0.981490
7720.000000;0.981677
7719.000000;0.981899
7718.000000;0.982201
7717.000000;0.982571
7716.000000;0.982902
7715.000000;0.983070
7714.000000;0.983086
7713.000000;0.983111
7712.000000;0.983304
7711.000000;0.983665
7710.000000;0.984050
7709.000000;0.984283
7708.000000;0.984253
7707.000000;0.983973
7706.000000;0.983621
7705.000000;0.983453
7704.000000;0.983589
7703.000000;0.983884
7702.000000;0.984087
7701.000000;0.984119
7700.000000;0.984128
7699.000000;0.984271
7698.000000;0.984550
7697.000000;0.984874
7696.000000;0.985194
7695.000000;0.985505
7694.000000;0.985779
7693.000000;0.985978
7692.000000;0.986109
7691.000000;0.986219
7690.000000;0.986318
7689.000000;0.986360
7688.000000;0.986294
7687.000000;0.986137
7686.000000;0.985988
7685.000000;0.985979
7684.000000;0.986173
7683.000000;0.986506
7682.000000;0.986841
7681.000000;0.987106
7680.000000;0.987345
7679.000000;0.987629
7678.000000;0.987940
7677.000000;0.988192
7676.000000;0.988338
7675.000000;0.988420
7674.000000;0.988509
7673.000000;0.988622
7672.000000;0.988725
7671.000000;0.988794
7670.000000;0.988859
7669.000000;0.988954
7668.000000;0.989044
7667.000000;0.989030
7666.000000;0.988889
7665.000000;0.988765
7664.000000;0.988871
7663.000000;0.989271
7662.000000;0.989823
7661.000000;0.990330
7660.000000;0.990713
7659.000000;0.990978
7658.000000;0.991097
7657.000000;0.991006
7656.000000;0.990730
7655.000000;0.990441
7654.000000;0.990350
7653.000000;0.990565
7652.000000;0.991033
7651.000000;0.991588
7650.000000;0.992033
7649.000000;0.992238
7648.000000;0.992212
7647.000000;0.992083
7646.000000;0.991995
7645.000000;0.992039
7644.000000;0.992267
7643.000000;0.992718
7642.000000;0.993366
7641.000000;0.994053
7640.000000;0.994549
7639.000000;0.994710
7638.000000;0.994576
7637.000000;0.994336
7636.000000;0.994210
7635.000000;0.994357
7634.000000;0.994779
7633.000000;0.995290
7632.000000;0.995609
7631.000000;0.995580
7630.000000;0.995293
7629.000000;0.994976
7628.000000;0.994800
7627.000000;0.994831
7626.000000;0.995094
7625.000000;0.995591
7624.000000;0.996229
7623.000000;0.996823
7622.000000;0.997211
7621.000000;0.997345
7620.000000;0.997275
7619.000000;0.997100
7618.000000;0.996968
7617.000000;0.997042
7616.000000;0.997397
7615.000000;0.997955
7614.000000;0.998528
7613.000000;0.998929
7612.000000;0.999060
7611.000000;0.998956
7610.000000;0.998791
7609.000000;0.998783
7608.000000;0.999038
7607.000000;0.999485
7606.000000;0.999974
7605.000000;1.000415
7604.000000;1.000809
7603.000000;1.001179
7602.000000;1.001520
7601.000000;1.001807
7600.000000;1.002023
7599.000000;1.002201
7598.000000;1.002437
7597.000000;1.002815
7596.000000;1.003284
7595.000000;1.003638
7594.000000;1.003706
7593.000000;1.003547
7592.000000;1.003420
7591.000000;1.003531
7590.000000;1.003872
7589.000000;1.004293
7588.000000;1.004684
7587.000000;1.005037
7586.000000;1.005370
7585.000000;1.005671
7584.000000;1.005936
7583.000000;1.006205
7582.000000;1.006516
7581.000000;1.006840
7580.000000;1.007109
7579.000000;1.007304
7578.000000;1.007472
7577.000000;1.007655
7576.000000;1.007835
7575.000000;1.007980
7574.000000;1.008094
7573.000000;1.008195
7572.000000;1.008296
7571.000000;1.008438
7570.000000;1.008697
7569.000000;1.009108
7568.000000;1.009607
7567.000000;1.010112
7566.000000;1.010615
7565.000000;1.011127
7564.000000;1.011573
7563.000000;1.011862
7562.000000;1.012048
7561.000000;1.012332
7560.000000;1.012853
7559.000000;1.013523
7558.000000;1.014089
7557.000000;1.014344
7556.000000;1.014310
7555.000000;1.014237
7554.000000;1.014397
7553.000000;1.014828
7552.000000;1.015317
7551.000000;1.015680
7550.000000;1.015971
7549.000000;1.016312
7548.000000;1.016645
7547.000000;1.016824
7546.000000;1.016916
7545.000000;1.017171
7544.000000;1.017678
7543.000000;1.018249
7542.000000;1.018697
7541.000000;1.019033
7540.000000;1.019317
7539.000000;1.019499
7538.000000;1.019561
7537.000000;1.019659
7536.000000;1.019964
7535.000000;1.020452
7534.000000;1.020976
7533.000000;1.021466
7532.000000;1.021896
7531.000000;1.022185
7530.000000;1.022294
7529.000000;1.022381
7528.000000;1.022693
7527.000000;1.023289
7526.000000;1.023983
7525.000000;1.024558
7524.000000;1.024925
7523.000000;1.025123
7522.000000;1.025246
7521.000000;1.025396
7520.000000;1.025618
7519.000000;1.025893
7518.000000;1.026225
7517.000000;1.026676
7516.000000;1.027247
7515.000000;1.027801
7514.000000;1.028204
7513.000000;1.028499
7512.000000;1.028817
7511.000000;1.029177
7510.000000;1.029492
7509.000000;1.029752
7508.000000;1.030079
7507.000000;1.030576
7506.000000;1.031222
7505.000000;1.031887
7504.000000;1.032405
7503.000000;1.032698
7502.000000;1.032821
7501.000000;1.032985
7500.000000;1.033339
7499.000000;1.033807
7498.000000;1.034218
7497.000000;1.034542
7496.000000;1.034888
7495.000000;1.035307
7494.000000;1.035740
7493.000000;1.036159
7492.000000;1.036595
7491.000000;1.037036
7490.000000;1.037402
7489.000000;1.037668
7488.000000;1.037923
7487.000000;1.038273
7486.000000;1.038751
7485.000000;1.039334
7484.000000;1.039977
7483.000000;1.040611
7482.000000;1.041169
7481.000000;1.041584
7480.000000;1.041778
7479.000000;1.041724
7478.000000;1.041589
7477.000000;1.041711
7476.000000;1.042282
7475.000000;1.043110
7474.000000;1.043832
7473.000000;1.044316
7472.000000;1.044698
7471.000000;1.045081
7470.000000;1.045405
7469.000000;1.045623
7468.000000;1.045827
7467.000000;1.046117
7466.000000;1.046473
7465.000000;1.046830
7464.000000;1.047153
7463.000000;1.047416
7462.000000;1.047597
7461.000000;1.047769
7460.000000;1.048078
7459.000000;1.048566
7458.000000;1.049122
7457.000000;1.049645
7456.000000;1.050184
7455.000000;1.050846
7454.000000;1.051623
7453.000000;1.052380
7452.000000;1.052982
7451.000000;1.053396
7450.000000;1.053701
7449.000000;1.054002
7448.000000;1.054320
7447.000000;1.054597
7446.000000;1.054833
7445.000000;1.055160
7444.000000;1.055672
7443.000000;1.056250
7442.000000;1.056674
7441.000000;1.056901
7440.000000;1.057097
7439.000000;1.057397
7438.000000;1.057782
7437.000000;1.058203
7436.000000;1.058672
7435.000000;1.059191
7434.000000;1.059691
7433.000000;1.060091
7432.000000;1.060349
7431.000000;1.060471
7430.000000;1.060548
7429.000000;1.060752
7428.000000;1.061173
7427.000000;1.061665
7426.000000;1.062012
7425.000000;1.062249
7424.000000;1.062628
7423.000000;1.063247
7422.000000;1.063887
7421.000000;1.064297
7420.000000;1.064506
7419.000000;1.064718
7418.000000;1.065027
7417.000000;1.065355
7416.000000;1.065615
7415.000000;1.065844
7414.000000;1.066195
7413.000000;1.066794
7412.000000;1.067569
7411.000000;1.068234
7410.000000;1.068527
7409.000000;1.068436
7408.000000;1.068138
7407.000000;1.067758
7406.000000;1.067366
7405.000000;1.067179
7404.000000;1.067485
7403.000000;1.068272
7402.000000;1.069148
7401.000000;1.069701
7400.000000;1.069847
7399.000000;1.069812
7398.000000;1.069872
7397.000000;1.070116
7396.000000;1.070388
7395.000000;1.070470
7394.000000;1.070422
7393.000000;1.070608
7392.000000;1.071221
7391.000000;1.071947
7390.000000;1.072354
7389.000000;1.072455
7388.000000;1.072560
7387.000000;1.072670
7386.000000;1.072437
7385.000000;1.071770
7384.000000;1.070987
7383.000000;1.070301
7382.000000;1.069668
7381.000000;1.069317
7380.000000;1.069841
7379.000000;1.071289
7378.000000;1.072666
7377.000000;1.072913
7376.000000;1.072166
7375.000000;1.071656
7374.000000;1.072432
7373.000000;1.074445
7372.000000;1.076710
7371.000000;1.078047
7370.000000;1.077877
7369.000000;1.076712
7368.000000;1.075780
7367.000000;1.075861
7366.000000;1.076628
7365.000000;1.077352
7364.000000;1.077850
7363.000000;1.078333
7362.000000;1.078813
7361.000000;1.079220
7360.000000;1.079769
7359.000000;1.080557
7358.000000;1.081033
7357.000000;1.080486
7356.000000;1.079054
7355.000000;1.077791
7354.000000;1.077639
7353.000000;1.078635
7352.000000;1.080012
7351.000000;1.080607
7350.000000;1.079489
7349.000000;1.076931
7348.000000;1.074587
7347.000000;1.073940
7346.000000;1.074737
7345.000000;1.075676
7344.000000;1.076227
7343.000000;1.076791
7342.000000;1.077457
7341.000000;1.077835
7340.000000;1.078346
7339.000000;1.080302
7338.000000;1.084016
7337.000000;1.088010
7336.000000;1.090642
7335.000000;1.091539
7334.000000;1.091255
7333.000000;1.090455
7332.000000;1.089730
7331.000000;1.089363
7330.000000;1.088843
7329.000000;1.087484
7328.000000;1.085999
7327.000000;1.086467
7326.000000;1.089815
7325.000000;1.094369
7324.000000;1.097793
7323.000000;1.099561
7322.000000;1.100794
7321.000000;1.102336
7320.000000;1.103909
7319.000000;1.104887
7318.000000;1.104919
7317.000000;1.103971
7316.000000;1.102535
7315.000000;1.101533
7314.000000;1.101349
7313.000000;1.101258
7312.000000;1.100589
7311.000000;1.099987
7310.000000;1.100487
7309.000000;1.101782
7308.000000;1.102654
7307.000000;1.102931
7306.000000;1.103805
7305.000000;1.105974
7304.000000;1.108616
7303.000000;1.110626
7302.000000;1.111720
7301.000000;1.112061
7300.000000;1.111932
7299.000000;1.112168
7298.000000;1.113757
7297.000000;1.116349
7296.000000;1.118154
7295.000000;1.118076
7294.000000;1.117384
7293.000000;1.118371
7292.000000;1.121600
7291.000000;1.125460
7290.000000;1.128203
7289.000000;1.129493
7288.000000;1.130152
7287.000000;1.131113
7286.000000;1.132730
7285.000000;1.134690
7284.000000;1.136358
7283.000000;1.137443
7282.000000;1.138303
7281.000000;1.139452
7280.000000;1.140914
7279.000000;1.142294
7278.000000;1.143360
7277.000000;1.144225
7276.000000;1.145058
7275.000000;1.145886
7274.000000;1.146749
7273.000000;1.147807
7272.000000;1.149182
7271.000000;1.150799
7270.000000;1.152410
7269.000000;1.153755
7268.000000;1.154797
7267.000000;1.155865
7266.000000;1.157359
7265.000000;1.159206
7264.000000;1.160835
7263.000000;1.161887
7262.000000;1.162749
7261.000000;1.164172
7260.000000;1.166459
7259.000000;1.169281
7258.000000;1.172159
7257.000000;1.174762
7256.000000;1.176720
7255.000000;1.177587
7254.000000;1.177295
7253.000000;1.176488
7252.000000;1.176230
7251.000000;1.177198
7250.000000;1.179136
7249.000000;1.181220
7248.000000;1.182964
7247.000000;1.184565
7246.000000;1.186178
7245.000000;1.187127
7244.000000;1.186557
7243.000000;1.185056
7242.000000;1.184915
7241.000000;1.187996
7240.000000;1.193687
7239.000000;1.199658
7238.000000;1.204229
7237.000000;1.207399
7236.000000;1.209797
7235.000000;1.211394
7234.000000;1.211730
7233.000000;1.211204
7232.000000;1.211684
7231.000000;1.215093
7230.000000;1.221309
7229.000000;1.228198
7228.000000;1.233726
7227.000000;1.237543
7226.000000;1.240735
7225.000000;1.244426
7224.000000;1.248733
7223.000000;1.252956
7222.000000;1.256420
7221.000000;1.259054
7220.000000;1.261474
7219.000000;1.264598
7218.000000;1.268895
7217.000000;1.273899
7216.000000;1.278580
7215.000000;1.282307
7214.000000;1.285351
7213.000000;1.288417
7212.000000;1.291882
7211.000000;1.295686
7210.000000;1.299687
7209.000000;1.303772
7208.000000;1.307697
7207.000000;1.311110
7206.000000;1.313870
7205.000000;1.316366
7204.000000;1.319478
7203.000000;1.324040
7202.000000;1.330116
7201.000000;1.336826
7200.000000;1.343081
7199.000000;1.348538
7198.000000;1.353625
7197.000000;1.358626
7196.000000;1.363213
7195.000000;1.367175
7194.000000;1.371071
7193.000000;1.375573
7192.000000;1.380458
7191.000000;1.384902
7190.000000;1.388633
7189.000000;1.392146
7188.000000;1.395872
7187.000000;1.399863
7186.000000;1.404294
7185.000000;1.409409
7184.000000;1.414772
7183.000000;1.419445
7182.000000;1.423354
7181.000000;1.427820
7180.000000;1.434064
7179.000000;1.441660
7178.000000;1.449104
7177.000000;1.455392
7176.000000;1.460539
7175.000000;1.465117
7174.000000;1.469767
7173.000000;1.474814
7172.000000;1.479850
7171.000000;1.483951
7170.000000;1.486875
7169.000000;1.489712
7168.000000;1.493870
7167.000000;1.499707
7166.000000;1.506657
7165.000000;1.514213
7164.000000;1.521957
7163.000000;1.529066
7162.000000;1.534932
7161.000000;1.540361
7160.000000;1.547134
7159.000000;1.555857
7158.000000;1.565066
7157.000000;1.572916
7156.000000;1.579000
7155.000000;1.584158
7154.000000;1.589220
7153.000000;1.594407
7152.000000;1.599566
7151.000000;1.604473
7150.000000;1.609070
7149.000000;1.613683
7148.000000;1.618817
7147.000000;1.624475
7146.000000;1.629973
7145.000000;1.634871
7144.000000;1.639773
7143.000000;1.645615
7142.000000;1.652277
7141.000000;1.658615
7140.000000;1.664016
7139.000000;1.669342
7138.000000;1.675841
7137.000000;1.683529
7136.000000;1.691245
7135.000000;1.698098
7134.000000;1.704361
7133.000000;1.710865
7132.000000;1.717846
7131.000000;1.724586
7130.000000;1.730041
7129.000000;1.733831
7128.000000;1.736748
7127.000000;1.740304
7126.000000;1.745469
7125.000000;1.751636
7124.000000;1.757142
7123.000000;1.761125
7122.000000;1.764537
7121.000000;1.768828
7120.000000;1.773998
7119.000000;1.778765
7118.000000;1.782706
7117.000000;1.787244
7116.000000;1.793864
7115.000000;1.802102
7114.000000;1.810141
7113.000000;1.816839
7112.000000;1.822349
7111.000000;1.827134
7110.000000;1.831300
7109.000000;1.834997
7108.000000;1.838638
7107.000000;1.842485
7106.000000;1.846570
7105.000000;1.851158
7104.000000;1.856691
7103.000000;1.862955
7102.000000;1.868818
7101.000000;1.873268
7100.000000;1.876468
7099.000000;1.879357
7098.000000;1.882411
7097.000000;1.885342
7096.000000;1.888058
7095.000000;1.891318
7094.000000;1.895998
7093.000000;1.901946
7092.000000;1.908068
7091.000000;1.913501
7090.000000;1.918297
7089.000000;1.922877
7088.000000;1.927227
7087.000000;1.930944
7086.000000;1.933905
7085.000000;1.936449
7084.000000;1.938918
7083.000000;1.941476
7082.000000;1.944320
7081.000000;1.947582
7080.000000;1.950986
7079.000000;1.954130
7078.000000;1.957313
7077.000000;1.961466
7076.000000;1.966806
7075.000000;1.972004
7074.000000;1.975394
7073.000000;1.976909
7072.000000;1.978138
7071.000000;1.980487
7070.000000;1.983895
7069.000000;1.987415
7068.000000;1.990433
7067.000000;1.992944
7066.000000;1.995097
7065.000000;1.996993
7064.000000;1.998781
7063.000000;2.000746
7062.000000;2.003265
7061.000000;2.006647
7060.000000;2.010838
7059.000000;2.015220
7058.000000;2.018880
7057.000000;2.021180
7056.000000;2.022021
7055.000000;2.021680
7054.000000;2.020801
7053.000000;2.020541
7052.000000;2.022113
7051.000000;2.025659
7050.000000;2.029732
7049.000000;2.032362
7048.000000;2.032883
7047.000000;2.032614
7046.000000;2.033518
7045.000000;2.036294
7044.000000;2.040042
7043.000000;2.043478
7042.000000;2.045964
7041.000000;2.047410
7040.000000;2.047836
7039.000000;2.047587
7038.000000;2.047606
7037.000000;2.048761
7036.000000;2.050942
7035.000000;2.053349
7034.000000;2.055639
7033.000000;2.058144
7032.000000;2.060910
7031.000000;2.063309
7030.000000;2.065050
7029.000000;2.066868
7028.000000;2.069606
7027.000000;2.072967
7026.000000;2.075688
7025.000000;2.076760
7024.000000;2.076228
7023.000000;2.075133
7022.000000;2.074953
7021.000000;2.076624
7020.000000;2.079582
7019.000000;2.082117
7018.000000;2.083177
7017.000000;2.083462
7016.000000;2.084192
7015.000000;2.085344
7014.000000;2.085936
7013.000000;2.085716
7012.000000;2.085601
7011.000000;2.086461
7010.000000;2.088194
7009.000000;2.090082
7008.000000;2.091485
7007.000000;2.092024
7006.000000;2.091671
7005.000000;2.091114
7004.000000;2.091573
7003.000000;2.093615
7002.000000;2.096178
7001.000000;2.097232
7000.000000;2.095803
6999.000000;2.093294
6998.000000;2.092435
6997.000000;2.094756
6996.000000;2.099152
6995.000000;2.102959
6994.000000;2.104411
6993.000000;2.103815
6992.000000;2.102553
6991.000000;2.101578
6990.000000;2.100982
6989.000000;2.100490
6988.000000;2.099919
6987.000000;2.099382
6986.000000;2.099257
6985.000000;2.099859
6984.000000;2.101140
6983.000000;2.102913
6982.000000;2.105188
6981.000000;2.107774
6980.000000;2.109688
6979.000000;2.109797
6978.000000;2.108217
6977.000000;2.106329
6976.000000;2.105161
6975.000000;2.104510
6974.000000;2.103911
6973.000000;2.103661
6972.000000;2.104277
6971.000000;2.105533
6970.000000;2.106789
6969.000000;2.107884
6968.000000;2.108966
6967.000000;2.109802
6966.000000;2.110056
6965.000000;2.109989
6964.000000;2.110145
6963.000000;2.110415
6962.000000;2.110083
6961.000000;2.108755
6960.000000;2.106746
6959.000000;2.104722
6958.000000;2.103392
6957.000000;2.103150
6956.000000;2.103610
6955.000000;2.103835
6954.000000;2.103365
6953.000000;2.102931
6952.000000;2.103625
6951.000000;2.105418
6950.000000;2.107011
6949.000000;2.107190
6948.000000;2.105913
6947.000000;2.104110
6946.000000;2.102860
6945.000000;2.102717
6944.000000;2.103364
6943.000000;2.103895
6942.000000;2.103762
6941.000000;2.103417
6940.000000;2.103677
6939.000000;2.104607
6938.000000;2.105424
6937.000000;2.105479
6936.000000;2.104947
6935.000000;2.104449
6934.000000;2.104314
6933.000000;2.104346
6932.000000;2.104192
6931.000000;2.103930
6930.000000;2.104206
6929.000000;2.105480
6928.000000;2.107153
6927.000000;2.107908
6926.000000;2.107138
6925.000000;2.105543
6924.000000;2.104088
6923.000000;2.102990
6922.000000;2.102117
6921.000000;2.101734
6920.000000;2.102220
6919.000000;2.103373
6918.000000;2.104551
6917.000000;2.105289
6916.000000;2.105407
6915.000000;2.104870
6914.000000;2.104016
6913.000000;2.103528
6912.000000;2.103554
6911.000000;2.103162
6910.000000;2.101398
6909.000000;2.098689
6908.000000;2.096479
6907.000000;2.095631
6906.000000;2.095894
6905.000000;2.096645
6904.000000;2.097310
6903.000000;2.097205
6902.000000;2.095913
6901.000000;2.094116
6900.000000;2.093419
6899.000000;2.094776
6898.000000;2.097214
6897.000000;2.098458
6896.000000;2.097000
6895.000000;2.093527
6894.000000;2.090278
6893.000000;2.089076
6892.000000;2.089927
6891.000000;2.091361
6890.000000;2.091950
6889.000000;2.091376
6888.000000;2.090255
6887.000000;2.089372
6886.000000;2.089133
6885.000000;2.089310
6884.000000;2.089154
6883.000000;2.088150
6882.000000;2.086684
6881.000000;2.085376
6880.000000;2.083935
6879.000000;2.081626
6878.000000;2.078890
6877.000000;2.077374
6876.000000;2.077891
6875.000000;2.079299
6874.000000;2.080069
6873.000000;2.080194
6872.000000;2.080657
6871.000000;2.081630
6870.000000;2.082267
6869.000000;2.081948
6868.000000;2.080742
6867.000000;2.078830
6866.000000;2.076451
6865.000000;2.074310
6864.000000;2.073201
6863.000000;2.073156
6862.000000;2.073479
6861.000000;2.073492
6860.000000;2.072833
6859.000000;2.071311
6858.000000;2.069148
6857.000000;2.067252
6856.000000;2.066573
6855.000000;2.067174
6854.000000;2.068289
6853.000000;2.069042
6852.000000;2.068777
6851.000000;2.067286
6850.000000;2.065465
6849.000000;2.065044
6848.000000;2.066589
6847.000000;2.068169
6846.000000;2.067238
6845.000000;2.063824
6844.000000;2.060535
6843.000000;2.059374
6842.000000;2.059848
6841.000000;2.060315
6840.000000;2.059988
6839.000000;2.059100
6838.000000;2.058018
6837.000000;2.056874
6836.000000;2.055663
6835.000000;2.054248
6834.000000;2.052532
6833.000000;2.050727
6832.000000;2.049101
6831.000000;2.047518
6830.000000;2.045678
6829.000000;2.043701
6828.000000;2.041806
6827.000000;2.039525
6826.000000;2.036186
6825.000000;2.032306
6824.000000;2.029554
6823.000000;2.028897
6822.000000;2.029473
6821.000000;2.029696
6820.000000;2.028882
6819.000000;2.027342
6818.000000;2.025506
6817.000000;2.023625
6816.000000;2.021964
6815.000000;2.020585
6814.000000;2.019041
6813.000000;2.016768
6812.000000;2.013748
6811.000000;2.010538
6810.000000;2.007761
6809.000000;2.005785
6808.000000;2.004650
6807.000000;2.003987
6806.000000;2.003111
6805.000000;2.001460
6804.000000;1.998993
6803.000000;1.996161
6802.000000;1.993559
6801.000000;1.991542
6800.000000;1.989968
6799.000000;1.988271
6798.000000;1.986014
6797.000000;1.983412
6796.000000;1.981083
6795.000000;1.979287
6794.000000;1.977652
6793.000000;1.975649
6792.000000;1.973052
6791.000000;1.970054
6790.000000;1.967231
6789.000000;1.965286
6788.000000;1.964375
6787.000000;1.963719
6786.000000;1.962351
6785.000000;1.960278
6784.000000;1.958433
6783.000000;1.957374
6782.000000;1.956558
6781.000000;1.955054
6780.000000;1.952534
6779.000000;1.949289
6778.000000;1.945697
6777.000000;1.942053
6776.000000;1.938662
6775.000000;1.935778
6774.000000;1.933558
6773.000000;1.932090
6772.000000;1.931200
6771.000000;1.930240
6770.000000;1.928528
6769.000000;1.926166
6768.000000;1.923976
6767.000000;1.922409
6766.000000;1.920917
6765.000000;1.918695
6764.000000;1.915714
6763.000000;1.912618
6762.000000;1.909900
6761.000000;1.907588
6760.000000;1.905539
6759.000000;1.903593
6758.000000;1.901506
6757.000000;1.899092
6756.000000;1.896482
6755.000000;1.894029
6754.000000;1.891908
6753.000000;1.889978
6752.000000;1.887968
6751.000000;1.885636
6750.000000;1.882857
6749.000000;1.879788
6748.000000;1.876929
6747.000000;1.874727
6746.000000;1.873019
6745.000000;1.871057
6744.000000;1.868246
6743.000000;1.864808
6742.000000;1.861594
6741.000000;1.859221
6740.000000;1.857442
6739.000000;1.855425
6738.000000;1.852687
6737.000000;1.849639
6736.000000;1.847049
6735.000000;1.845058
6734.000000;1.843002
6733.000000;1.840294
6732.000000;1.837217
6731.000000;1.834583
6730.000000;1.832754
6729.000000;1.831269
6728.000000;1.829419
6727.000000;1.826981
6726.000000;1.824311
6725.000000;1.821890
6724.000000;1.819880
6723.000000;1.818061
6722.000000;1.816115
6721.000000;1.813952
6720.000000;1.811744
6719.000000;1.809632
6718.000000;1.807576
6717.000000;1.805542
6716.000000;1.803668
6715.000000;1.802025
6714.000000;1.800256
6713.000000;1.797764
6712.000000;1.794397
6711.000000;1.790640
6710.000000;1.787146
6709.000000;1.784218
6708.000000;1.781882
6707.000000;1.780263
6706.000000;1.779262
6705.000000;1.778226
6704.000000;1.776288
6703.000000;1.773258
6702.000000;1.769844
6701.000000;1.766853
6700.000000;1.764434
6699.000000;1.762251
6698.000000;1.760080
6697.000000;1.757954
6696.000000;1.755920
6695.000000;1.754002
6694.000000;1.752298
6693.000000;1.750830
6692.000000;1.749316
6691.000000;1.747390
6690.000000;1.745066
6689.000000;1.742709
6688.000000;1.740560
6687.000000;1.738484
6686.000000;1.736242
6685.000000;1.733754
6684.000000;1.731060
6683.000000;1.728267
6682.000000;1.725598
6681.000000;1.723271
6680.000000;1.721260
6679.000000;1.719363
6678.000000;1.717530
6677.000000;1.715841
6676.000000;1.714132
6675.000000;1.711985
6674.000000;1.709279
6673.000000;1.706443
6672.000000;1.703946
6671.000000;1.701782
6670.000000;1.699707
6669.000000;1.697705
6668.000000;1.695944
6667.000000;1.694396
6666.000000;1.692797
6665.000000;1.690925
6664.000000;1.688695
6663.000000;1.686089
6662.000000;1.683270
6661.000000;1.680677
6660.000000;1.678653
6659.000000;1.676972
6658.000000;1.675028
6657.000000;1.672555
6656.000000;1.669914
6655.000000;1.667595
6654.000000;1.665688
6653.000000;1.663964
6652.000000;1.662246
6651.000000;1.660496
6650.000000;1.658660
6649.000000;1.656643
6648.000000;1.654477
6647.000000;1.652368
6646.000000;1.650491
6645.000000;1.648774
6644.000000;1.646951
6643.000000;1.644832
6642.000000;1.642481
6641.000000;1.640074
6640.000000;1.637660
6639.000000;1.635186
6638.000000;1.632710
6637.000000;1.630442
6636.000000;1.628505
6635.000000;1.626789
6634.000000;1.625095
6633.000000;1.623324
6632.000000;1.621450
6631.000000;1.619439
6630.000000;1.617311
6629.000000;1.615206
6628.000000;1.613260
6627.000000;1.611480
6626.000000;1.609806
6625.000000;1.608224
6624.000000;1.606715
6623.000000;1.605180
6622.000000;1.603515
6621.000000;1.601711
6620.000000;1.599798
6619.000000;1.597738
6618.000000;1.595490
6617.000000;1.593113
6616.000000;1.590724
6615.000000;1.588426
6614.000000;1.586348
6613.000000;1.584623
6612.000000;1.583193
6611.000000;1.581732
6610.000000;1.579934
6609.000000;1.577840
6608.000000;1.575728
6607.000000;1.573763
6606.000000;1.571900
6605.000000;1.570080
6604.000000;1.568328
6603.000000;1.566627
6602.000000;1.564878
6601.000000;1.563040
6600.000000;1.561219
6599.000000;1.559551
6598.000000;1.558041
6597.000000;1.556544
6596.000000;1.554875
6595.000000;1.552972
6594.000000;1.551014
6593.000000;1.549301
6592.000000;1.547919
6591.000000;1.546573
6590.000000;1.544886
6589.000000;1.542831
6588.000000;1.540734
6587.000000;1.538866
6586.000000;1.537194
6585.000000;1.535566
6584.000000;1.533966
6583.000000;1.532485
6582.000000;1.531122
6581.000000;1.529714
6580.000000;1.528092
6579.000000;1.526264
6578.000000;1.524428
6577.000000;1.522752
6576.000000;1.521143
6575.000000;1.519314
6574.000000;1.517156
6573.000000;1.514960
6572.000000;1.513137
6571.000000;1.511736
6570.000000;1.510402
6569.000000;1.508805
6568.000000;1.506997
6567.000000;1.505267
6566.000000;1.503761
6565.000000;1.502372
6564.000000;1.500942
6563.000000;1.499455
6562.000000;1.497990
6561.000000;1.496551
6560.000000;1.495040
6559.000000;1.493397
6558.000000;1.491725
6557.000000;1.490197
6556.000000;1.488865
6555.000000;1.487604
6554.000000;1.486272
6553.000000;1.484839
6552.000000;1.483317
6551.000000;1.481683
6550.000000;1.479933
6549.000000;1.478182
6548.000000;1.476589
6547.000000;1.475190
6546.000000;1.473850
6545.000000;1.472406
6544.000000;1.470817
6543.000000;1.469174
6542.000000;1.467612
6541.000000;1.466191
6540.000000;1.464859
6539.000000;1.463532
6538.000000;1.462186
6537.000000;1.460837
6536.000000;1.459423
6535.000000;1.457815
6534.000000;1.456000
6533.000000;1.454186
6532.000000;1.452620
6531.000000;1.451360
6530.000000;1.450294
6529.000000;1.449312
6528.000000;1.448345
6527.000000;1.447264
6526.000000;1.445896
6525.000000;1.444195
6524.000000;1.442340
6523.000000;1.440597
6522.000000;1.439116
6521.000000;1.437869
6520.000000;1.436723
6519.000000;1.435560
6518.000000;1.434348
6517.000000;1.433108
6516.000000;1.431817
6515.000000;1.430391
6514.000000;1.428806
6513.000000;1.427206
6512.000000;1.425804
6511.000000;1.424674
6510.000000;1.423684
6509.000000;1.422632
6508.000000;1.421393
6507.000000;1.419963
6506.000000;1.418421
6505.000000;1.416901
6504.000000;1.415542
6503.000000;1.414400
6502.000000;1.413402
6501.000000;1.412397
6500.000000;1.411271
6499.000000;1.410037
6498.000000;1.408805
6497.000000;1.407659
6496.000000;1.406554
6495.000000;1.405356
6494.000000;1.404004
6493.000000;1.402580
6492.000000;1.401224
6491.000000;1.399984
6490.000000;1.398801
6489.000000;1.397572
6488.000000;1.396231
6487.000000;1.394783
6486.000000;1.393321
6485.000000;1.391974
6484.000000;1.390807
6483.000000;1.389770
6482.000000;1.388776
6481.000000;1.387786
6480.000000;1.386791
6479.000000;1.385747
6478.000000;1.384608
6477.000000;1.383412
6476.000000;1.382261
6475.000000;1.381201
6474.000000;1.380147
6473.000000;1.378975
6472.000000;1.377658
6471.000000;1.376299
6470.000000;1.375033
6469.000000;1.373887
6468.000000;1.372767
6467.000000;1.371568
6466.000000;1.370289
6465.000000;1.369007
6464.000000;1.367753
6463.000000;1.366481
6462.000000;1.365185
6461.000000;1.363971
6460.000000;1.362976
6459.000000;1.362219
6458.000000;1.361564
6457.000000;1.360824
6456.000000;1.359881
6455.000000;1.358764
6454.000000;1.357619
6453.000000;1.356592
6452.000000;1.355709
6451.000000;1.354874
6450.000000;1.354001
6449.000000;1.353086
6448.000000;1.352154
6447.000000;1.351176
6446.000000;1.350116
6445.000000;1.348998
6444.000000;1.347883
6443.000000;1.346780
6442.000000;1.345645
6441.000000;1.344469
6440.000000;1.343325
6439.000000;1.342310
6438.000000;1.341465
6437.000000;1.340736
6436.000000;1.340000
6435.000000;1.339128
6434.000000;1.338062
6433.000000;1.336853
6432.000000;1.335629
6431.000000;1.334524
6430.000000;1.333596
6429.000000;1.332790
6428.000000;1.331958
6427.000000;1.330976
6426.000000;1.329868
6425.000000;1.328801
6424.000000;1.327925
6423.000000;1.327230
6422.000000;1.326554
6421.000000;1.325728
6420.000000;1.324703
6419.000000;1.323563
6418.000000;1.322453
6417.000000;1.321475
6416.000000;1.320626
6415.000000;1.319819
6414.000000;1.318977
6413.000000;1.318103
6412.000000;1.317250
6411.000000;1.316432
6410.000000;1.315570
6409.000000;1.314570
6408.000000;1.313440
6407.000000;1.312320
6406.000000;1.311350
6405.000000;1.310523
6404.000000;1.309710
6403.000000;1.308824
6402.000000;1.307914
6401.000000;1.307064
6400.000000;1.306282
6399.000000;1.305519
6398.000000;1.304762
6397.000000;1.304009
6396.000000;1.303225
6395.000000;1.302382
6394.000000;1.301553
6393.000000;1.300857
6392.000000;1.300302
6391.000000;1.299753
6390.000000;1.299065
6389.000000;1.298205
6388.000000;1.297224
6387.000000;1.296195
6386.000000;1.295205
6385.000000;1.294342
6384.000000;1.293648
6383.000000;1.293089
6382.000000;1.292564
6381.000000;1.291957
6380.000000;1.291190
6379.000000;1.290312
6378.000000;1.289470
6377.000000;1.288748
6376.000000;1.288039
6375.000000;1.287160
6374.000000;1.286089
6373.000000;1.285007
6372.000000;1.284081
6371.000000;1.283325
6370.000000;1.282657
6369.000000;1.282026
6368.000000;1.281415
6367.000000;1.280798
6366.000000;1.280153
6365.000000;1.279472
6364.000000;1.278734
6363.000000;1.277919
6362.000000;1.277071
6361.000000;1.276261
6360.000000;1.275489
6359.000000;1.274685
6358.000000;1.273839
6357.000000;1.273047
6356.000000;1.272377
6355.000000;1.271768
6354.000000;1.271137
6353.000000;1.270493
6352.000000;1.269901
6351.000000;1.269350
6350.000000;1.268747
6349.000000;1.268022
6348.000000;1.267193
6347.000000;1.266358
6346.000000;1.265636
6345.000000;1.265088
6344.000000;1.264633
6343.000000;1.264088
6342.000000;1.263342
6341.000000;1.262468
6340.000000;1.261630
6339.000000;1.260922
6338.000000;1.260318
6337.000000;1.259742
6336.000000;1.259138
6335.000000;1.258490
6334.000000;1.257830
6333.000000;1.257202
6332.000000;1.256594
6331.000000;1.255924
6330.000000;1.255141
6329.000000;1.254304
6328.000000;1.253542
6327.000000;1.252938
6326.000000;1.252478
6325.000000;1.252092
6324.000000;1.251692
6323.000000;1.251199
6322.000000;1.250580
6321.000000;1.249864
6320.000000;1.249108
6319.000000;1.248368
6318.000000;1.247689
6317.000000;1.247109
6316.000000;1.246626
6315.000000;1.246189
6314.000000;1.245736
6313.000000;1.245216
6312.000000;1.244588
6311.000000;1.243844
6310.000000;1.243045
6309.000000;1.242299
6308.000000;1.241664
6307.000000;1.241101
6306.000000;1.240537
6305.000000;1.239948
6304.000000;1.239371
6303.000000;1.238864
6302.000000;1.238475
6301.000000;1.238206
6300.000000;1.237973
6299.000000;1.237625
6298.000000;1.237048
6297.000000;1.236243
6296.000000;1.235331
6295.000000;1.234480
6294.000000;1.233823
6293.000000;1.233366
6292.000000;1.232967
6291.000000;1.232461
6290.000000;1.231835
6289.000000;1.231230
6288.000000;1.230769
6287.000000;1.230420
6286.000000;1.230060
6285.000000;1.229602
6284.000000;1.229039
6283.000000;1.228416
6282.000000;1.227817
6281.000000;1.227324
6280.000000;1.226946
6279.000000;1.226601
6278.000000;1.226208
6277.000000;1.225775
6276.000000;1.225347
6275.000000;1.224914
6274.000000;1.224405
6273.000000;1.223780
6272.000000;1.223106
6271.000000;1.222524
6270.000000;1.222129
6269.000000;1.221865
6268.000000;1.221550
6267.000000;1.221052
6266.000000;1.220419
6265.000000;1.219800
6264.000000;1.219248
6263.000000;1.218673
6262.000000;1.218011
6261.000000;1.217340
6260.000000;1.216803
6259.000000;1.216449
6258.000000;1.216200
6257.000000;1.215935
6256.000000;1.215571
6255.000000;1.215101
6254.000000;1.214584
6253.000000;1.214088
6252.000000;1.213609
6251.000000;1.213079
6250.000000;1.212484
6249.000000;1.211909
6248.000000;1.211451
6247.000000;1.211118
6246.000000;1.210841
6245.000000;1.210557
6244.000000;1.210250
6243.000000;1.209925
6242.000000;1.209579
6241.000000;1.209169
6240.000000;1.208627
6239.000000;1.207957
6238.000000;1.207288
6237.000000;1.206779
6236.000000;1.206446
6235.000000;1.206147
6234.000000;1.205774
6233.000000;1.205382
6232.000000;1.205079
6231.000000;1.204850
6230.000000;1.204568
6229.000000;1.204137
6228.000000;1.203580
6227.000000;1.203008
6226.000000;1.202527
6225.000000;1.202164
6224.000000;1.201828
6223.000000;1.201398
6222.000000;1.200863
6221.000000;1.200358
6220.000000;1.200009
6219.000000;1.199793
6218.000000;1.199577
6217.000000;1.199275
6216.000000;1.198904
6215.000000;1.198516
6214.000000;1.198124
6213.000000;1.197698
6212.000000;1.197211
6211.000000;1.196687
6210.000000;1.196208
6209.000000;1.195852
6208.000000;1.195615
6207.000000;1.195432
6206.000000;1.195266
6205.000000;1.195123
6204.000000;1.194967
6203.000000;1.194703
6202.000000;1.194274
6201.000000;1.193732
6200.000000;1.193169
6199.000000;1.192631
6198.000000;1.192148
6197.000000;1.191773
6196.000000;1.191516
6195.000000;1.191287
6194.000000;1.190965
6193.000000;1.190539
6192.000000;1.190106
6191.000000;1.189743
6190.000000;1.189424
6189.000000;1.189054
6188.000000;1.188563
6187.000000;1.187971
6186.000000;1.187397
6185.000000;1.186967
6184.000000;1.186703
6183.000000;1.186498
6182.000000;1.186240
6181.000000;1.185915
6180.000000;1.185577
6179.000000;1.185244
6178.000000;1.184896
6177.000000;1.184531
6176.000000;1.184171
6175.000000;1.183816
6174.000000;1.183440
6173.000000;1.183035
6172.000000;1.182621
6171.000000;1.182234
6170.000000;1.181917
6169.000000;1.181700
6168.000000;1.181557
6167.000000;1.181415
6166.000000;1.181233
6165.000000;1.181050
6164.000000;1.180923
6163.000000;1.180819
6162.000000;1.180630
6161.000000;1.180277
6160.000000;1.179796
6159.000000;1.179309
6158.000000;1.178945
6157.000000;1.178753
6156.000000;1.178658
6155.000000;1.178513
6154.000000;1.178229
6153.000000;1.177848
6152.000000;1.177481
6151.000000;1.177175
6150.000000;1.176899
6149.000000;1.176625
6148.000000;1.176382
6147.000000;1.176189
6146.000000;1.175979
6145.000000;1.175648
6144.000000;1.175184
6143.000000;1.174716
6142.000000;1.174407
6141.000000;1.174285
6140.000000;1.174192
6139.000000;1.173949
6138.000000;1.173535
6137.000000;1.173098
6136.000000;1.172789
6135.000000;1.172625
6134.000000;1.172517
6133.000000;1.172376
6132.000000;1.172159
6131.000000;1.171866
6130.000000;1.171537
6129.000000;1.171230
6128.000000;1.170966
6127.000000;1.170714
6126.000000;1.170450
6125.000000;1.170202
6124.000000;1.170005
6123.000000;1.169838
6122.000000;1.169644
6121.000000;1.169396
6120.000000;1.169125
6119.000000;1.168871
6118.000000;1.168633
6117.000000;1.168379
6116.000000;1.168078
6115.000000;1.167728
6114.000000;1.167363
6113.000000;1.167024
6112.000000;1.166731
6111.000000;1.166473
6110.000000;1.166244
6109.000000;1.166065
6108.000000;1.165966
6107.000000;1.165929
6106.000000;1.165887
6105.000000;1.165768
6104.000000;1.165544
6103.000000;1.165251
6102.000000;1.164938
6101.000000;1.164618
6100.000000;1.164276
6099.000000;1.163935
6098.000000;1.163672
6097.000000;1.163553
6096.000000;1.163545
6095.000000;1.163522
6094.000000;1.163365
6093.000000;1.163045
6092.000000;1.162633
6091.000000;1.162243
6090.000000;1.161951
6089.000000;1.161741
6088.000000;1.161531
6087.000000;1.161274
6086.000000;1.161000
6085.000000;1.160751
6084.000000;1.160518
6083.000000;1.160281
6082.000000;1.160072
6081.000000;1.159938
6080.000000;1.159856
6079.000000;1.159755
6078.000000;1.159598
6077.000000;1.159393
6076.000000;1.159133
6075.000000;1.158808
6074.000000;1.158472
6073.000000;1.158226
6072.000000;1.158100
6071.000000;1.158008
6070.000000;1.157850
6069.000000;1.157614
6068.000000;1.157357
6067.000000;1.157118
6066.000000;1.156907
6065.000000;1.156725
6064.000000;1.156575
6063.000000;1.156449
6062.000000;1.156322
6061.000000;1.156170
6060.000000;1.155987
6059.000000;1.155796
6058.000000;1.155649
6057.000000;1.155574
6056.000000;1.155551
6055.000000;1.155554
6054.000000;1.155586
6053.000000;1.155633
6052.000000;1.155619
6051.000000;1.155478
6050.000000;1.155246
6049.000000;1.155002
6048.000000;1.154731
6047.000000;1.154348
6046.000000;1.153859
6045.000000;1.153408
6044.000000;1.153119
6043.000000;1.152981
6042.000000;1.152922
6041.000000;1.152916
6040.000000;1.152957
6039.000000;1.152993
6038.000000;1.152960
6037.000000;1.152847
6036.000000;1.152680
6035.000000;1.152464
6034.000000;1.152208
6033.000000;1.151960
6032.000000;1.151779
6031.000000;1.151665
6030.000000;1.151562
6029.000000;1.151427
6028.000000;1.151270
6027.000000;1.151147
6026.000000;1.151115
6025.000000;1.151181
6024.000000;1.151276
6023.000000;1.151293
6022.000000;1.151176
6021.000000;1.150946
6020.000000;1.150667
6019.000000;1.150407
6018.000000;1.150236
6017.000000;1.150191
6016.000000;1.150239
6015.000000;1.150307
6014.000000;1.150368
6013.000000;1.150447
6012.000000;1.150532
6011.000000;1.150542
6010.000000;1.150427
6009.000000;1.150236
6008.000000;1.150042
6007.000000;1.149852
6006.000000;1.149637
6005.000000;1.149419
6004.000000;1.149281
6003.000000;1.149284
6002.000000;1.149389
6001.000000;1.149472
6000.000000;1.149415
5999.000000;1.149199
5998.000000;1.148930
5997.000000;1.148731
5996.000000;1.148627
5995.000000;1.148554
5994.000000;1.148473
5993.000000;1.148403
5992.000000;1.148354
5991.000000;1.148298
5990.000000;1.148233
5989.000000;1.148210
5988.000000;1.148250
5987.000000;1.148297
5986.000000;1.148284
5985.000000;1.148211
5984.000000;1.148113
5983.000000;1.148010
5982.000000;1.147919
5981.000000;1.147876
5980.000000;1.147892
5979.000000;1.147918
5978.000000;1.147888
5977.000000;1.147796
5976.000000;1.147677
5975.000000;1.147563
5974.000000;1.147471
5973.000000;1.147431
5972.000000;1.147474
5971.000000;1.147602
5970.000000;1.147778
5969.000000;1.147951
5968.000000;1.148071
5967.000000;1.148117
5966.000000;1.148119
5965.000000;1.148116
5964.000000;1.148089
5963.000000;1.147970
5962.000000;1.147744
5961.000000;1.147485
5960.000000;1.147273
5959.000000;1.147110
5958.000000;1.146966
5957.000000;1.146867
5956.000000;1.146879
5955.000000;1.147028
5954.000000;1.147257
5953.000000;1.147467
5952.000000;1.147575
5951.000000;1.147558
5950.000000;1.147469
5949.000000;1.147409
5948.000000;1.147444
5947.000000;1.147554
5946.000000;1.147667
5945.000000;1.147721
5944.000000;1.147691
5943.000000;1.147592
5942.000000;1.147470
5941.000000;1.147374
5940.000000;1.147326
5939.000000;1.147327
5938.000000;1.147403
5937.000000;1.147587
5936.000000;1.147846
5935.000000;1.148067
5934.000000;1.148145
5933.000000;1.148089
5932.000000;1.147991
5931.000000;1.147932
5930.000000;1.147932
5929.000000;1.147972
5928.000000;1.148039
5927.000000;1.148133
5926.000000;1.148251
5925.000000;1.148361
5924.000000;1.148414
5923.000000;1.148391
5922.000000;1.148329
5921.000000;1.148296
5920.000000;1.148334
5919.000000;1.148449
5918.000000;1.148621
5917.000000;1.148789
5916.000000;1.148860
5915.000000;1.148785
5914.000000;1.148625
5913.000000;1.148504
5912.000000;1.148495
5911.000000;1.148579
5910.000000;1.148706
5909.000000;1.148834
5908.000000;1.148926
5907.000000;1.148969
5906.000000;1.149015
5905.000000;1.149133
5904.000000;1.149312
5903.000000;1.149472
5902.000000;1.149572
5901.000000;1.149656
5900.000000;1.149764
5899.000000;1.149876
5898.000000;1.149976
5897.000000;1.150105
5896.000000;1.150286
5895.000000;1.150468
5894.000000;1.150592
5893.000000;1.150684
5892.000000;1.150819
5891.000000;1.151023
5890.000000;1.151246
5889.000000;1.151422
5888.000000;1.151527
5887.000000;1.151564
5886.000000;1.151540
5885.000000;1.151461
5884.000000;1.151366
5883.000000;1.151341
5882.000000;1.151481
5881.000000;1.151784
5880.000000;1.152120
5879.000000;1.152340
5878.000000;1.152424
5877.000000;1.152463
5876.000000;1.152513
5875.000000;1.152536
5874.000000;1.152502
5873.000000;1.152473
5872.000000;1.152536
5871.000000;1.152709
5870.000000;1.152946
5869.000000;1.153196
5868.000000;1.153432
5867.000000;1.153660
5866.000000;1.153923
5865.000000;1.154261
5864.000000;1.154636
5863.000000;1.154947
5862.000000;1.155145
5861.000000;1.155279
5860.000000;1.155422
5859.000000;1.155583
5858.000000;1.155738
5857.000000;1.155883
5856.000000;1.156033
5855.000000;1.156193
5854.000000;1.156371
5853.000000;1.156591
5852.000000;1.156853
5851.000000;1.157111
5850.000000;1.157324
5849.000000;1.157517
5848.000000;1.157751
5847.000000;1.158037
5846.000000;1.158311
5845.000000;1.158482
5844.000000;1.158501
5843.000000;1.158423
5842.000000;1.158382
5841.000000;1.158493
5840.000000;1.158751
5839.000000;1.159063
5838.000000;1.159359
5837.000000;1.159646
5836.000000;1.159957
5835.000000;1.160302
5834.000000;1.160671
5833.000000;1.161054
5832.000000;1.161414
5831.000000;1.161706
5830.000000;1.161943
5829.000000;1.162206
5828.000000;1.162565
5827.000000;1.163005
5826.000000;1.163444
5825.000000;1.163794
5824.000000;1.164003
5823.000000;1.164095
5822.000000;1.164177
5821.000000;1.164363
5820.000000;1.164678
5819.000000;1.165045
5818.000000;1.165380
5817.000000;1.165654
5816.000000;1.165882
5815.000000;1.166100
5814.000000;1.166364
5813.000000;1.166697
5812.000000;1.167053
5811.000000;1.167351
5810.000000;1.167578
5809.000000;1.167798
5808.000000;1.168058
5807.000000;1.168353
5806.000000;1.168676
5805.000000;1.169048
5804.000000;1.169462
5803.000000;1.169883
5802.000000;1.170305
5801.000000;1.170756
5800.000000;1.171218
5799.000000;1.171615
5798.000000;1.171931
5797.000000;1.172274
5796.000000;1.172758
5795.000000;1.173361
5794.000000;1.173962
5793.000000;1.174461
5792.000000;1.174855
5791.000000;1.175205
5790.000000;1.175589
5789.000000;1.176041
5788.000000;1.176511
5787.000000;1.176904
5786.000000;1.177187
5785.000000;1.177441
5784.000000;1.177777
5783.000000;1.178229
5782.000000;1.178748
5781.000000;1.179262
5780.000000;1.179716
5779.000000;1.180090
5778.000000;1.180410
5777.000000;1.180735
5776.000000;1.181112
5775.000000;1.181556
5774.000000;1.182062
5773.000000;1.182595
5772.000000;1.183093
5771.000000;1.183514
5770.000000;1.183908
5769.000000;1.184364
5768.000000;1.184895
5767.000000;1.185432
5766.000000;1.185950
5765.000000;1.186499
5764.000000;1.187107
5763.000000;1.187714
5762.000000;1.188260
5761.000000;1.188778
5760.000000;1.189327
5759.000000;1.189905
5758.000000;1.190461
5757.000000;1.190977
5756.000000;1.191481
5755.000000;1.192016
5754.000000;1.192617
5753.000000;1.193283
5752.000000;1.193953
5751.000000;1.194551
5750.000000;1.195085
5749.000000;1.195650
5748.000000;1.196292
5747.000000;1.196946
5746.000000;1.197528
5745.000000;1.198062
5744.000000;1.198645
5743.000000;1.199339
5742.000000;1.200127
5741.000000;1.200938
5740.000000;1.201664
5739.000000;1.202215
5738.000000;1.202617
5737.000000;1.203023
5736.000000;1.203568
5735.000000;1.204240
5734.000000;1.204932
5733.000000;1.205576
5732.000000;1.206183
5731.000000;1.206781
5730.000000;1.207385
5729.000000;1.208004
5728.000000;1.208630
5727.000000;1.209232
5726.000000;1.209820
5725.000000;1.210469
5724.000000;1.211221
5723.000000;1.211985
5722.000000;1.212617
5721.000000;1.213107
5720.000000;1.213615
5719.000000;1.214305
5718.000000;1.215182
5717.000000;1.216109
5716.000000;1.216941
5715.000000;1.217638
5714.000000;1.218270
5713.000000;1.218926
5712.000000;1.219639
5711.000000;1.220366
5710.000000;1.221054
5709.000000;1.221698
5708.000000;1.222353
5707.000000;1.223086
5706.000000;1.223922
5705.000000;1.224819
5704.000000;1.225688
5703.000000;1.226484
5702.000000;1.227257
5701.000000;1.228070
5700.000000;1.228921
5699.000000;1.229744
5698.000000;1.230521
5697.000000;1.231308
5696.000000;1.232163
5695.000000;1.233080
5694.000000;1.234013
5693.000000;1.234915
5692.000000;1.235732
5691.000000;1.236423
5690.000000;1.237041
5689.000000;1.237724
5688.000000;1.238563
5687.000000;1.239494
5686.000000;1.240368
5685.000000;1.241101
5684.000000;1.241719
5683.000000;1.242304
5682.000000;1.242935
5681.000000;1.243659
5680.000000;1.244466
5679.000000;1.245294
5678.000000;1.246094
5677.000000;1.246878
5676.000000;1.247678
5675.000000;1.248493
5674.000000;1.249296
5673.000000;1.250093
5672.000000;1.250909
5671.000000;1.251743
5670.000000;1.252554
5669.000000;1.253319
5668.000000;1.254064
5667.000000;1.254846
5666.000000;1.255687
5665.000000;1.256546
5664.000000;1.257355
5663.000000;1.258092
5662.000000;1.258807
5661.000000;1.259562
5660.000000;1.260345
5659.000000;1.261084
5658.000000;1.261737
5657.000000;1.262342
5656.000000;1.262978
5655.000000;1.263705
5654.000000;1.264526
5653.000000;1.265387
5652.000000;1.266207
5651.000000;1.266953
5650.000000;1.267667
5649.000000;1.268401
5648.000000;1.269134
5647.000000;1.269806
5646.000000;1.270412
5645.000000;1.271017
5644.000000;1.271673
5643.000000;1.272375
5642.000000;1.273090
5641.000000;1.273802
5640.000000;1.274509
5639.000000;1.275217
5638.000000;1.275938
5637.000000;1.276656
5636.000000;1.277317
5635.000000;1.277911
5634.000000;1.278523
5633.000000;1.279238
5632.000000;1.280007
5631.000000;1.280685
5630.000000;1.281216
5629.000000;1.281695
5628.000000;1.282215
5627.000000;1.282754
5626.000000;1.283231
5625.000000;1.283609
5624.000000;1.283916
5623.000000;1.284224
5622.000000;1.284622
5621.000000;1.285159
5620.000000;1.285778
5619.000000;1.286364
5618.000000;1.286876
5617.000000;1.287366
5616.000000;1.287857
5615.000000;1.288305
5614.000000;1.288690
5613.000000;1.289071
5612.000000;1.289494
5611.000000;1.289939
5610.000000;1.290388
5609.000000;1.290870
5608.000000;1.291386
5607.000000;1.291858
5606.000000;1.292223
5605.000000;1.292506
5604.000000;1.292763
5603.000000;1.293024
5602.000000;1.293336
5601.000000;1.293783
5600.000000;1.294376
5599.000000;1.294975
5598.000000;1.295400
5597.000000;1.295607
5596.000000;1.295695
5595.000000;1.295794
5594.000000;1.295982
5593.000000;1.296280
5592.000000;1.296649
5591.000000;1.297012
5590.000000;1.297327
5589.000000;1.297620
5588.000000;1.297920
5587.000000;1.298191
5586.000000;1.298359
5585.000000;1.298400
5584.000000;1.298365
5583.000000;1.298346
5582.000000;1.298424
5581.000000;1.298622
5580.000000;1.298881
5579.000000;1.299129
5578.000000;1.299354
5577.000000;1.299593
5576.000000;1.299841
5575.000000;1.300052
5574.000000;1.300224
5573.000000;1.300412
5572.000000;1.300631
5571.000000;1.300829
5570.000000;1.300975
5569.000000;1.301096
5568.000000;1.301193
5567.000000;1.301201
5566.000000;1.301102
5565.000000;1.301005
5564.000000;1.301034
5563.000000;1.301202
5562.000000;1.301434
5561.000000;1.301666
5560.000000;1.301871
5559.000000;1.302013
5558.000000;1.302058
5557.000000;1.302004
5556.000000;1.301873
5555.000000;1.301697
5554.000000;1.301522
5553.000000;1.301393
5552.000000;1.301318
5551.000000;1.301271
5550.000000;1.301246
5549.000000;1.301268
5548.000000;1.301353
5547.000000;1.301502
5546.000000;1.301719
5545.000000;1.301976
5544.000000;1.302172
5543.000000;1.302195
5542.000000;1.302042
5541.000000;1.301811
5540.000000;1.301570
5539.000000;1.301324
5538.000000;1.301117
5537.000000;1.301060
5536.000000;1.301198
5535.000000;1.301431
5534.000000;1.301631
5533.000000;1.301781
5532.000000;1.301913
5531.000000;1.301989
5530.000000;1.301938
5529.000000;1.301783
5528.000000;1.301634
5527.000000;1.301550
5526.000000;1.301488
5525.000000;1.301382
5524.000000;1.301245
5523.000000;1.301171
5522.000000;1.301259
5521.000000;1.301524
5520.000000;1.301869
5519.000000;1.302149
5518.000000;1.302268
5517.000000;1.302215
5516.000000;1.302044
5515.000000;1.301827
5514.000000;1.301620
5513.000000;1.301437
5512.000000;1.301259
5511.000000;1.301077
5510.000000;1.300927
5509.000000;1.300886
5508.000000;1.301030
5507.000000;1.301401
5506.000000;1.301955
5505.000000;1.302567
5504.000000;1.303104
5503.000000;1.303465
5502.000000;1.303529
5501.000000;1.303159
5500.000000;1.302325
5499.000000;1.301229
5498.000000;1.300238
5497.000000;1.299562
5496.000000;1.299065
5495.000000;1.298493
5494.000000;1.297892
5493.000000;1.297733
5492.000000;1.298457
5491.000000;1.299932
5490.000000;1.301536
5489.000000;1.302777
5488.000000;1.303706
5487.000000;1.304697
5486.000000;1.305841
5485.000000;1.306649
5484.000000;1.306486
5483.000000;1.305237
5482.000000;1.303431
5481.000000;1.301802
5480.000000;1.300819
5479.000000;1.300570
5478.000000;1.300824
5477.000000;1.301168
5476.000000;1.301475
5475.000000;1.302225
5474.000000;1.303922
5473.000000;1.306193
5472.000000;1.307999
5471.000000;1.308656
5470.000000;1.308329
5469.000000;1.307645
5468.000000;1.307093
5467.000000;1.306879
5466.000000;1.307055
5465.000000;1.307524
5464.000000;1.308095
5463.000000;1.308688
5462.000000;1.309438
5461.000000;1.310553
5460.000000;1.312083
5459.000000;1.313770
5458.000000;1.315155
5457.000000;1.315897
5456.000000;1.316041
5455.000000;1.315891
5454.000000;1.315614
5453.000000;1.315100
5452.000000;1.314254
5451.000000;1.313210
5450.000000;1.312245
5449.000000;1.311587
5448.000000;1.311313
5447.000000;1.311482
5446.000000;1.312348
5445.000000;1.314143
5444.000000;1.316562
5443.000000;1.318733
5442.000000;1.319993
5441.000000;1.320673
5440.000000;1.321811
5439.000000;1.323817
5438.000000;1.325805
5437.000000;1.326570
5436.000000;1.325932
5435.000000;1.325024
5434.000000;1.325308
5433.000000;1.327206
5432.000000;1.329848
5431.000000;1.332095
5430.000000;1.333647
5429.000000;1.335345
5428.000000;1.338240
5427.000000;1.342347
5426.000000;1.346706
5425.000000;1.350403
5424.000000;1.353077
5423.000000;1.354712
5422.000000;1.355360
5421.000000;1.355088
5420.000000;1.354100
5419.000000;1.352807
5418.000000;1.351676
5417.000000;1.350982
5416.000000;1.350744
5415.000000;1.351055
5414.000000;1.352448
5413.000000;1.355514
5412.000000;1.360036
5411.000000;1.365043
5410.000000;1.369780
5409.000000;1.374240
5408.000000;1.378648
5407.000000;1.382844
5406.000000;1.386428
5405.000000;1.389290
5404.000000;1.391656
5403.000000;1.393652
5402.000000;1.395228
5401.000000;1.396452
5400.000000;1.397582
5399.000000;1.398953
5398.000000;1.400909
5397.000000;1.403675
5396.000000;1.407033
5395.000000;1.410411
5394.000000;1.413632
5393.000000;1.417151
5392.000000;1.421378
5391.000000;1.426099
5390.000000;1.430761
5389.000000;1.435121
5388.000000;1.439330
5387.000000;1.443516
5386.000000;1.447675
5385.000000;1.451909
5384.000000;1.456247
5383.000000;1.460435
5382.000000;1.464291
5381.000000;1.468083
5380.000000;1.472280
5379.000000;1.477030
5378.000000;1.482245
5377.000000;1.488169
5376.000000;1.495269
5375.000000;1.503389
5374.000000;1.511714
5373.000000;1.519609
5372.000000;1.527024
5371.000000;1.534087
5370.000000;1.540774
5369.000000;1.547124
5368.000000;1.553453
5367.000000;1.560135
5366.000000;1.567327
5365.000000;1.575057
5364.000000;1.583277
5363.000000;1.591682
5362.000000;1.599747
5361.000000;1.607117
5360.000000;1.613942
5359.000000;1.620731
5358.000000;1.627982
5357.000000;1.635977
5356.000000;1.644713
5355.000000;1.653946
5354.000000;1.663543
5353.000000;1.673700
5352.000000;1.684476
5351.000000;1.695499
5350.000000;1.706535
5349.000000;1.717845
5348.000000;1.729658
5347.000000;1.741646
5346.000000;1.753310
5345.000000;1.764928
5344.000000;1.777669
5343.000000;1.792197
5342.000000;1.807692
5341.000000;1.822826
5340.000000;1.837213
5339.000000;1.851794
5338.000000;1.868035
5337.000000;1.886443
5336.000000;1.905980
5335.000000;1.925090
5334.000000;1.942984
5333.000000;1.959976
5332.000000;1.976888
5331.000000;1.994377
5330.000000;2.012694
5329.000000;2.031777
5328.000000;2.051446
5327.000000;2.071692
5326.000000;2.092571
5325.000000;2.113714
5324.000000;2.134393
5323.000000;2.154349
5322.000000;2.174296
5321.000000;2.195118
5320.000000;2.216703
5319.000000;2.238052
5318.000000;2.258446
5317.000000;2.277963
5316.000000;2.296952
5315.000000;2.315617
5314.000000;2.334016
5313.000000;2.352060
5312.000000;2.369664
5311.000000;2.387173
5310.000000;2.405225
5309.000000;2.423813
5308.000000;2.442122
5307.000000;2.459800
5306.000000;2.477566
5305.000000;2.495775
5304.000000;2.513268
5303.000000;2.528697
5302.000000;2.542253
5301.000000;2.555004
5300.000000;2.567267
5299.000000;2.578863
5298.000000;2.589953
5297.000000;2.600102
5296.000000;2.607610
5295.000000;2.611650
5294.000000;2.614198
5293.000000;2.618062
5292.000000;2.623864
5291.000000;2.630450
5290.000000;2.637171
5289.000000;2.643892
5288.000000;2.649714
5287.000000;2.653942
5286.000000;2.657590
5285.000000;2.662104
5284.000000;2.667176
5283.000000;2.671466
5282.000000;2.674745
5281.000000;2.677573
5280.000000;2.679595
5279.000000;2.680142
5278.000000;2.679960
5277.000000;2.680220
5276.000000;2.680270
5275.000000;2.678504
5274.000000;2.675107
5273.000000;2.672087
5272.000000;2.670866
5271.000000;2.671373
5270.000000;2.673135
5269.000000;2.675534
5268.000000;2.677171
5267.000000;2.676762
5266.000000;2.674680
5265.000000;2.672286
5264.000000;2.670341
5263.000000;2.669202
5262.000000;2.669506
5261.000000;2.671327
5260.000000;2.673349
5259.000000;2.674314
5258.000000;2.674624
5257.000000;2.675183
5256.000000;2.675616
5255.000000;2.675305
5254.000000;2.675241
5253.000000;2.676684
5252.000000;2.678649
5251.000000;2.678984
5250.000000;2.677587
5249.000000;2.676466
5248.000000;2.676647
5247.000000;2.676963
5246.000000;2.676530
5245.000000;2.676477
5244.000000;2.678395
5243.000000;2.682633
5242.000000;2.688263
5241.000000;2.693522
5240.000000;2.696204
5239.000000;2.694836
5238.000000;2.689992
5237.000000;2.683849
5236.000000;2.678686
5235.000000;2.676418
5234.000000;2.678406
5233.000000;2.683865
5232.000000;2.688835
5231.000000;2.689057
5230.000000;2.684627
5229.000000;2.679875
5228.000000;2.678365
5227.000000;2.679962
5226.000000;2.682491
5225.000000;2.684360
5224.000000;2.685207
5223.000000;2.685303
5222.000000;2.685333
5221.000000;2.685990
5220.000000;2.686993
5219.000000;2.687256
5218.000000;2.686414
5217.000000;2.685103
5216.000000;2.683537
5215.000000;2.681261
5214.000000;2.678625
5213.000000;2.676905
5212.000000;2.676403
5211.000000;2.675831
5210.000000;2.674367
5209.000000;2.673211
5208.000000;2.674363
5207.000000;2.678533
5206.000000;2.684414
5205.000000;2.689361
5204.000000;2.691180
5203.000000;2.690051
5202.000000;2.688357
5201.000000;2.688027
5200.000000;2.688414
5199.000000;2.687535
5198.000000;2.685289
5197.000000;2.684045
5196.000000;2.685487
5195.000000;2.688214
5194.000000;2.689326
5193.000000;2.687469
5192.000000;2.683708
5191.000000;2.680331
5190.000000;2.679255
5189.000000;2.680617
5188.000000;2.682454
5187.000000;2.682757
5186.000000;2.682005
5185.000000;2.682370
5184.000000;2.684482
5183.000000;2.686517
5182.000000;2.686902
5181.000000;2.686157
5180.000000;2.685224
5179.000000;2.683790
5178.000000;2.681508
5177.000000;2.679625
5176.000000;2.679782
5175.000000;2.681688
5174.000000;2.683339
5173.000000;2.683564
5172.000000;2.683431
5171.000000;2.684985
5170.000000;2.689028
5169.000000;2.693938
5168.000000;2.696523
5167.000000;2.694749
5166.000000;2.689887
5165.000000;2.685228
5164.000000;2.682764
5163.000000;2.681920
5162.000000;2.681476
5161.000000;2.681534
5160.000000;2.682849
5159.000000;2.685130
5158.000000;2.687091
5157.000000;2.687852
5156.000000;2.687430
5155.000000;2.686179
5154.000000;2.684680
5153.000000;2.683915
5152.000000;2.684621
5151.000000;2.686485
5150.000000;2.688387
5149.000000;2.689462
5148.000000;2.689520
5147.000000;2.688510
5146.000000;2.686149
5145.000000;2.682369
5144.000000;2.678023
5143.000000;2.674914
5142.000000;2.674735
5141.000000;2.677660
5140.000000;2.682097
5139.000000;2.686122
5138.000000;2.688975
5137.000000;2.690783
5136.000000;2.691366
5135.000000;2.690452
5134.000000;2.688916
5133.000000;2.688486
5132.000000;2.689834
5131.000000;2.691783
5130.000000;2.692775
5129.000000;2.692434
5128.000000;2.691349
5127.000000;2.690173
5126.000000;2.689418
5125.000000;2.689394
5124.000000;2.689796
5123.000000;2.689927
5122.000000;2.689566
5121.000000;2.688894
5120.000000;2.687440
5119.000000;2.684304
5118.000000;2.680000
5117.000000;2.676904
5116.000000;2.677069
5115.000000;2.680280
5114.000000;2.684709
5113.000000;2.688793
5112.000000;2.691715
5111.000000;2.692820
5110.000000;2.691862
5109.000000;2.689658
5108.000000;2.687708
5107.000000;2.687150
5106.000000;2.688290
5105.000000;2.690717
5104.000000;2.693410
5103.000000;2.695224
5102.000000;2.695864
5101.000000;2.696072
5100.000000;2.696408
5099.000000;2.696338
5098.000000;2.694928
5097.000000;2.691829
5096.000000;2.687210
5095.000000;2.681729
5094.000000;2.677066
5093.000000;2.675343
5092.000000;2.677028
5091.000000;2.679921
5090.000000;2.681392
5089.000000;2.681444
5088.000000;2.682253
5087.000000;2.684855
5086.000000;2.687739
5085.000000;2.688778
5084.000000;2.687486
5083.000000;2.685036
5082.000000;2.682913
5081.000000;2.681909
5080.000000;2.681625
5079.000000;2.680657
5078.000000;2.678146
5077.000000;2.675244
5076.000000;2.674196
5075.000000;2.676005
5074.000000;2.679562
5073.000000;2.682966
5072.000000;2.685015
5071.000000;2.685244
5070.000000;2.683535
5069.000000;2.680453
5068.000000;2.677359
5067.000000;2.675365
5066.000000;2.674381
5065.000000;2.673651
5064.000000;2.672923
5063.000000;2.672543
5062.000000;2.672646
5061.000000;2.672898
5060.000000;2.673003
5059.000000;2.672946
5058.000000;2.672714
5057.000000;2.672163
5056.000000;2.671318
5055.000000;2.670550
5054.000000;2.670263
5053.000000;2.670453
5052.000000;2.670649
5051.000000;2.670328
5050.000000;2.669552
5049.000000;2.669295
5048.000000;2.670740
5047.000000;2.673762
5046.000000;2.676201
5045.000000;2.675498
5044.000000;2.671514
5043.000000;2.667082
5042.000000;2.665271
5041.000000;2.666536
5040.000000;2.668770
5039.000000;2.669677
5038.000000;2.668521
5037.000000;2.665842
5036.000000;2.662673
5035.000000;2.660446
5034.000000;2.660556
5033.000000;2.662986
5032.000000;2.665668
5031.000000;2.666221
5030.000000;2.664452
5029.000000;2.662239
5028.000000;2.660969
5027.000000;2.660233
5026.000000;2.659060
5025.000000;2.657399
5024.000000;2.656011
5023.000000;2.655634
5022.000000;2.656642
5021.000000;2.658820
5020.000000;2.660992
5019.000000;2.661619
5018.000000;2.660507
5017.000000;2.659195
5016.000000;2.658713
5015.000000;2.657712
5014.000000;2.654091
5013.000000;2.648279
5012.000000;2.643420
5011.000000;2.641866
5010.000000;2.642610
5009.000000;2.642671
5008.000000;2.640366
5007.000000;2.636723
5006.000000;2.633959
5005.000000;2.633362
5004.000000;2.634368
5003.000000;2.635168
5002.000000;2.634439
5001.000000;2.632692
5000.000000;2.631645
4999.000000;2.632066
4998.000000;2.632635
4997.000000;2.631384
4996.000000;2.628175
4995.000000;2.625123
4994.000000;2.624379
4993.000000;2.625906
4992.000000;2.627598
4991.000000;2.627231
4990.000000;2.624208
4989.000000;2.619771
4988.000000;2.615839
4987.000000;2.613435
4986.000000;2.611944
4985.000000;2.610065
4984.000000;2.607643
4983.000000;2.606177
4982.000000;2.607110
4981.000000;2.609723
4980.000000;2.611109
4979.000000;2.608669
4978.000000;2.602717
4977.000000;2.596295
4976.000000;2.592483
4975.000000;2.592057
4974.000000;2.593284
4973.000000;2.593588
4972.000000;2.591553
4971.000000;2.587573
4970.000000;2.583064
4969.000000;2.579445
4968.000000;2.577507
4967.000000;2.576902
4966.000000;2.576050
4965.000000;2.573391
4964.000000;2.569216
4963.000000;2.565602
4962.000000;2.564153
4961.000000;2.564291
4960.000000;2.564188
4959.000000;2.563030
4958.000000;2.561530
4957.000000;2.560356
4956.000000;2.559013
4955.000000;2.556608
4954.000000;2.553045
4953.000000;2.549139
4952.000000;2.546016
4951.000000;2.544464
4950.000000;2.544204
4949.000000;2.543635
4948.000000;2.540984
4947.000000;2.536166
4946.000000;2.531061
4945.000000;2.527553
4944.000000;2.525810
4943.000000;2.524774
4942.000000;2.523729
4941.000000;2.522709
4940.000000;2.521607
4939.000000;2.519711
4938.000000;2.516570
4937.000000;2.512858
4936.000000;2.509898
4935.000000;2.508375
4934.000000;2.507706
4933.000000;2.506629
4932.000000;2.504278
4931.000000;2.500580
4930.000000;2.495786
4929.000000;2.490124
4928.000000;2.484096
4927.000000;2.478692
4926.000000;2.474859
4925.000000;2.472761
4924.000000;2.471810
4923.000000;2.471247
4922.000000;2.470272
4921.000000;2.467876
4920.000000;2.463479
4919.000000;2.457932
4918.000000;2.453122
4917.000000;2.450185
4916.000000;2.448505
4915.000000;2.446630
4914.000000;2.443737
4913.000000;2.440063
4912.000000;2.436439
4911.000000;2.433795
4910.000000;2.432548
4909.000000;2.431893
4908.000000;2.430080
4907.000000;2.425958
4906.000000;2.420050
4905.000000;2.413814
4904.000000;2.408386
4903.000000;2.404399
4902.000000;2.402214
4901.000000;2.401462
4900.000000;2.400645
4899.000000;2.398172
4898.000000;2.393946
4897.000000;2.389405
4896.000000;2.386005
4895.000000;2.384066
4894.000000;2.382816
4893.000000;2.380895
4892.000000;2.377015
4891.000000;2.371083
4890.000000;2.364832
4889.000000;2.360493
4888.000000;2.358581
4887.000000;2.357376
4886.000000;2.354929
4885.000000;2.351153
4884.000000;2.347399
4883.000000;2.344457
4882.000000;2.341694
4881.000000;2.338109
4880.000000;2.333720
4879.000000;2.329494
4878.000000;2.326152
4877.000000;2.323418
4876.000000;2.320497
4875.000000;2.317013
4874.000000;2.313301
4873.000000;2.309902
4872.000000;2.307077
4871.000000;2.304775
4870.000000;2.302693
4869.000000;2.300275
4868.000000;2.297006
4867.000000;2.292910
4866.000000;2.288502
4865.000000;2.284116
4864.000000;2.279624
4863.000000;2.275003
4862.000000;2.270785
4861.000000;2.267559
4860.000000;2.265262
4859.000000;2.263309
4858.000000;2.261261
4857.000000;2.258991
4856.000000;2.256327
4855.000000;2.253069
4854.000000;2.249311
4853.000000;2.245372
4852.000000;2.241478
4851.000000;2.237783
4850.000000;2.234453
4849.000000;2.231338
4848.000000;2.227764
4847.000000;2.223222
4846.000000;2.218237
4845.000000;2.213978
4844.000000;2.210937
4843.000000;2.208450
4842.000000;2.205553
4841.000000;2.201871
4840.000000;2.197580
4839.000000;2.193062
4838.000000;2.188896
4837.000000;2.185701
4836.000000;2.183519
4835.000000;2.181534
4834.000000;2.178748
4833.000000;2.174967
4832.000000;2.170925
4831.000000;2.167464
4830.000000;2.164696
4829.000000;2.161933
4828.000000;2.158468
4827.000000;2.154478
4826.000000;2.150976
4825.000000;2.148625
4824.000000;2.146775
4823.000000;2.144101
4822.000000;2.140168
4821.000000;2.135881
4820.000000;2.132258
4819.000000;2.129331
4818.000000;2.126469
4817.000000;2.123315
4816.000000;2.119971
4815.000000;2.116598
4814.000000;2.113260
4813.000000;2.109980
4812.000000;2.106610
4811.000000;2.102797
4810.000000;2.098452
4809.000000;2.094137
4808.000000;2.090567
4807.000000;2.087788
4806.000000;2.085165
4805.000000;2.082166
4804.000000;2.078832
4803.000000;2.075441
4802.000000;2.072117
4801.000000;2.068918
4800.000000;2.066013
4799.000000;2.063473
4798.000000;2.060976
4797.000000;2.057988
4796.000000;2.054297
4795.000000;2.050266
4794.000000;2.046499
4793.000000;2.043334
4792.000000;2.040696
4791.000000;2.038348
4790.000000;2.036106
4789.000000;2.033743
4788.000000;2.030841
4787.000000;2.027068
4786.000000;2.022653
4785.000000;2.018370
4784.000000;2.014857
4783.000000;2.012027
4782.000000;2.009231
4781.000000;2.005911
4780.000000;2.002012
4779.000000;1.997910
4778.000000;1.994114
4777.000000;1.991005
4776.000000;1.988597
4775.000000;1.986491
4774.000000;1.984167
4773.000000;1.981380
4772.000000;1.978219
4771.000000;1.974834
4770.000000;1.971260
4769.000000;1.967556
4768.000000;1.963979
4767.000000;1.960885
4766.000000;1.958458
4765.000000;1.956547
4764.000000;1.954749
4763.000000;1.952692
4762.000000;1.950301
4761.000000;1.947778
4760.000000;1.945278
4759.000000;1.942645
4758.000000;1.939536
4757.000000;1.935796
4756.000000;1.931638
4755.000000;1.927496
4754.000000;1.923790
4753.000000;1.920785
4752.000000;1.918466
4751.000000;1.916474
4750.000000;1.914355
4749.000000;1.911993
4748.000000;1.909699
4747.000000;1.907695
4746.000000;1.905676
4745.000000;1.903095
4744.000000;1.899875
4743.000000;1.896546
4742.000000;1.893575
4741.000000;1.890833
4740.000000;1.887864
4739.000000;1.884533
4738.000000;1.881196
4737.000000;1.878291
4736.000000;1.875976
4735.000000;1.874126
4734.000000;1.872475
4733.000000;1.870671
4732.000000;1.868390
4731.000000;1.865532
4730.000000;1.862314
4729.000000;1.859116
4728.000000;1.856274
4727.000000;1.853934
4726.000000;1.851989
4725.000000;1.850094
4724.000000;1.847908
4723.000000;1.845408
4722.000000;1.842888
4721.000000;1.840588
4720.000000;1.838427
4719.000000;1.836174
4718.000000;1.833760
4717.000000;1.831296
4716.000000;1.828835
4715.000000;1.826291
4714.000000;1.823598
4713.000000;1.820849
4712.000000;1.818218
4711.000000;1.815792
4710.000000;1.813511
4709.000000;1.811238
4708.000000;1.808915
4707.000000;1.806636
4706.000000;1.804556
4705.000000;1.802704
4704.000000;1.800948
4703.000000;1.799160
4702.000000;1.797339
4701.000000;1.795538
4700.000000;1.793741
4699.000000;1.791886
4698.000000;1.789924
4697.000000;1.787810
4696.000000;1.785512
4695.000000;1.783115
4694.000000;1.780827
4693.000000;1.778781
4692.000000;1.776914
4691.000000;1.775122
4690.000000;1.773445
4689.000000;1.771944
4688.000000;1.770496
4687.000000;1.768869
4686.000000;1.766982
4685.000000;1.764909
4684.000000;1.762677
4683.000000;1.760265
4682.000000;1.757812
4681.000000;1.755611
4680.000000;1.753811
4679.000000;1.752268
4678.000000;1.750761
4677.000000;1.749218
4676.000000;1.747660
4675.000000;1.746052
4674.000000;1.744313
4673.000000;1.742387
4672.000000;1.740225
4671.000000;1.737808
4670.000000;1.735307
4669.000000;1.733128
4668.000000;1.731621
4667.000000;1.730724
4666.000000;1.729966
4665.000000;1.728846
4664.000000;1.727194
4663.000000;1.725196
4662.000000;1.723140
4661.000000;1.721188
4660.000000;1.719348
4659.000000;1.717627
4658.000000;1.716090
4657.000000;1.714744
4656.000000;1.713414
4655.000000;1.711886
4654.000000;1.710151
4653.000000;1.708409
4652.000000;1.706812
4651.000000;1.705328
4650.000000;1.703887
4649.000000;1.702484
4648.000000;1.701089
4647.000000;1.699575
4646.000000;1.697874
4645.000000;1.696143
4644.000000;1.694646
4643.000000;1.693493
4642.000000;1.692562
4641.000000;1.691612
4640.000000;1.690428
4639.000000;1.688922
4638.000000;1.687225
4637.000000;1.685647
4636.000000;1.684423
4635.000000;1.683481
4634.000000;1.682504
4633.000000;1.681234
4632.000000;1.679691
4631.000000;1.678106
4630.000000;1.676707
4629.000000;1.675549
4628.000000;1.674488
4627.000000;1.673333
4626.000000;1.672024
4625.000000;1.670670
4624.000000;1.669401
4623.000000;1.668273
4622.000000;1.667341
4621.000000;1.666677
4620.000000;1.666182
4619.000000;1.665461
4618.000000;1.664101
4617.000000;1.662146
4616.000000;1.660138
4615.000000;1.658602
4614.000000;1.657566
4613.000000;1.656648
4612.000000;1.655516
4611.000000;1.654151
4610.000000;1.652730
4609.000000;1.651411
4608.000000;1.650239
4607.000000;1.649150
4606.000000;1.648000
4605.000000;1.646677
4604.000000;1.645255
4603.000000;1.644011
4602.000000;1.643192
4601.000000;1.642754
4600.000000;1.642363
4599.000000;1.641677
4598.000000;1.640612
4597.000000;1.639364
4596.000000;1.638197
4595.000000;1.637229
4594.000000;1.636360
4593.000000;1.635410
4592.000000;1.634326
4591.000000;1.633242
4590.000000;1.632290
4589.000000;1.631414
4588.000000;1.630454
4587.000000;1.629423
4586.000000;1.628555
4585.000000;1.628023
4584.000000;1.627707
4583.000000;1.627338
4582.000000;1.626780
4581.000000;1.626072
4580.000000;1.625258
4579.000000;1.624318
4578.000000;1.623256
4577.000000;1.622123
4576.000000;1.620957
4575.000000;1.619793
4574.000000;1.618727
4573.000000;1.617850
4572.000000;1.617119
4571.000000;1.616398
4570.000000;1.615642
4569.000000;1.614927
4568.000000;1.614272
4567.000000;1.613554
4566.000000;1.612672
4565.000000;1.611694
4564.000000;1.610767
4563.000000;1.609909
4562.000000;1.608981
4561.000000;1.607842
4560.000000;1.606526
4559.000000;1.605266
4558.000000;1.604355
4557.000000;1.603922
4556.000000;1.603822
4555.000000;1.603799
4554.000000;1.603742
4553.000000;1.603705
4552.000000;1.603689
4551.000000;1.603502
4550.000000;1.602928
4549.000000;1.601970
4548.000000;1.600860
4547.000000;1.599832
4546.000000;1.598914
4545.000000;1.597962
4544.000000;1.596886
4543.000000;1.595822
4542.000000;1.595033
4541.000000;1.594628
4540.000000;1.594439
4539.000000;1.594247
4538.000000;1.594016
4537.000000;1.593793
4536.000000;1.593474
4535.000000;1.592891
4534.000000;1.592116
4533.000000;1.591467
4532.000000;1.591129
4531.000000;1.590932
4530.000000;1.590574
4529.000000;1.589949
4528.000000;1.589194
4527.000000;1.588527
4526.000000;1.588139
4525.000000;1.588107
4524.000000;1.588303
4523.000000;1.588439
4522.000000;1.588308
4521.000000;1.587961
4520.000000;1.587603
4519.000000;1.587394
4518.000000;1.587366
4517.000000;1.587442
4516.000000;1.587464
4515.000000;1.587300
4514.000000;1.586992
4513.000000;1.586727
4512.000000;1.586586
4511.000000;1.586440
4510.000000;1.586156
4509.000000;1.585802
4508.000000;1.585528
4507.000000;1.585322
4506.000000;1.584998
4505.000000;1.584411
4504.000000;1.583609
4503.000000;1.582802
4502.000000;1.582251
4501.000000;1.582146
4500.000000;1.582510
4499.000000;1.583195
4498.000000;1.583956
4497.000000;1.584521
4496.000000;1.584682
4495.000000;1.584474
4494.000000;1.584244
4493.000000;1.584380
4492.000000;1.584915
4491.000000;1.585524
4490.000000;1.585916
4489.000000;1.586055
4488.000000;1.585956
4487.000000;1.585556
4486.000000;1.584957
4485.000000;1.584577
4484.000000;1.584799
4483.000000;1.585546
4482.000000;1.586370
4481.000000;1.586906
4480.000000;1.587104
4479.000000;1.587115
4478.000000;1.587154
4477.000000;1.587407
4476.000000;1.587896
4475.000000;1.588445
4474.000000;1.588923
4473.000000;1.589453
4472.000000;1.590215
4471.000000;1.591086
4470.000000;1.591690
4469.000000;1.591819
4468.000000;1.591657
4467.000000;1.591564
4466.000000;1.591740
4465.000000;1.592124
4464.000000;1.592486
4463.000000;1.592605
4462.000000;1.592472
4461.000000;1.592369
4460.000000;1.592682
4459.000000;1.593590
4458.000000;1.594932
4457.000000;1.596332
4456.000000;1.597416
4455.000000;1.598007
4454.000000;1.598241
4453.000000;1.598494
4452.000000;1.599075
4451.000000;1.599965
4450.000000;1.600928
4449.000000;1.601810
4448.000000;1.602642
4447.000000;1.603430
4446.000000;1.603999
4445.000000;1.604172
4444.000000;1.604076
4443.000000;1.604179
4442.000000;1.604918
4441.000000;1.606288
4440.000000;1.607840
4439.000000;1.609105
4438.000000;1.609943
4437.000000;1.610476
4436.000000;1.610835
4435.000000;1.611163
4434.000000;1.611729
4433.000000;1.612752
4432.000000;1.614104
4431.000000;1.615395
4430.000000;1.616400
4429.000000;1.617156
4428.000000;1.617678
4427.000000;1.617918
4426.000000;1.618128
4425.000000;1.618887
4424.000000;1.620489
4423.000000;1.622502
4422.000000;1.624164
4421.000000;1.625125
4420.000000;1.625592
4419.000000;1.625961
4418.000000;1.626522
4417.000000;1.627372
4416.000000;1.628365
4415.000000;1.629263
4414.000000;1.630131
4413.000000;1.631431
4412.000000;1.633473
4411.000000;1.635908
4410.000000;1.638049
4409.000000;1.639579
4408.000000;1.640698
4407.000000;1.641677
4406.000000;1.642579
4405.000000;1.643401
4404.000000;1.644185
4403.000000;1.644957
4402.000000;1.645779
4401.000000;1.646821
4400.000000;1.648165
4399.000000;1.649569
4398.000000;1.650659
4397.000000;1.651376
4396.000000;1.652034
4395.000000;1.652935
4394.000000;1.654073
4393.000000;1.655176
4392.000000;1.655901
4391.000000;1.656091
4390.000000;1.656060
4389.000000;1.656483
4388.000000;1.657775
4387.000000;1.659594
4386.000000;1.661165
4385.000000;1.662021
4384.000000;1.662258
4383.000000;1.662245
4382.000000;1.662421
4381.000000;1.663276
4380.000000;1.665030
4379.000000;1.667216
4378.000000;1.668948
4377.000000;1.669807
4376.000000;1.670260
4375.000000;1.671098
4374.000000;1.672638
4373.000000;1.674558
4372.000000;1.676278
4371.000000;1.677394
4370.000000;1.677921
4369.000000;1.678307
4368.000000;1.679146
4367.000000;1.680735
4366.000000;1.682828
4365.000000;1.684768
4364.000000;1.685895
4363.000000;1.686072
4362.000000;1.685951
4361.000000;1.686492
4360.000000;1.688013
4359.000000;1.689872
4358.000000;1.691269
4357.000000;1.692152
4356.000000;1.692963
4355.000000;1.693770
4354.000000;1.694240
4353.000000;1.694450
4352.000000;1.695115
4351.000000;1.696804
4350.000000;1.699287
4349.000000;1.701839
4348.000000;1.703856
4347.000000;1.705051
4346.000000;1.705451
4345.000000;1.705517
4344.000000;1.706000
4343.000000;1.707380
4342.000000;1.709498
4341.000000;1.711844
4340.000000;1.714005
4339.000000;1.715780
4338.000000;1.717133
4337.000000;1.718248
4336.000000;1.719415
4335.000000;1.720578
4334.000000;1.721180
4333.000000;1.720775
4332.000000;1.719759
4331.000000;1.719173
4330.000000;1.719702
4329.000000;1.720974
4328.000000;1.721931
4327.000000;1.721947
4326.000000;1.721577
4325.000000;1.722087
4324.000000;1.724154
4323.000000;1.727029
4322.000000;1.729135
4321.000000;1.729603
4320.000000;1.729083
4319.000000;1.728875
4318.000000;1.729516
4317.000000;1.730546
4316.000000;1.731579
4315.000000;1.733125
4314.000000;1.735933
4313.000000;1.739605
4312.000000;1.742354
4311.000000;1.742441
4310.000000;1.739829
4309.000000;1.736183
4308.000000;1.733369
4307.000000;1.732252
4306.000000;1.732714
4305.000000;1.734347
4304.000000;1.736957
4303.000000;1.740493
4302.000000;1.744553
4301.000000;1.748122
4300.000000;1.750097
4299.000000;1.750242
4298.000000;1.749415
4297.000000;1.748587
4296.000000;1.747812
4295.000000;1.746534
4294.000000;1.744676
4293.000000;1.742884
4292.000000;1.741907
4291.000000;1.742222
4290.000000;1.744086
4289.000000;1.747238
4288.000000;1.750460
4287.000000;1.752083
4286.000000;1.751372
4285.000000;1.749229
4284.000000;1.747504
4283.000000;1.747763
4282.000000;1.750212
4281.000000;1.753261
4280.000000;1.754641
4279.000000;1.753780
4278.000000;1.752562
4277.000000;1.752753
4276.000000;1.753512
4275.000000;1.752846
4274.000000;1.751019
4273.000000;1.750465
4272.000000;1.751997
4271.000000;1.753209
4270.000000;1.751589
4269.000000;1.747519
4268.000000;1.743242
4267.000000;1.740332
4266.000000;1.738997
4265.000000;1.738501
4264.000000;1.737172
4263.000000;1.733372
4262.000000;1.728056
4261.000000;1.725008
4260.000000;1.726666
4259.000000;1.730663
4258.000000;1.732134
4257.000000;1.729163
4256.000000;1.724108
4255.000000;1.719794
4254.000000;1.716534
4253.000000;1.712646
4252.000000;1.706237
4251.000000;1.697118
4250.000000;1.687983
4249.000000;1.683382
4248.000000;1.685596
4247.000000;1.691998
4246.000000;1.697802
4245.000000;1.701166
4244.000000;1.703389
4243.000000;1.704406
4242.000000;1.701379
4241.000000;1.692710
4240.000000;1.680873
4239.000000;1.669610
4238.000000;1.660313
4237.000000;1.652300
4236.000000;1.644998
4235.000000;1.638551
4234.000000;1.632945
4233.000000;1.627540
4232.000000;1.621369
4231.000000;1.613548
4230.000000;1.603816
4229.000000;1.592987
4228.000000;1.582100
4227.000000;1.571186
4226.000000;1.559984
4225.000000;1.549789
4224.000000;1.542994
4223.000000;1.539859
4222.000000;1.536494
4221.000000;1.527318
4220.000000;1.510600
4219.000000;1.490900
4218.000000;1.474322
4217.000000;1.461982
4216.000000;1.449105
4215.000000;1.430625
4214.000000;1.406950
4213.000000;1.382178
4212.000000;1.358100
4211.000000;1.333037
4210.000000;1.305831
4209.000000;1.277717
4208.000000;1.249077
4207.000000;1.217202
4206.000000;1.179344
4205.000000;1.135709
4204.000000;1.087698
4203.000000;1.035423
4202.000000;0.978587
4201.000000;0.918783
4200.000000;0.861275
4199.000000;0.816489
4198.000000;0.797263
4197.000000;0.813046
4196.000000;0.864156
4195.000000;0.937592
4194.000000;1.016690
4193.000000;1.093317
4192.000000;1.165047
4191.000000;1.227288
4190.000000;1.276970
4189.000000;1.319831
4188.000000;1.364203
4187.000000;1.409631
4186.000000;1.448479
4185.000000;1.478419
4184.000000;1.506359
4183.000000;1.538586
4182.000000;1.573523
4181.000000;1.604859
4180.000000;1.628153
4179.000000;1.643993
4178.000000;1.658104
4177.000000;1.678580
4176.000000;1.708604
4175.000000;1.741581
4174.000000;1.768415
4173.000000;1.790191
4172.000000;1.815267
4171.000000;1.843872
4170.000000;1.865168
4169.000000;1.872520
4168.000000;1.874362
4167.000000;1.883643
4166.000000;1.904965
4165.000000;1.934639
4164.000000;1.964964
4163.000000;1.986296
4162.000000;1.992343
4161.000000;1.988167
4160.000000;1.987386
4159.000000;1.999491
4158.000000;2.023516
4157.000000;2.052482
4156.000000;2.078904
4155.000000;2.096754
4154.000000;2.104105
4153.000000;2.105382
4152.000000;2.109930
4151.000000;2.124487
4150.000000;2.146930
4149.000000;2.168715
4148.000000;2.183464
4147.000000;2.192071
4146.000000;2.201031
4145.000000;2.220159
4144.000000;2.254988
4143.000000;2.296665
4142.000000;2.325629
4141.000000;2.333735
4140.000000;2.330044
4139.000000;2.322240
4138.000000;2.312274
4137.000000;2.303753
4136.000000;2.302920
4135.000000;2.313763
4134.000000;2.334217
4133.000000;2.357743
4132.000000;2.379008
4131.000000;2.394377
4130.000000;2.399385
4129.000000;2.395789
4128.000000;2.393239
4127.000000;2.397622
4126.000000;2.405791
4125.000000;2.413025
4124.000000;2.422278
4123.000000;2.440946
4122.000000;2.467400
4121.000000;2.484272
4120.000000;2.473553
4119.000000;2.442254
4118.000000;2.416346
4117.000000;2.413991
4116.000000;2.435248
4115.000000;2.466229
4114.000000;2.491017
4113.000000;2.505200
4112.000000;2.515172
4111.000000;2.525767
4110.000000;2.535422
4109.000000;2.541105
4108.000000;2.545476
4107.000000;2.556431
4106.000000;2.576756
4105.000000;2.600838
4104.000000;2.622944
4103.000000;2.641983
4102.000000;2.656138
4101.000000;2.658417
4100.000000;2.645576
4099.000000;2.630093
4098.000000;2.625355
4097.000000;2.628997
4096.000000;2.631902
4095.000000;2.626862
4094.000000;2.612830
4093.000000;2.599122
4092.000000;2.597531
4091.000000;2.615661
4090.000000;2.651198
4089.000000;2.686666
4088.000000;2.699858
4087.000000;2.683184
4086.000000;2.649772
4085.000000;2.621500
4084.000000;2.612913
4083.000000;2.623671
4082.000000;2.639309
4081.000000;2.647041
4080.000000;2.647619
4079.000000;2.646917
4078.000000;2.653023
4077.000000;2.673317
4076.000000;2.705125
4075.000000;2.735084
4074.000000;2.749151
4073.000000;2.744249
4072.000000;2.731213
4071.000000;2.725649
4070.000000;2.737011
4069.000000;2.760648
4068.000000;2.782761
4067.000000;2.790935
4066.000000;2.772104
4065.000000;2.734740
4064.000000;2.709152
4063.000000;2.711554
4062.000000;2.739387
4061.000000;2.781652
4060.000000;2.826430
4059.000000;2.869363
4058.000000;2.914560
4057.000000;2.956911
4056.000000;2.967575
4055.000000;2.927357
4054.000000;2.865469
4053.000000;2.822107
4052.000000;2.808552
4051.000000;2.808118
4050.000000;2.798076
4049.000000;2.780335
4048.000000;2.775032
4047.000000;2.785044
4046.000000;2.804051
4045.000000;2.843867
4044.000000;2.918635
4043.000000;3.013603
4042.000000;3.072777
4041.000000;3.049628
4040.000000;2.973618
4039.000000;2.893193
4038.000000;2.839067
4037.000000;2.829201
4036.000000;2.862775
4035.000000;2.918011
4034.000000;2.959876
4033.000000;2.957054
4032.000000;2.914376
4031.000000;2.869303
4030.000000;2.852978
4029.000000;2.881786
4028.000000;2.959078
4027.000000;3.054844
4026.000000;3.086396
4025.000000;3.037657
4024.000000;2.975370
4023.000000;2.919368
4022.000000;2.878488
4021.000000;2.871093
4020.000000;2.903813
4019.000000;2.958668
4018.000000;3.003026
4017.000000;3.028763
4016.000000;3.033020
4015.000000;3.005258
4014.000000;2.968111
4013.000000;2.944356
4012.000000;2.942356
4011.000000;2.969639
4010.000000;3.028549
4009.000000;3.120129
4008.000000;3.250327
4007.000000;3.398572
4006.000000;3.430648
4005.000000;3.267817
4004.000000;3.081530
4003.000000;2.965673
4002.000000;2.917648
4001.000000;2.905561
4000.000000;2.894635
3999.000000;2.877158
3998.000000;2.874971
3997.000000;2.910056
3996.000000;2.986314
3995.000000;3.073261
3994.000000;3.101937
3993.000000;3.050687
3992.000000;2.985396
3991.000000;2.951942
3990.000000;2.956897
3989.000000;2.994382
3988.000000;3.049330
3987.000000;3.093795
3986.000000;3.084338
3985.000000;3.020602
3984.000000;2.952161
3983.000000;2.905086
3982.000000;2.892293
3981.000000;2.927303
3980.000000;3.007856
3979.000000;3.099286
3978.000000;3.144946
3977.000000;3.142379
3976.000000;3.135630
3975.000000;3.109239
3974.000000;3.046976
3973.000000;2.996286
3972.000000;2.978111
3971.000000;2.978360
3970.000000;2.985357
3969.000000;2.998853
3968.000000;3.022871
3967.000000;3.042351
3966.000000;3.027919
3965.000000;3.000554
3964.000000;2.998641
3963.000000;3.019802
3962.000000;3.049751
3961.000000;3.087929
3960.000000;3.136616
3959.000000;3.190429
3958.000000;3.239968
3957.000000;3.273774
3956.000000;3.275861
3955.000000;3.237449
3954.000000;3.178913
3953.000000;3.129388
3952.000000;3.096113
3951.000000;3.075949
3950.000000;3.066779
3949.000000;3.067127
3948.000000;3.080802
3947.000000;3.123847
3946.000000;3.210952
3945.000000;3.291737
3944.000000;3.302242
3943.000000;3.275544
3942.000000;3.252810
3941.000000;3.273118
3940.000000;3.368196
3939.000000;3.478142
3938.000000;3.425715
3937.000000;3.252304
3936.000000;3.140042
3935.000000;3.147343
3934.000000;3.230392
3933.000000;3.257799
3932.000000;3.199845
3931.000000;3.147527
3930.000000;3.148479
3929.000000;3.204398
3928.000000;3.271623
3927.000000;3.295204
3926.000000;3.286571
3925.000000;3.309963
3924.000000;3.428881
3923.000000;3.617628
3922.000000;3.593571
3921.000000;3.464126
3920.000000;3.429896
3919.000000;3.423374
3918.000000;3.387221
3917.000000;3.330649
3916.000000;3.320966
3915.000000;3.440718
3914.000000;3.518794
3913.000000;3.380081
3912.000000;3.318552
3911.000000;3.368446
3910.000000;3.463482
3909.000000;3.541818
3908.000000;3.593006
3907.000000;3.609861
3906.000000;3.756401
3905.000000;3.990274
3904.000000;3.759131
3903.000000;3.554496
3902.000000;3.666391
3901.000000;4.268388
3900.000000;3.702905
3899.000000;3.351785
3898.000000;3.199115
3897.000000;3.128768
3896.000000;3.161690
3895.000000;3.301119
3894.000000;3.517057
3893.000000;3.681833
3892.000000;3.726421
3891.000000;3.667408
3890.000000;3.537876
3889.000000;3.372378
3888.000000;3.314721
3887.000000;3.388451
3886.000000;3.510293
3885.000000;3.590172
3884.000000;3.580420
3883.000000;3.520881
3882.000000;3.463119
3881.000000;3.405521
3880.000000;3.363845
3879.000000;3.333051
3878.000000;3.264144
3877.000000;3.226833
3876.000000;3.288497
3875.000000;3.358721
3874.000000;3.354047
3873.000000;3.421667
3872.000000;3.546787
3871.000000;3.638034
3870.000000;3.637085
3869.000000;3.894798
3868.000000;4.592548
3867.000000;4.091413
3866.000000;3.934303
3865.000000;3.960599
3864.000000;3.931719
3863.000000;3.761555
3862.000000;3.592229
3861.000000;3.505230
3860.000000;3.516877
3859.000000;3.819988
3858.000000;4.066976
3857.000000;3.614853
3856.000000;3.441601
3855.000000;3.420079
3854.000000;3.452821
3853.000000;3.528044
3852.000000;3.594950
3851.000000;3.611701
3850.000000;3.652451
3849.000000;3.950371
3848.000000;4.155200
3847.000000;3.870228
3846.000000;3.702675
3845.000000;3.643479
3844.000000;3.500036
3843.000000;3.235472
3842.000000;3.268786
3841.000000;3.735224
3840.000000;3.711131
3839.000000;3.513242
3838.000000;3.588761
3837.000000;3.679535
3836.000000;3.870364
3835.000000;4.128288
3834.000000;3.980539
3833.000000;3.685053
3832.000000;3.510832
3831.000000;3.437925
3830.000000;3.495190
3829.000000;3.815970
3828.000000;4.079779
3827.000000;3.608068
3826.000000;3.372090
3825.000000;3.323617
3824.000000;3.407401
3823.000000;3.533534
3822.000000;3.527286
3821.000000;3.385232
3820.000000;3.246864
3819.000000;3.233381
3818.000000;3.330113
3817.000000;3.452485
3816.000000;3.554500
3815.000000;3.747469
3814.000000;4.126408
3813.000000;3.798462
3812.000000;3.534921
3811.000000;3.393668
3810.000000;3.513924
3809.000000;3.664054
3808.000000;3.553642
3807.000000;3.642555
3806.000000;3.531251
3805.000000;3.618165
3804.000000;3.314696
3803.000000;3.261067
3802.000000;3.376748
3801.000000;3.342338
3800.000000;3.521721
3799.000000;3.834201
3798.000000;3.973526
3797.000000;3.688855
3796.000000;3.542751
3795.000000;3.417591
3794.000000;3.324922
3793.000000;3.314435
3792.000000;3.360896
3791.000000;3.381530
3790.000000;3.359618
3789.000000;3.389568
3788.000000;3.476037
3787.000000;3.562421
3786.000000;3.847033
3785.000000;4.381311
3784.000000;3.919184
3783.000000;3.651718
3782.000000;3.550410
3781.000000;3.490104
3780.000000;3.455224
3779.000000;3.457494
3778.000000;3.533422
3777.000000;3.628824
3776.000000;3.649658
3775.000000;3.630508
3774.000000;3.663505
3773.000000;3.728964
3772.000000;3.701667
3771.000000;3.629751
3770.000000;3.610350
3769.000000;3.774308
3768.000000;3.973141
3767.000000;3.672240
3766.000000;3.516351
3765.000000;3.414274
3764.000000;3.419424
3763.000000;3.423945
3762.000000;3.359997
3761.000000;3.388194
3760.000000;3.428963
3759.000000;3.414258
3758.000000;3.347677
3757.000000;3.334998
3756.000000;3.410879
3755.000000;3.550915
3754.000000;3.699122
3753.000000;3.760958
3752.000000;3.680643
3751.000000;3.670677
3750.000000;3.835874
3749.000000;4.117879
3748.000000;4.153585
3747.000000;4.030382
3746.000000;3.924736
3745.000000;3.730959
3744.000000;3.516298
3743.000000;3.319832
3742.000000;3.260994
3741.000000;3.207848
3740.000000;3.402041
3739.000000;4.034997
3738.000000;3.658584
3737.000000;3.700793
3736.000000;3.958367
3735.000000;3.967473
3734.000000;4.158321
3733.000000;4.158343
3732.000000;3.807798
3731.000000;3.438514
3730.000000;3.238164
3729.000000;3.166608
3728.000000;3.204737
3727.000000;3.427301
3726.000000;3.868086
3725.000000;3.662726
3724.000000;3.465889
3723.000000;3.482206
3722.000000;3.486408
3721.000000;3.490329
3720.000000;3.538074
3719.000000;3.730483
3718.000000;3.653158
3717.000000;3.330383
3716.000000;3.162451
3715.000000;3.295986
3714.000000;3.604112
3713.000000;3.510513
3712.000000;3.514352
3711.000000;3.623545
3710.000000;3.746177
3709.000000;3.697222
3708.000000;3.846709
3707.000000;4.227637
3706.000000;3.493017
3705.000000;3.226836
3704.000000;3.205118
3703.000000;3.322643
3702.000000;3.670281
3701.000000;4.172480
3700.000000;3.821956
3699.000000;3.569996
3698.000000;3.434100
3697.000000;3.404479
3696.000000;3.469052
3695.000000;3.438669
3694.000000;3.180778
3693.000000;3.147181
3692.000000;3.628185
3691.000000;3.883834
3690.000000;3.700942
3689.000000;3.878637
3688.000000;3.736655
3687.000000;3.623940
3686.000000;3.508227
3685.000000;3.394667
3684.000000;3.304051
3683.000000;3.233605
3682.000000;3.195553
3681.000000;3.229343
3680.000000;3.531904
3679.000000;3.636189
3678.000000;3.445358
3677.000000;3.574911
3676.000000;3.696467
3675.000000;3.934758
3674.000000;3.627693
3673.000000;3.399795
3672.000000;3.519697
3671.000000;3.753291
3670.000000;3.791450
3669.000000;3.605968
3668.000000;3.504324
3667.000000;3.493707
3666.000000;3.502945
3665.000000;3.633823
3664.000000;4.070224
3663.000000;4.039539
3662.000000;3.686135
3661.000000;3.662005
3660.000000;3.716723
3659.000000;3.595364
3658.000000;3.493726
3657.000000;3.488950
3656.000000;3.531553
3655.000000;3.576911
3654.000000;3.481890
3653.000000;3.340553
3652.000000;3.579909
3651.000000;3.926026
3650.000000;3.520321
3649.000000;3.398926
3648.000000;3.363636
3647.000000;3.408012
3646.000000;3.341065
3645.000000;3.208475
3644.000000;3.172952
3643.000000;3.171128
3642.000000;3.215519
3641.000000;3.300691
3640.000000;3.313577
3639.000000;3.286671
3638.000000;3.356454
3637.000000;3.556455
3636.000000;3.391839
3635.000000;3.179071
3634.000000;3.095295
3633.000000;3.273309
3632.000000;3.739857
3631.000000;3.466939
3630.000000;3.348989
3629.000000;3.335575
3628.000000;3.337132
3627.000000;3.482627
3626.000000;3.616571
3625.000000;3.301327
3624.000000;3.044702
3623.000000;2.960827
3622.000000;3.023884
3621.000000;3.201369
3620.000000;3.332043
3619.000000;3.367157
3618.000000;3.345615
3617.000000;3.248665
3616.000000;3.172872
3615.000000;3.199324
3614.000000;3.293668
3613.000000;3.580209
3612.000000;4.138116
3611.000000;3.928697
3610.000000;3.940027
3609.000000;3.863957
3608.000000;3.726945
3607.000000;3.748131
3606.000000;3.608704
3605.000000;3.408047
3604.000000;3.287896
3603.000000;3.272318
3602.000000;3.370114
3601.000000;3.570069
3600.000000;3.685869
3599.000000;3.693219
3598.000000;3.544354
3597.000000;3.333532
3596.000000;3.265768
3595.000000;3.285495
3594.000000;3.327356
3593.000000;3.533244
3592.000000;3.694314
3591.000000;3.301681
3590.000000;3.143054
3589.000000;3.227266
3588.000000;3.447678
3587.000000;3.601469
3586.000000;3.438696
3585.000000;3.296174
3584.000000;3.218651
3583.000000;3.170975
3582.000000;3.179459
3581.000000;3.266394
3580.000000;3.403256
3579.000000;3.497155
3578.000000;3.523549
3577.000000;3.584763
3576.000000;3.620510
3575.000000;3.481991
3574.000000;3.354337
3573.000000;3.266358
3572.000000;3.151963
3571.000000;3.014009
3570.000000;3.067613
3569.000000;3.401987
3568.000000;3.337836
3567.000000;3.112146
3566.000000;3.091754
3565.000000;3.179110
3564.000000;3.466083
3563.000000;4.074260
3562.000000;3.984821
3561.000000;3.995553
3560.000000;4.135759
3559.000000;3.784516
3558.000000;3.512393
3557.000000;3.335769
3556.000000;3.293261
3555.000000;3.310404
3554.000000;3.222329
3553.000000;3.119034
3552.000000;3.056777
3551.000000;3.027275
3550.000000;3.048523
3549.000000;3.213770
3548.000000;3.649577
3547.000000;3.753584
3546.000000;3.562348
3545.000000;3.691096
3544.000000;3.998568
3543.000000;3.998970
3542.000000;3.790455
3541.000000;3.939130
3540.000000;3.922447
3539.000000;3.581636
3538.000000;3.347320
3537.000000;3.227567
3536.000000;3.226415
3535.000000;3.362185
3534.000000;3.903230
3533.000000;3.722216
3532.000000;3.322250
3531.000000;3.272512
3530.000000;3.292154
3529.000000;3.264120
3528.000000;3.182486
3527.000000;3.160979
3526.000000;3.215983
3525.000000;3.324405
3524.000000;3.482230
3523.000000;3.684942
3522.000000;3.896398
3521.000000;4.056584
3520.000000;4.000119
3519.000000;3.767234
3518.000000;3.647591
3517.000000;3.597954
3516.000000;3.496660
3515.000000;3.334243
3514.000000;3.188353
3513.000000;3.112206
3512.000000;3.134783
3511.000000;3.262587
3510.000000;3.432148
3509.000000;3.551450
3508.000000;3.604230
3507.000000;3.508168
3506.000000;3.349783
3505.000000;3.255097
3504.000000;3.226816
3503.000000;3.267068
3502.000000;3.359334
3501.000000;3.400130
3500.000000;3.361653
3499.000000;3.468024
3498.000000;3.952108
3497.000000;4.077986
3496.000000;3.851662
3495.000000;3.772290
3494.000000;3.507334
3493.000000;3.293474
3492.000000;3.183377
3491.000000;3.191359
3490.000000;3.328172
3489.000000;3.469608
3488.000000;3.468565
3487.000000;3.595424
3486.000000;3.717644
3485.000000;3.451798
3484.000000;3.347384
3483.000000;3.410020
3482.000000;3.503610
3481.000000;3.605736
3480.000000;3.543136
3479.000000;3.401073
3478.000000;3.394406
3477.000000;3.492450
3476.000000;3.595322
3475.000000;3.804409
3474.000000;3.753911
3473.000000;3.438873
3472.000000;3.326464
3471.000000;3.408581
3470.000000;3.621738
3469.000000;3.580274
3468.000000;3.427929
3467.000000;3.403216
3466.000000;3.471058
3465.000000;3.554512
3464.000000;3.535884
3463.000000;3.483220
3462.000000;3.459155
3461.000000;3.489696
3460.000000;3.680231
3459.000000;3.757908
3458.000000;3.500336
3457.000000;3.357623
3456.000000;3.293938
3455.000000;3.249162
3454.000000;3.216816
3453.000000;3.209126
3452.000000;3.216314
3451.000000;3.221926
3450.000000;3.291113
3449.000000;3.479885
3448.000000;3.683356
3447.000000;3.683955
3446.000000;3.714301
3445.000000;4.082386
3444.000000;3.833910
3443.000000;3.511784
3442.000000;3.450394
3441.000000;3.536153
3440.000000;3.753898
3439.000000;3.705660
3438.000000;3.483505
3437.000000;3.448473
3436.000000;3.535527
3435.000000;3.651929
3434.000000;3.805260
3433.000000;3.907617
3432.000000;3.764295
3431.000000;3.651372
3430.000000;3.652731
3429.000000;4.177691
3428.000000;4.080651
3427.000000;3.623397
3426.000000;3.502752
3425.000000;3.213555
3424.000000;3.038753
3423.000000;3.059015
3422.000000;3.253854
3421.000000;3.484768
3420.000000;3.467626
3419.000000;3.385473
3418.000000;3.337602
3417.000000;3.394548
3416.000000;3.530459
3415.000000;3.449285
3414.000000;3.417972
3413.000000;3.556366
3412.000000;3.918188
3411.000000;4.145508
3410.000000;3.525040
3409.000000;3.314216
3408.000000;3.278223
3407.000000;3.431373
3406.000000;3.667721
3405.000000;3.620796
3404.000000;3.588935
3403.000000;3.565717
3402.000000;3.524874
3401.000000;3.551872
3400.000000;3.614517
3399.000000;3.835252
3398.000000;3.721665
3397.000000;3.447347
3396.000000;3.323232
3395.000000;3.239670
3394.000000;3.192886
3393.000000;3.197864
3392.000000;3.248360
3391.000000;3.296441
3390.000000;3.214083
3389.000000;3.061097
3388.000000;2.966364
3387.000000;2.966129
3386.000000;3.040952
3385.000000;3.108746
3384.000000;3.132869
3383.000000;3.170630
3382.000000;3.242344
3381.000000;3.410639
3380.000000;3.835660
3379.000000;3.728881
3378.000000;3.471207
3377.000000;3.581563
3376.000000;3.585127
3375.000000;3.428078
3374.000000;3.349555
3373.000000;3.406450
3372.000000;3.652407
3371.000000;3.558657
3370.000000;3.310105
3369.000000;3.214543
3368.000000;3.192597
3367.000000;3.214383
3366.000000;3.218651
3365.000000;3.185913
3364.000000;3.238098
3363.000000;3.493259
3362.000000;3.689320
3361.000000;3.434005
3360.000000;3.280888
3359.000000;3.198234
3358.000000;3.217126
3357.000000;3.297020
3356.000000;3.307126
3355.000000;3.296350
3354.000000;3.410867
3353.000000;3.685159
3352.000000;3.797146
3351.000000;3.647045
3350.000000;3.755217
3349.000000;3.946295
3348.000000;3.520525
3347.000000;3.318280
3346.000000;3.441231
3345.000000;3.706744
3344.000000;3.601491
3343.000000;3.657307
3342.000000;3.576117
3341.000000;3.323464
3340.000000;3.231734
3339.000000;3.217377
3338.000000;3.186224
3337.000000;3.138444
3336.000000;3.129433
3335.000000;3.190221
3334.000000;3.370818
3333.000000;3.728323
3332.000000;3.653188
3331.000000;3.371946
3330.000000;3.252818
3329.000000;3.232898
3328.000000;3.432536
3327.000000;3.761665
3326.000000;3.370010
3325.000000;3.148585
3324.000000;3.076304
3323.000000;3.084868
3322.000000;3.176492
3321.000000;3.305236
3320.000000;3.362994
3319.000000;3.416160
3318.000000;3.604978
3317.000000;3.659424
3316.000000;3.442062
3315.000000;3.314000
3314.000000;3.323233
3313.000000;3.464538
3312.000000;3.904010
3311.000000;3.802753
3310.000000;3.359267
3309.000000;3.155382
3308.000000;3.093852
3307.000000;3.158772
3306.000000;3.309814
3305.000000;3.424902
3304.000000;3.546654
3303.000000;3.880820
3302.000000;4.441209
3301.000000;3.827432
3300.000000;3.447474
3299.000000;3.330105
3298.000000;3.348181
3297.000000;3.333061
3296.000000;3.272912
3295.000000;3.320227
3294.000000;3.553290
3293.000000;3.513491
3292.000000;3.261741
3291.000000;3.142108
3290.000000;3.074766
3289.000000;3.024677
3288.000000;2.995060
3287.000000;3.021988
3286.000000;3.124328
3285.000000;3.237700
3284.000000;3.212641
3283.000000;3.135375
3282.000000;3.125204
3281.000000;3.192504
3280.000000;3.283614
3279.000000;3.323376
3278.000000;3.314272
3277.000000;3.299608
3276.000000;3.289994
3275.000000;3.294162
3274.000000;3.340659
3273.000000;3.490113
3272.000000;3.656684
3271.000000;3.570239
3270.000000;3.658713
3269.000000;3.799872
3268.000000;3.462159
3267.000000;3.257714
3266.000000;3.173509
3265.000000;3.129348
3264.000000;3.131426
3263.000000;3.204486
3262.000000;3.350739
3261.000000;3.429109
3260.000000;3.441907
3259.000000;3.518132
3258.000000;3.469396
3257.000000;3.328522
3256.000000;3.255990
3255.000000;3.273187
3254.000000;3.384333
3253.000000;3.536413
3252.000000;3.597582
3251.000000;3.635682
3250.000000;3.703089
3249.000000;3.853768
3248.000000;4.051251
3247.000000;3.608981
3246.000000;3.340957
3245.000000;3.256927
3244.000000;3.264325
3243.000000;3.340969
3242.000000;3.541366
3241.000000;3.672067
3240.000000;3.478282
3239.000000;3.353643
3238.000000;3.341120
3237.000000;3.350698
3236.000000;3.318785
3235.000000;3.329848
3234.000000;3.526407
3233.000000;3.754606
3232.000000;3.434767
3231.000000;3.325428
3230.000000;3.404842
3229.000000;3.591399
3228.000000;3.704844
3227.000000;3.649290
3226.000000;3.633531
3225.000000;3.595322
3224.000000;3.390091
3223.000000;3.274321
3222.000000;3.282627
3221.000000;3.340707
3220.000000;3.348958
3219.000000;3.304443
3218.000000;3.284286
3217.000000;3.333130
3216.000000;3.469161
3215.000000;3.659723
3214.000000;3.982714
3213.000000;3.844287
3212.000000;3.428645
3211.000000;3.210974
3210.000000;3.110781
3209.000000;3.097973
3208.000000;3.175384
3207.000000;3.359168
3206.000000;3.857981
3205.000000;3.931046
3204.000000;3.489075
3203.000000;3.340301
3202.000000;3.320359
3201.000000;3.352167
3200.000000;3.339674
3199.000000;3.248096
3198.000000;3.157386
3197.000000;3.134995
3196.000000;3.201418
3195.000000;3.341278
3194.000000;3.477849
3193.000000;3.724170
3192.000000;4.047053
3191.000000;3.534695
3190.000000;3.243209
3189.000000;3.087126
3188.000000;3.034188
3187.000000;3.092778
3186.000000;3.383438
3185.000000;3.746709
3184.000000;3.430311
3183.000000;3.300553
3182.000000;3.339456
3181.000000;3.601734
3180.000000;3.732665
3179.000000;3.548123
3178.000000;3.655747
3177.000000;4.230616
3176.000000;4.475533
3175.000000;4.116057
3174.000000;3.551216
3173.000000;3.233779
3172.000000;3.106501
3171.000000;3.096619
3170.000000;3.112935
3169.000000;3.097614
3168.000000;3.107125
3167.000000;3.182349
3166.000000;3.474804
3165.000000;3.800096
3164.000000;3.367277
3163.000000;3.279938
3162.000000;3.368988
3161.000000;3.941774
3160.000000;3.905510
3159.000000;3.506144
3158.000000;3.491297
3157.000000;3.480073
3156.000000;3.709962
3155.000000;3.789525
3154.000000;3.539058
3153.000000;3.384424
3152.000000;3.253049
3151.000000;3.124618
3150.000000;3.016486
3149.000000;2.991842
3148.000000;3.101702
3147.000000;3.393281
3146.000000;3.672297
3145.000000;3.543217
3144.000000;3.623000
3143.000000;3.977853
3142.000000;4.327560
3141.000000;3.775736
3140.000000;3.686970
3139.000000;3.558214
3138.000000;3.487705
3137.000000;3.394485
3136.000000;3.238583
3135.000000;3.195474
3134.000000;3.339234
3133.000000;3.834449
3132.000000;3.543841
3131.000000;3.248488
3130.000000;3.227899
3129.000000;3.270814
3128.000000;3.382374
3127.000000;3.591569
3126.000000;3.650240
3125.000000;3.498368
3124.000000;3.492091
3123.000000;3.588345
3122.000000;3.698129
3121.000000;3.952053
3120.000000;3.927931
3119.000000;3.696038
3118.000000;3.784565
3117.000000;3.849042
3116.000000;3.503975
3115.000000;3.391425
3114.000000;3.566269
3113.000000;3.957368
3112.000000;3.390811
3111.000000;3.148281
3110.000000;3.115167
3109.000000;3.254334
3108.000000;3.558101
3107.000000;3.527692
3106.000000;3.356129
3105.000000;3.379987
3104.000000;3.721056
3103.000000;3.812616
3102.000000;3.463619
3101.000000;3.369361
3100.000000;3.333089
3099.000000;3.287038
3098.000000;3.230082
3097.000000;3.169776
3096.000000;3.164886
3095.000000;3.278012
3094.000000;3.559384
3093.000000;4.063182
3092.000000;4.453793
3091.000000;4.866556
3090.000000;3.934745
3089.000000;3.526843
3088.000000;3.345255
3087.000000;3.324842
3086.000000;3.404710
3085.000000;3.462780
3084.000000;3.410976
3083.000000;3.309958
3082.000000;3.201526
3081.000000;3.125932
3080.000000;3.074740
3079.000000;3.014543
3078.000000;2.996353
3077.000000;3.071439
3076.000000;3.250659
3075.000000;3.531308
3074.000000;3.732757
3073.000000;3.792703
3072.000000;4.159125
3071.000000;4.311486
3070.000000;4.766277
3069.000000;3.929702
3068.000000;3.738561
3067.000000;3.768392
3066.000000;3.741479
3065.000000;3.817811
3064.000000;3.760379
3063.000000;3.482137
3062.000000;3.295243
3061.000000;3.218539
3060.000000;3.294246
3059.000000;3.514180
3058.000000;3.393135
3057.000000;3.093107
3056.000000;2.954925
3055.000000;2.955998
3054.000000;3.092975
3053.000000;3.483937
3052.000000;3.889109
3051.000000;3.436812
3050.000000;3.288499
3049.000000;3.374898
3048.000000;3.513460
3047.000000;3.321556
3046.000000;3.180664
3045.000000;3.187533
3044.000000;3.261567
3043.000000;3.396919
3042.000000;3.707307
3041.000000;3.512477
3040.000000;3.235670
3039.000000;3.160430
3038.000000;3.208309
3037.000000;3.302548
3036.000000;3.401750
3035.000000;3.509418
3034.000000;3.561513
3033.000000;3.520030
3032.000000;3.386054
3031.000000;3.241770
3030.000000;3.186327
3029.000000;3.226315
3028.000000;3.329498
3027.000000;3.463209
3026.000000;3.491595
3025.000000;3.384551
3024.000000;3.345542
3023.000000;3.396336
3022.000000;3.410130
3021.000000;3.376249
3020.000000;3.379275
3019.000000;3.389888
3018.000000;3.350070
3017.000000;3.293643
3016.000000;3.271462
3015.000000;3.289673
3014.000000;3.305554
3013.000000;3.310443
3012.000000;3.323852
3011.000000;3.293945
3010.000000;3.227070
3009.000000;3.203021
3008.000000;3.262404
3007.000000;3.412432
3006.000000;3.585009
3005.000000;3.572562
3004.000000;3.407699
3003.000000;3.296653
3002.000000;3.349841
3001.000000;3.408558
3000.000000;3.206882
2999.000000;3.069769
2998.000000;3.096418
2997.000000;3.295496
2996.000000;3.644693
2995.000000;3.773592
2994.000000;3.645235
2993.000000;3.381592
2992.000000;3.206957
2991.000000;3.183703
2990.000000;3.257729
2989.000000;3.283928
2988.000000;3.260748
2987.000000;3.314171
2986.000000;3.432012
2985.000000;3.497345
2984.000000;3.487502
2983.000000;3.486894
2982.000000;3.468990
2981.000000;3.371468
2980.000000;3.277523
2979.000000;3.256171
2978.000000;3.286318
2977.000000;3.321593
2976.000000;3.348856
2975.000000;3.375453
2974.000000;3.367851
2973.000000;3.287122
2972.000000;3.211709
2971.000000;3.248604
2970.000000;3.504477
2969.000000;3.924138
2968.000000;3.977252
2967.000000;4.250547
2966.000000;4.390774
2965.000000;3.961559
2964.000000;3.785805
2963.000000;3.654556
2962.000000;3.566134
2961.000000;3.625607
2960.000000;3.758742
2959.000000;3.748750
2958.000000;3.717402
2957.000000;3.758303
2956.000000;3.731334
2955.000000;3.605410
2954.000000;3.561748
2953.000000;3.607051
2952.000000;3.680002
2951.000000;3.696064
2950.000000;3.616995
2949.000000;3.478185
2948.000000;3.358217
2947.000000;3.348581
2946.000000;3.597371
2945.000000;4.056055
2944.000000;3.663816
2943.000000;3.437654
2942.000000;3.400459
2941.000000;3.430429
2940.000000;3.518093
2939.000000;3.753398
2938.000000;4.030487
2937.000000;3.680508
2936.000000;3.520696
2935.000000;3.471974
2934.000000;3.457018
2933.000000;3.515957
2932.000000;3.713275
2931.000000;4.128925
2930.000000;4.108263
2929.000000;4.059227
2928.000000;4.057692
2927.000000;4.056265
2926.000000;3.998682
2925.000000;3.861813
2924.000000;3.919760
2923.000000;3.785554
2922.000000;3.473703
2921.000000;3.326281
2920.000000;3.361795
2919.000000;3.639585
2918.000000;3.795549
2917.000000;3.666345
2916.000000;3.623424
2915.000000;3.472827
2914.000000;3.337719
2913.000000;3.279025
2912.000000;3.307622
2911.000000;3.454311
2910.000000;3.853147
2909.000000;3.948684
2908.000000;3.508310
2907.000000;3.348031
2906.000000;3.350715
2905.000000;3.446846
2904.000000;3.588292
2903.000000;3.845278
2902.000000;3.814184
2901.000000;3.470395
2900.000000;3.361533
2899.000000;3.400777
2898.000000;3.521893
2897.000000;3.629464
2896.000000;3.682774
2895.000000;3.800970
2894.000000;4.078529
2893.000000;4.300629
2892.000000;4.195582
2891.000000;4.024295
2890.000000;3.704160
2889.000000;3.492754
2888.000000;3.432803
2887.000000;3.409171
2886.000000;3.428869
2885.000000;3.515129
2884.000000;3.515402
2883.000000;3.439270
2882.000000;3.487433
2881.000000;3.722636
2880.000000;3.605304
2879.000000;3.400645
2878.000000;3.401337
2877.000000;3.574265
2876.000000;4.007243
2875.000000;3.979556
2874.000000;3.589241
2873.000000;3.447714
2872.000000;3.324497
2871.000000;3.198121
2870.000000;3.137064
2869.000000;3.174460
2868.000000;3.308099
2867.000000;3.490177
2866.000000;3.846569
2865.000000;4.083580
2864.000000;3.646817
2863.000000;3.620392
2862.000000;3.761261
2861.000000;3.501943
2860.000000;3.344715
2859.000000;3.387720
2858.000000;3.513051
2857.000000;3.654501
2856.000000;3.853393
2855.000000;3.762189
2854.000000;3.505191
2853.000000;3.423371
2852.000000;3.457389
2851.000000;3.531739
2850.000000;3.548079
2849.000000;3.432817
2848.000000;3.311874
2847.000000;3.315324
2846.000000;3.599681
2845.000000;3.645282
2844.000000;3.318264
2843.000000;3.299665
2842.000000;3.391850
2841.000000;3.752721
2840.000000;4.037794
2839.000000;3.542446
2838.000000;3.471007
2837.000000;3.453729
2836.000000;3.411548
2835.000000;3.404999
2834.000000;3.410523
2833.000000;3.398105
2832.000000;3.447793
2831.000000;3.668900
2830.000000;3.730973
2829.000000;3.473503
2828.000000;3.525764
2827.000000;4.124124
2826.000000;3.676769
2825.000000;3.447008
2824.000000;3.467277
2823.000000;3.438586
2822.000000;3.374481
2821.000000;3.363541
2820.000000;3.474193
2819.000000;3.560468
2818.000000;3.573507
2817.000000;3.694250
2816.000000;3.958350
2815.000000;4.057247
2814.000000;3.877795
2813.000000;3.707779
2812.000000;3.551748
2811.000000;3.397316
2810.000000;3.286756
2809.000000;3.278088
2808.000000;3.427625
2807.000000;3.768723
2806.000000;4.066386
2805.000000;3.998228
2804.000000;4.153028
2803.000000;4.154939
2802.000000;3.595171
2801.000000;3.314203
2800.000000;3.226609
2799.000000;3.285546
2798.000000;3.511936
2797.000000;3.794854
2796.000000;3.801496
2795.000000;3.725294
2794.000000;3.650242
2793.000000;3.625806
2792.000000;3.721915
2791.000000;3.802629
2790.000000;3.626599
2789.000000;3.408131
2788.000000;3.322094
2787.000000;3.382805
2786.000000;3.544637
2785.000000;3.711488
2784.000000;3.663120
2783.000000;3.552375
2782.000000;3.730784
2781.000000;3.664073
2780.000000;3.285298
2779.000000;3.145821
2778.000000;3.178662
2777.000000;3.438810
2776.000000;3.806837
2775.000000;3.883198
2774.000000;3.815232
2773.000000;3.324046
2772.000000;3.108161
2771.000000;3.080417
2770.000000;3.130609
2769.000000;3.191425
2768.000000;3.193288
2767.000000;3.177671
2766.000000;3.168778
2765.000000;3.212019
2764.000000;3.359859
2763.000000;3.661166
2762.000000;4.034047
2761.000000;3.930997
2760.000000;3.595756
2759.000000;3.373897
2758.000000;3.287127
2757.000000;3.333213
2756.000000;3.474836
2755.000000;3.643769
2754.000000;3.887430
2753.000000;4.213866
2752.000000;3.947605
2751.000000;3.566187
2750.000000;3.403599
2749.000000;3.388566
2748.000000;3.421646
2747.000000;3.458049
2746.000000;3.515202
2745.000000;3.574939
2744.000000;3.594451
2743.000000;3.607110
2742.000000;3.655632
2741.000000;3.661930
2740.000000;3.556524
2739.000000;3.429850
2738.000000;3.377867
2737.000000;3.428152
2736.000000;3.524139
2735.000000;3.563364
2734.000000;3.549257
2733.000000;3.441994
2732.000000;3.267900
2731.000000;3.188594
2730.000000;3.250017
2729.000000;3.425062
2728.000000;3.567827
2727.000000;3.496623
2726.000000;3.351524
2725.000000;3.286695
2724.000000;3.320848
2723.000000;3.477500
2722.000000;3.880592
2721.000000;3.922297
2720.000000;3.553879
2719.000000;3.420203
2718.000000;3.441207
2717.000000;3.588323
2716.000000;3.847471
2715.000000;4.081378
2714.000000;3.883378
2713.000000;3.645991
2712.000000;3.510626
2711.000000;3.446897
2710.000000;3.425686
2709.000000;3.486452
2708.000000;3.638201
2707.000000;3.501269
2706.000000;3.268429
2705.000000;3.176062
2704.000000;3.179115
2703.000000;3.247636
2702.000000;3.361295
2701.000000;3.477971
2700.000000;3.620328
2699.000000;3.730030
2698.000000;3.497059
2697.000000;3.309137
2696.000000;3.291872
2695.000000;3.364023
2694.000000;3.443631
2693.000000;3.608593
2692.000000;3.905067
2691.000000;3.750134
2690.000000;3.737427
2689.000000;3.902317
2688.000000;3.646266
2687.000000;3.451936
2686.000000;3.374848
2685.000000;3.367717
2684.000000;3.415067
2683.000000;3.575362
2682.000000;3.977733
2681.000000;3.966343
2680.000000;3.738932
2679.000000;3.894592
2678.000000;4.063621
2677.000000;3.688371
2676.000000;3.473167
2675.000000;3.475491
2674.000000;3.623548
2673.000000;3.967196
2672.000000;4.097761
2671.000000;3.826249
2670.000000;3.655647
2669.000000;3.489530
2668.000000;3.379675
2667.000000;3.373699
2666.000000;3.397140
2665.000000;3.335482
2664.000000;3.265154
2663.000000;3.243939
2662.000000;3.230928
2661.000000;3.210462
2660.000000;3.216848
2659.000000;3.263057
2658.000000;3.332336
2657.000000;3.410215
2656.000000;3.592915
2655.000000;3.772980
2654.000000;3.618880
2653.000000;3.690320
2652.000000;3.717235
2651.000000;3.407433
2650.000000;3.283242
2649.000000;3.327800
2648.000000;3.416093
2647.000000;3.340068
2646.000000;3.246108
2645.000000;3.288157
2644.000000;3.467062
2643.000000;3.801523
2642.000000;4.166172
2641.000000;4.448079
2640.000000;4.355319
2639.000000;4.084336
2638.000000;4.065995
2637.000000;4.278173
2636.000000;4.718186
2635.000000;4.055582
2634.000000;3.620018
2633.000000;3.452152
2632.000000;3.453857
2631.000000;3.543738
2630.000000;3.969893
2629.000000;4.434212
2628.000000;3.632916
2627.000000;3.462318
2626.000000;3.429362
2625.000000;3.447593
2624.000000;3.470660
2623.000000;3.416217
2622.000000;3.360163
2621.000000;3.333664
2620.000000;3.397753
2619.000000;3.715651
2618.000000;4.118340
2617.000000;3.723979
2616.000000;3.543076
2615.000000;3.519146
2614.000000;3.773858
2613.000000;3.907986
2612.000000;3.481795
2611.000000;3.330433
2610.000000;3.360366
2609.000000;3.456763
2608.000000;3.356754
2607.000000;3.207439
2606.000000;3.202521
2605.000000;3.316526
2604.000000;3.489626
2603.000000;3.575911
2602.000000;3.464552
2601.000000;3.287869
2600.000000;3.184312
2599.000000;3.198780
2598.000000;3.360206
2597.000000;3.672707
2596.000000;4.147966
2595.000000;4.233373
2594.000000;3.807325
2593.000000;3.661465
2592.000000;3.726466
2591.000000;3.782443
2590.000000;3.549403
2589.000000;3.407048
2588.000000;3.413879
2587.000000;3.604733
2586.000000;4.030676
2585.000000;3.682938
2584.000000;3.400378
2583.000000;3.301655
2582.000000;3.277812
2581.000000;3.315196
2580.000000;3.387379
2579.000000;3.545971
2578.000000;3.916973
2577.000000;3.989800
2576.000000;3.583379
2575.000000;3.454246
2574.000000;3.626326
2573.000000;3.794883
2572.000000;3.451141
2571.000000;3.313614
2570.000000;3.357809
2569.000000;3.474283
2568.000000;3.509835
2567.000000;3.548227
2566.000000;3.878338
2565.000000;3.800583
2564.000000;3.515012
2563.000000;3.483967
2562.000000;3.571682
2561.000000;3.569078
2560.000000;3.515261
2559.000000;3.531264
2558.000000;3.460083
2557.000000;3.413177
2556.000000;3.512908
2555.000000;3.692922
2554.000000;3.905608
2553.000000;3.954081
2552.000000;3.697678
2551.000000;3.473317
2550.000000;3.343837
2549.000000;3.313105
2548.000000;3.362452
2547.000000;3.454788
2546.000000;3.540147
2545.000000;3.604407
2544.000000;3.603209
2543.000000;3.530068
2542.000000;3.617941
2541.000000;3.704287
2540.000000;3.545594
2539.000000;3.553818
2538.000000;3.706512
2537.000000;3.722050
2536.000000;3.649665
2535.000000;3.513995
2534.000000;3.387805
2533.000000;3.335755
2532.000000;3.336923
2531.000000;3.335573
2530.000000;3.331159
2529.000000;3.341495
2528.000000;3.510618
2527.000000;3.949709
2526.000000;3.824319
2525.000000;3.763548
2524.000000;4.186845
2523.000000;4.275480
2522.000000;3.841747
2521.000000;4.010497
2520.000000;4.328904
2519.000000;3.693802
2518.000000;3.456612
2517.000000;3.369136
2516.000000;3.345770
2515.000000;3.370936
2514.000000;3.414824
2513.000000;3.451105
2512.000000;3.456392
2511.000000;3.459864
2510.000000;3.506614
2509.000000;3.606493
2508.000000;3.663206
2507.000000;3.706366
2506.000000;3.714489
2505.000000;3.740982
2504.000000;4.064970
2503.000000;4.082949
2502.000000;3.724175
2501.000000;3.578062
2500.000000;3.535020
2499.000000;3.595703
2498.000000;3.629933
2497.000000;3.577163
2496.000000;3.660236
2495.000000;3.806757
2494.000000;3.690554
2493.000000;3.675390
2492.000000;3.983472
2491.000000;4.047625
2490.000000;3.732804
2489.000000;3.570898
2488.000000;3.504389
2487.000000;3.534370
2486.000000;3.548231
2485.000000;3.481055
2484.000000;3.485985
2483.000000;3.686747
2482.000000;3.680020
2481.000000;3.420681
2480.000000;3.308503
2479.000000;3.297186
2478.000000;3.330711
2477.000000;3.357422
2476.000000;3.351373
2475.000000;3.352655
2474.000000;3.419456
2473.000000;3.567003
2472.000000;3.689504
2471.000000;3.675697
2470.000000;3.650703
2469.000000;3.668736
2468.000000;3.599248
2467.000000;3.470134
2466.000000;3.425483
2465.000000;3.512163
2464.000000;3.734198
2463.000000;3.698698
2462.000000;3.535705
2461.000000;3.516998
2460.000000;3.617052
2459.000000;4.190038
2458.000000;3.934345
2457.000000;3.465523
2456.000000;3.327567
2455.000000;3.269043
2454.000000;3.285710
2453.000000;3.361237
2452.000000;3.461552
2451.000000;3.497086
2450.000000;3.407765
2449.000000;3.330968
2448.000000;3.352343
2447.000000;3.567530
2446.000000;3.972371
2445.000000;3.758118
2444.000000;3.606032
2443.000000;3.608317
2442.000000;3.621285
2441.000000;3.617166
2440.000000;3.605579
2439.000000;3.595229
2438.000000;3.555229
2437.000000;3.477217
2436.000000;3.365362
2435.000000;3.274463
2434.000000;3.226239
2433.000000;3.213125
2432.000000;3.221197
2431.000000;3.223645
2430.000000;3.201604
2429.000000;3.180928
2428.000000;3.208779
2427.000000;3.317828
2426.000000;3.528523
2425.000000;3.869579
2424.000000;4.110985
2423.000000;3.993276
2422.000000;3.909219
2421.000000;3.915998
2420.000000;3.927909
2419.000000;3.708757
2418.000000;3.500400
2417.000000;3.411124
2416.000000;3.426410
2415.000000;3.555120
2414.000000;3.788540
2413.000000;4.062788
2412.000000;4.055547
2411.000000;3.771154
2410.000000;3.655781
2409.000000;3.730456
2408.000000;3.862114
2407.000000;4.169584
2406.000000;4.214528
2405.000000;3.793165
2404.000000;3.683541
2403.000000;3.609547
2402.000000;3.485246
2401.000000;3.424770
2400.000000;3.454154
2399.000000;3.609801
2398.000000;3.801930
2397.000000;3.613338
2396.000000;3.619344
2395.000000;4.177168
2394.000000;3.725438
2393.000000;3.416815
2392.000000;3.351245
2391.000000;3.377755
2390.000000;3.457680
2389.000000;3.619949
2388.000000;4.004579
2387.000000;3.690419
2386.000000;3.279778
2385.000000;3.120547
2384.000000;3.074678
2383.000000;3.109568
2382.000000;3.188576
2381.000000;3.372053
2380.000000;3.530240
2379.000000;3.320884
2378.000000;3.247006
2377.000000;3.388789
2376.000000;3.651320
2375.000000;3.745994
2374.000000;3.561170
2373.000000;3.292499
2372.000000;3.250551
2371.000000;3.566968
2370.000000;3.499600
2369.000000;3.673679
2368.000000;3.940585
2367.000000;4.225014
2366.000000;3.958246
2365.000000;3.840419
2364.000000;3.843197
2363.000000;3.645972
2362.000000;3.524921
2361.000000;3.552062
2360.000000;3.626405
2359.000000;3.659985
2358.000000;3.760881
2357.000000;3.889385
2356.000000;3.850952
2355.000000;3.639867
2354.000000;3.245617
2353.000000;3.064797
2352.000000;2.978102
2351.000000;2.963163
2350.000000;2.958577
2349.000000;2.939827
2348.000000;2.881863
2347.000000;2.799469
2346.000000;2.753035
2345.000000;2.743227
2344.000000;2.756088
2343.000000;2.796024
2342.000000;2.880957
2341.000000;3.020314
2340.000000;3.142142
2339.000000;3.179324
2338.000000;3.163357
2337.000000;3.124597
2336.000000;3.035997
2335.000000;2.933013
2334.000000;2.897466
2333.000000;3.123679
2332.000000;3.537680
2331.000000;3.074925
2330.000000;2.903345
2329.000000;2.928581
2328.000000;3.079672
2327.000000;3.384808
2326.000000;3.510723
2325.000000;3.218887
2324.000000;3.043018
2323.000000;3.023393
2322.000000;3.163945
2321.000000;3.592730
2320.000000;3.966823
2319.000000;3.808959
2318.000000;3.870443
2317.000000;3.529145
2316.000000;3.277715
2315.000000;3.171253
2314.000000;3.096238
2313.000000;3.049504
2312.000000;3.087731
2311.000000;3.233997
2310.000000;3.456662
2309.000000;3.692530
2308.000000;3.895598
2307.000000;3.916155
2306.000000;3.681492
2305.000000;3.524207
2304.000000;3.516369
2303.000000;3.611219
2302.000000;3.715872
2301.000000;3.634709
2300.000000;3.470236
2299.000000;3.444337
2298.000000;3.569652
2297.000000;3.794702
2296.000000;4.052605
2295.000000;4.167244
2294.000000;3.909488
2293.000000;3.603344
2292.000000;3.367694
2291.000000;3.223260
2290.000000;3.184726
2289.000000;3.259163
2288.000000;3.469736
2287.000000;3.771651
2286.000000;3.542614
2285.000000;3.330956
2284.000000;3.280096
2283.000000;3.362924
2282.000000;3.541444
2281.000000;3.627931
2280.000000;3.546306
2279.000000;3.513087
2278.000000;3.633164
2277.000000;4.067199
2276.000000;3.944013
2275.000000;3.555163
2274.000000;3.474610
2273.000000;3.455547
2272.000000;3.454170
2271.000000;3.475544
2270.000000;3.544182
2269.000000;3.611863
2268.000000;3.694290
2267.000000;3.785165
2266.000000;3.783950
2265.000000;3.830428
2264.000000;3.916878
2263.000000;3.699442
2262.000000;3.609353
2261.000000;3.761995
2260.000000;3.862442
2259.000000;3.761895
2258.000000;3.753288
2257.000000;3.697458
2256.000000;3.788355
2255.000000;3.929610
2254.000000;3.709461
2253.000000;3.602157
2252.000000;3.587090
2251.000000;3.629721
2250.000000;3.759357
2249.000000;4.031055
2248.000000;4.074166
2247.000000;3.854119
2246.000000;3.736156
2245.000000;3.681464
2244.000000;3.683970
2243.000000;3.631208
2242.000000;3.506886
2241.000000;3.430383
2240.000000;3.467889
2239.000000;3.623072
2238.000000;3.816601
2237.000000;3.781176
2236.000000;3.645511
2235.000000;3.620334
2234.000000;3.722881
2233.000000;3.847254
2232.000000;3.760422
2231.000000;3.645721
2230.000000;3.629124
2229.000000;3.582046
2228.000000;3.410465
2227.000000;3.313985
2226.000000;3.356441
2225.000000;3.517376
2224.000000;3.656161
2223.000000;3.749889
2222.000000;3.871436
2221.000000;3.704476
2220.000000;3.549098
2219.000000;3.555764
2218.000000;3.640874
2217.000000;3.634231
2216.000000;3.547483
2215.000000;3.517573
2214.000000;3.536993
2213.000000;3.560400
2212.000000;3.568523
2211.000000;3.574061
2210.000000;3.585150
2209.000000;3.599865
2208.000000;3.597068
2207.000000;3.531078
2206.000000;3.455729
2205.000000;3.477814
2204.000000;3.693053
2203.000000;4.280339
2202.000000;4.077313
2201.000000;3.993793
2200.000000;3.990555
2199.000000;3.897247
2198.000000;3.884559
2197.000000;4.010395
2196.000000;4.013398
2195.000000;3.746420
2194.000000;3.602423
2193.000000;3.621275
2192.000000;3.842938
2191.000000;4.029072
2190.000000;3.897245
2189.000000;3.705094
2188.000000;3.520595
2187.000000;3.453050
2186.000000;3.531847
2185.000000;3.834691
2184.000000;4.095224
2183.000000;3.834784
2182.000000;3.735656
2181.000000;3.743720
2180.000000;3.820512
2179.000000;3.934836
2178.000000;3.818973
2177.000000;3.649836
2176.000000;3.599127
2175.000000;3.624835
2174.000000;3.668436
2173.000000;3.716710
2172.000000;3.811032
2171.000000;3.975873
2170.000000;4.312539
2169.000000;4.265660
2168.000000;3.855082
2167.000000;3.730926
2166.000000;3.744758
2165.000000;3.733014
2164.000000;3.623070
2163.000000;3.526191
2162.000000;3.484180
2161.000000;3.494178
2160.000000;3.482662
2159.000000;3.430526
2158.000000;3.397555
2157.000000;3.412759
2156.000000;3.508268
2155.000000;3.749689
2154.000000;4.355435
2153.000000;3.918552
2152.000000;3.886779
2151.000000;4.350427
2150.000000;3.823829
2149.000000;3.512041
2148.000000;3.409297
2147.000000;3.447781
2146.000000;3.634571
2145.000000;3.916666
2144.000000;3.837000
2143.000000;3.681205
2142.000000;3.674885
2141.000000;3.726073
2140.000000;3.773264
2139.000000;3.847114
2138.000000;4.120372
2137.000000;4.072142
2136.000000;3.738962
2135.000000;3.622366
2134.000000;3.617824
2133.000000;3.672416
2132.000000;3.724837
2131.000000;4.234731
2130.000000;3.985170
2129.000000;3.594190
2128.000000;3.468826
2127.000000;3.419384
2126.000000;3.385735
2125.000000;3.394780
2124.000000;3.529944
2123.000000;3.721601
2122.000000;3.663276
2121.000000;3.629446
2120.000000;3.610642
2119.000000;3.592562
2118.000000;3.629295
2117.000000;3.714915
2116.000000;3.805765
2115.000000;3.805799
2114.000000;3.614849
2113.000000;3.442140
2112.000000;3.424794
2111.000000;3.545436
2110.000000;4.021788
2109.000000;4.324198
2108.000000;3.924354
2107.000000;3.847216
2106.000000;3.764941
2105.000000;3.801476
2104.000000;3.935415
2103.000000;3.768393
2102.000000;3.631050
2101.000000;3.638070
2100.000000;3.725046
2099.000000;3.782926
2098.000000;3.752774
2097.000000;3.677282
2096.000000;3.631148
2095.000000;3.647472
2094.000000;3.780450
2093.000000;3.981081
2092.000000;3.750260
2091.000000;3.540764
2090.000000;3.450216
2089.000000;3.452915
2088.000000;3.574162
2087.000000;3.860655
2086.000000;3.901052
2085.000000;3.665445
2084.000000;3.650086
2083.000000;3.834202
2082.000000;4.295273
2081.000000;4.301258
2080.000000;3.866108
2079.000000;3.719612
2078.000000;3.946144
2077.000000;4.241085
2076.000000;3.775109
2075.000000;3.669213
2074.000000;3.677600
2073.000000;3.624291
2072.000000;3.615626
2071.000000;3.729215
2070.000000;3.975663
2069.000000;4.242424
2068.000000;4.320873
2067.000000;4.065993
2066.000000;3.790295
2065.000000;3.614319
2064.000000;3.530202
2063.000000;3.514394
2062.000000;3.579887
2061.000000;3.805037
2060.000000;4.035227
2059.000000;3.898366
2058.000000;3.803309
2057.000000;3.773543
2056.000000;3.769750
2055.000000;3.834358
2054.000000;3.972910
2053.000000;4.443208
2052.000000;3.963224
2051.000000;3.573311
2050.000000;3.446845
2049.000000;3.493089
2048.000000;3.821330
2047.000000;3.897473
2046.000000;3.666233
2045.000000;3.706689
2044.000000;3.986873
2043.000000;4.632195
2042.000000;4.449038
2041.000000;4.085083
2040.000000;4.179066
2039.000000;4.422718
2038.000000;3.913335
2037.000000;3.751671
2036.000000;3.721483
2035.000000;3.788696
2034.000000;4.046374
2033.000000;4.508398
2032.000000;4.089738
2031.000000;3.881058
2030.000000;3.875121
2029.000000;3.795982
2028.000000;3.707333
2027.000000;3.741726
2026.000000;3.878789
2025.000000;3.903791
2024.000000;3.823451
2023.000000;3.758860
2022.000000;3.668974
2021.000000;3.645454
2020.000000;3.797014
2019.000000;4.650082
2018.000000;3.866272
2017.000000;3.647720
2016.000000;3.576788
2015.000000;3.542760
2014.000000;3.553274
2013.000000;3.612742
2012.000000;3.732237
2011.000000;3.971254
2010.000000;4.301416
2009.000000;4.150115
2008.000000;3.787329
2007.000000;3.607154
2006.000000;3.575378
2005.000000;3.616103
2004.000000;3.682692
2003.000000;3.779475
2002.000000;4.099919
2001.000000;3.789365
2000.000000;3.449351
1999.000000;3.363411
1998.000000;3.403576
1997.000000;3.486625
1996.000000;3.483790
1995.000000;3.479251
1994.000000;3.589351
1993.000000;3.920077
1992.000000;4.608926
1991.000000;3.981392
1990.000000;3.830949
1989.000000;3.709407
1988.000000;3.576355
1987.000000;3.476465
1986.000000;3.415020
1985.000000;3.410021
1984.000000;3.494851
1983.000000;3.704602
1982.000000;4.128510
1981.000000;4.527181
1980.000000;4.452867
1979.000000;4.589243
1978.000000;4.045886
1977.000000;3.725727
1976.000000;3.631582
1975.000000;3.687614
1974.000000;3.848442
1973.000000;3.990495
1972.000000;3.900583
1971.000000;3.681273
1970.000000;3.547389
1969.000000;3.513286
1968.000000;3.554060
1967.000000;3.623888
1966.000000;3.670247
1965.000000;3.671214
1964.000000;3.557196
1963.000000;3.435232
1962.000000;3.384941
1961.000000;3.406040
1960.000000;3.511378
1959.000000;3.654165
1958.000000;3.628614
1957.000000;3.570743
1956.000000;3.598998
1955.000000;3.657516
1954.000000;3.748877
1953.000000;3.823478
1952.000000;3.787450
1951.000000;3.755454
1950.000000;3.907912
1949.000000;4.389582
1948.000000;3.978843
1947.000000;3.667905
1946.000000;3.583955
1945.000000;3.539161
1944.000000;3.561267
1943.000000;3.680074
1942.000000;3.753609
1941.000000;3.703697
1940.000000;3.713434
1939.000000;3.751811
1938.000000;3.768380
1937.000000;3.786144
1936.000000;3.845010
1935.000000;4.042230
1934.000000;4.051308
1933.000000;3.683883
1932.000000;3.492298
1931.000000;3.409908
1930.000000;3.384101
1929.000000;3.376264
1928.000000;3.375936
1927.000000;3.418486
1926.000000;3.532437
1925.000000;3.670547
1924.000000;3.810890
1923.000000;3.862332
1922.000000;3.606517
1921.000000;3.433041
1920.000000;3.412599
1919.000000;3.427660
1918.000000;3.418668
1917.000000;3.403499
1916.000000;3.426698
1915.000000;3.499830
1914.000000;3.625665
1913.000000;4.017497
1912.000000;4.056781
1911.000000;3.667249
1910.000000;3.621538
1909.000000;3.729565
1908.000000;3.849056
1907.000000;3.883399
1906.000000;3.853242
1905.000000;4.019654
1904.000000;4.309540
1903.000000;3.812527
1902.000000;3.546077
1901.000000;3.451830
1900.000000;3.474571
1899.000000;3.589040
1898.000000;3.788614
1897.000000;3.838369
1896.000000;3.692567
1895.000000;3.663999
1894.000000;3.728848
1893.000000;3.862181
1892.000000;4.089349
1891.000000;4.538178
1890.000000;4.343165
1889.000000;4.018341
1888.000000;3.897580
1887.000000;3.839679
1886.000000;3.818437
1885.000000;3.866158
1884.000000;4.018395
1883.000000;4.388590
1882.000000;4.950659
1881.000000;4.198875
1880.000000;3.942764
1879.000000;3.821838
1878.000000;3.775410
1877.000000;3.831177
1876.000000;4.099839
1875.000000;4.707471
1874.000000;4.337329
1873.000000;3.910928
1872.000000;3.711443
1871.000000;3.620884
1870.000000;3.673816
1869.000000;3.935764
1868.000000;4.013735
1867.000000;3.857275
1866.000000;3.998487
1865.000000;4.177410
1864.000000;3.731033
1863.000000;3.499781
1862.000000;3.507746
1861.000000;3.815527
1860.000000;3.888189
1859.000000;3.586971
1858.000000;3.573222
1857.000000;3.724926
1856.000000;3.831745
1855.000000;3.746814
1854.000000;3.671599
1853.000000;3.728369
1852.000000;3.936739
1851.000000;4.163205
1850.000000;4.060616
1849.000000;4.024836
1848.000000;4.116209
1847.000000;4.214251
1846.000000;4.403375
1845.000000;4.377536
1844.000000;4.293977
1843.000000;4.273446
1842.000000;4.145438
1841.000000;4.001216
1840.000000;3.981556
1839.000000;4.136600
1838.000000;3.903240
1837.000000;3.694188
1836.000000;3.719565
1835.000000;4.031896
1834.000000;4.460332
1833.000000;4.107548
1832.000000;4.001606
1831.000000;4.111223
1830.000000;4.528087
1829.000000;4.080984
1828.000000;3.811577
1827.000000;3.864877
1826.000000;4.111674
1825.000000;3.965984
1824.000000;3.783579
1823.000000;3.888285
1822.000000;4.140127
1821.000000;3.950473
1820.000000;3.684692
1819.000000;3.621747
1818.000000;3.713804
1817.000000;3.953145
1816.000000;4.123082
1815.000000;4.069888
1814.000000;4.327990
1813.000000;4.470215
1812.000000;3.944636
1811.000000;3.682693
1810.000000;3.530542
1809.000000;3.458562
1808.000000;3.490683
1807.000000;3.633695
1806.000000;3.783127
1805.000000;3.785323
1804.000000;3.853846
1803.000000;4.192003
1802.000000;4.268413
1801.000000;3.849008
1800.000000;3.676736
1799.000000;3.661535
1798.000000;3.767557
1797.000000;3.938289
1796.000000;3.956081
1795.000000;3.861758
1794.000000;3.836700
1793.000000;3.865200
1792.000000;3.933107
1791.000000;3.984601
1790.000000;3.803719
1789.000000;3.611239
1788.000000;3.555726
1787.000000;3.632155
1786.000000;3.840876
1785.000000;4.011435
1784.000000;3.998786
1783.000000;4.205958
1782.000000;4.420521
1781.000000;3.989748
1780.000000;3.844230
1779.000000;3.862810
1778.000000;4.046835
1777.000000;4.633827
1776.000000;4.288273
1775.000000;4.034757
1774.000000;4.073031
1773.000000;4.263715
1772.000000;3.954923
1771.000000;3.623862
1770.000000;3.518957
1769.000000;3.513742
1768.000000;3.548254
1767.000000;3.593988
1766.000000;3.612132
1765.000000;3.614186
1764.000000;3.635058
1763.000000;3.728626
1762.000000;3.912097
1761.000000;3.796387
1760.000000;3.594400
1759.000000;3.529411
1758.000000;3.519976
1757.000000;3.524917
1756.000000;3.513632
1755.000000;3.537032
1754.000000;3.640032
1753.000000;3.758639
1752.000000;3.800014
1751.000000;3.853670
1750.000000;3.964412
1749.000000;3.977163
1748.000000;3.910678
1747.000000;3.872393
1746.000000;3.822476
1745.000000;3.765413
1744.000000;3.769308
1743.000000;3.869807
1742.000000;4.018269
1741.000000;4.044303
1740.000000;4.026207
1739.000000;4.154130
1738.000000;4.702375
1737.000000;4.698063
1736.000000;4.003645
1735.000000;3.696703
1734.000000;3.555280
1733.000000;3.588881
1732.000000;3.700231
1731.000000;3.697893
1730.000000;3.644544
1729.000000;3.711387
1728.000000;3.840914
1727.000000;3.704937
1726.000000;3.571100
1725.000000;3.526973
1724.000000;3.538728
1723.000000;3.639251
1722.000000;3.611911
1721.000000;3.508611
1720.000000;3.605575
1719.000000;3.774273
1718.000000;3.629302
1717.000000;3.552003
1716.000000;3.561776
1715.000000;3.536827
1714.000000;3.545376
1713.000000;3.646323
1712.000000;3.905861
1711.000000;4.254313
1710.000000;4.152577
1709.000000;3.810059
1708.000000;3.636760
1707.000000;3.622520
1706.000000;3.779280
1705.000000;4.203706
1704.000000;4.319990
1703.000000;3.943151
1702.000000;3.754827
1701.000000;3.671396
1700.000000;3.792304
1699.000000;4.071281
1698.000000;3.995855
1697.000000;3.898755
1696.000000;3.931206
1695.000000;3.894499
1694.000000;3.875369
1693.000000;3.949559
1692.000000;4.001945
1691.000000;4.131660
1690.000000;4.309607
1689.000000;4.056146
1688.000000;3.831526
1687.000000;3.735626
1686.000000;3.693209
1685.000000;3.770584
1684.000000;3.994015
1683.000000;3.948494
1682.000000;3.699975
1681.000000;3.573244
1680.000000;3.657008
1679.000000;3.909860
1678.000000;3.786618
1677.000000;3.612994
1676.000000;3.593070
1675.000000;3.747284
1674.000000;3.978987
1673.000000;3.721833
1672.000000;3.645946
1671.000000;3.784817
1670.000000;3.799833
1669.000000;3.779174
1668.000000;3.820930
1667.000000;3.971209
1666.000000;4.401639
1665.000000;5.609486
1664.000000;4.473172
1663.000000;3.908266
1662.000000;3.666909
1661.000000;3.627286
1660.000000;3.736379
1659.000000;4.004668
1658.000000;4.254797
1657.000000;4.086434
1656.000000;4.002864
1655.000000;3.989489
1654.000000;4.021498
1653.000000;3.978024
1652.000000;3.913518
1651.000000;4.383114
1650.000000;4.274322
1649.000000;3.882430
1648.000000;3.877814
1647.000000;3.814718
1646.000000;3.708142
1645.000000;3.602937
1644.000000;3.668458
1643.000000;4.044275
1642.000000;4.098759
1641.000000;3.760803
1640.000000;3.666299
1639.000000;3.689285
1638.000000;3.832266
1637.000000;4.138862
1636.000000;3.951945
1635.000000;3.684315
1634.000000;3.737992
1633.000000;4.006639
1632.000000;4.033011
1631.000000;3.927257
1630.000000;3.829503
1629.000000;3.695369
1628.000000;3.703702
1627.000000;3.773829
1626.000000;3.740688
1625.000000;3.714074
1624.000000;3.711215
1623.000000;3.803186
1622.000000;3.882951
1621.000000;3.991485
1620.000000;4.557773
1619.000000;4.551829
1618.000000;4.510405
1617.000000;4.405633
1616.000000;3.837472
1615.000000;3.668871
1614.000000;3.686243
1613.000000;3.753668
1612.000000;3.870970
1611.000000;4.219000
1610.000000;4.241760
1609.000000;3.824587
1608.000000;3.747897
1607.000000;3.894947
1606.000000;4.088975
1605.000000;3.910944
1604.000000;3.745743
1603.000000;3.726526
1602.000000;3.749608
1601.000000;3.743002
1600.000000;3.757451
1599.000000;3.862487
1598.000000;4.033474
1597.000000;4.527281
1596.000000;4.439713
1595.000000;3.984259
1594.000000;3.886629
1593.000000;4.010980
1592.000000;4.279604
1591.000000;4.067613
1590.000000;3.797248
1589.000000;3.679070
1588.000000;3.676021
1587.000000;3.813746
1586.000000;4.047777
1585.000000;4.125197
1584.000000;4.008118
1583.000000;4.062631
1582.000000;4.434411
1581.000000;4.430829
1580.000000;4.145044
1579.000000;4.006397
1578.000000;3.819421
1577.000000;3.667811
1576.000000;3.592979
1575.000000;3.642853
1574.000000;3.794339
1573.000000;4.078980
1572.000000;4.608909
1571.000000;4.374360
1570.000000;4.258013
1569.000000;4.038878
1568.000000;3.792126
1567.000000;3.733430
1566.000000;3.700885
1565.000000;3.668680
1564.000000;3.684924
1563.000000;3.772494
1562.000000;3.950981
1561.000000;3.957985
1560.000000;3.573954
1559.000000;3.346352
1558.000000;3.295437
1557.000000;3.355655
1556.000000;3.494168
1555.000000;3.649897
1554.000000;3.808318
1553.000000;4.100244
1552.000000;4.154078
1551.000000;3.756915
1550.000000;3.581176
1549.000000;3.566116
1548.000000;3.809683
1547.000000;4.267004
1546.000000;3.867071
1545.000000;3.619023
1544.000000;3.532762
1543.000000;3.514238
1542.000000;3.641860
1541.000000;3.889871
1540.000000;4.047669
1539.000000;4.002710
1538.000000;4.016492
1537.000000;4.108589
1536.000000;4.125077
1535.000000;4.056485
1534.000000;4.171876
1533.000000;4.473162
1532.000000;4.076741
1531.000000;3.784667
1530.000000;3.626649
1529.000000;3.627143
1528.000000;3.767218
1527.000000;3.656260
1526.000000;3.499257
1525.000000;3.480952
1524.000000;3.510276
1523.000000;3.554391
1522.000000;3.682621
1521.000000;3.893589
1520.000000;4.019092
1519.000000;3.964835
1518.000000;3.804035
1517.000000;3.644597
1516.000000;3.597281
1515.000000;3.631517
1514.000000;3.787668
1513.000000;4.566168
1512.000000;3.940305
1511.000000;3.729013
1510.000000;4.223477
1509.000000;3.909833
1508.000000;3.638228
1507.000000;3.710763
1506.000000;3.921403
1505.000000;3.935343
1504.000000;3.807725
1503.000000;3.740804
1502.000000;3.723583
1501.000000;3.756314
1500.000000;3.820268
1499.000000;4.259082
1498.000000;4.608728
1497.000000;4.317052
1496.000000;4.616367
1495.000000;4.223168
1494.000000;4.330832
1493.000000;4.033862
1492.000000;3.650925
1491.000000;3.538217
1490.000000;3.470441
1489.000000;3.436170
1488.000000;3.445354
1487.000000;3.522116
1486.000000;3.620791
1485.000000;3.618995
1484.000000;3.551698
1483.000000;3.514708
1482.000000;3.524475
1481.000000;3.547489
1480.000000;3.589344
1479.000000;3.657107
1478.000000;3.851848
1477.000000;4.068535
1476.000000;3.987738
1475.000000;4.031297
1474.000000;3.921089
1473.000000;3.972566
1472.000000;4.365951
1471.000000;4.104656
1470.000000;3.947189
1469.000000;3.869152
1468.000000;3.750081
1467.000000;3.746468
1466.000000;3.905179
1465.000000;4.006644
1464.000000;4.055361
1463.000000;4.631218
1462.000000;4.373183
1461.000000;4.024990
1460.000000;3.888728
1459.000000;3.707875
1458.000000;3.617325
1457.000000;3.727891
1456.000000;4.018551
1455.000000;3.754437
1454.000000;3.573818
1453.000000;3.595662
1452.000000;3.669843
1451.000000;3.739749
1450.000000;3.747343
1449.000000;3.772935
1448.000000;3.824315
1447.000000;3.808912
1446.000000;3.746346
1445.000000;3.778835
1444.000000;3.986879
1443.000000;4.232730
1442.000000;4.350548
1441.000000;4.187686
1440.000000;3.850987
1439.000000;3.702290
1438.000000;3.659882
1437.000000;3.622097
1436.000000;3.595269
1435.000000;3.649824
1434.000000;3.903849
1433.000000;4.083246
1432.000000;3.744031
1431.000000;3.589070
1430.000000;3.619632
1429.000000;3.715118
1428.000000;3.791058
1427.000000;3.823958
1426.000000;3.812352
1425.000000;3.727746
1424.000000;3.704098
1423.000000;3.860220
1422.000000;4.200345
1421.000000;4.309321
1420.000000;4.114228
1419.000000;3.849731
1418.000000;3.708886
1417.000000;3.823798
1416.000000;4.237105
1415.000000;4.932133
1414.000000;4.451087
1413.000000;4.097403
1412.000000;3.984739
1411.000000;3.855639
1410.000000;3.818878
1409.000000;3.820891
1408.000000;3.885331
1407.000000;4.377693
1406.000000;4.065731
1405.000000;3.755704
1404.000000;3.776736
1403.000000;3.870837
1402.000000;3.919495
1401.000000;3.800808
1400.000000;3.713042
1399.000000;3.754991
1398.000000;3.849292
1397.000000;3.856539
1396.000000;3.828850
1395.000000;3.938989
1394.000000;4.172325
1393.000000;4.188424
1392.000000;4.104321
1391.000000;4.119275
1390.000000;4.515493
1389.000000;4.463353
1388.000000;3.909759
1387.000000;3.734296
1386.000000;3.676360
1385.000000;3.747153
1384.000000;4.094530
1383.000000;4.333900
1382.000000;4.040535
1381.000000;3.973493
1380.000000;3.913887
1379.000000;3.780431
1378.000000;3.700106
1377.000000;3.760006
1376.000000;3.990404
1375.000000;4.091797
1374.000000;3.991304
1373.000000;4.110483
1372.000000;4.366156
1371.000000;4.018159
1370.000000;3.827866
1369.000000;3.850387
1368.000000;4.021279
1367.000000;4.002637
1366.000000;3.777043
1365.000000;3.702253
1364.000000;3.753404
1363.000000;3.760318
1362.000000;3.677764
1361.000000;3.613097
1360.000000;3.562133
1359.000000;3.567942
1358.000000;3.684480
1357.000000;3.778536
1356.000000;3.724991
1355.000000;3.681889
1354.000000;3.666303
1353.000000;3.620032
1352.000000;3.685262
1351.000000;3.998401
1350.000000;3.851865
1349.000000;3.602564
1348.000000;3.541632
1347.000000;3.618549
1346.000000;3.829933
1345.000000;3.901051
1344.000000;3.786219
1343.000000;3.660410
1342.000000;3.556761
1341.000000;3.532613
1340.000000;3.634264
1339.000000;3.734444
1338.000000;3.675557
1337.000000;3.752626
1336.000000;3.985274
1335.000000;3.918712
1334.000000;3.900870
1333.000000;4.419373
1332.000000;4.597412
1331.000000;4.190870
1330.000000;4.124927
1329.000000;4.057095
1328.000000;4.080918
1327.000000;3.943388
1326.000000;3.839099
1325.000000;3.884524
1324.000000;3.976315
1323.000000;3.972704
1322.000000;3.986209
1321.000000;4.155196
1320.000000;4.179423
1319.000000;3.954191
1318.000000;4.006852
1317.000000;4.266481
1316.000000;3.762891
1315.000000;3.545538
1314.000000;3.552457
1313.000000;3.885840
1312.000000;4.276447
1311.000000;3.772059
1310.000000;3.793895
1309.000000;4.036728
1308.000000;4.290426
1307.000000;4.056095
1306.000000;3.968678
1305.000000;4.334937
1304.000000;4.154814
1303.000000;3.800878
1302.000000;3.854094
1301.000000;4.444434
1300.000000;4.255358
1299.000000;4.042999
1298.000000;4.360891
1297.000000;4.592740
1296.000000;4.092546
1295.000000;3.803510
1294.000000;3.728369
1293.000000;3.769874
1292.000000;3.863973
1291.000000;3.931380
1290.000000;3.954375
1289.000000;3.984713
1288.000000;3.995926
1287.000000;4.024031
1286.000000;4.114508
1285.000000;4.127628
1284.000000;3.946569
1283.000000;3.807895
1282.000000;3.880062
1281.000000;4.055796
1280.000000;3.996688
1279.000000;3.850089
1278.000000;3.756214
1277.000000;3.712619
1276.000000;3.723042
1275.000000;3.765201
1274.000000;3.889036
1273.000000;4.191051
1272.000000;4.171711
1271.000000;4.018014
1270.000000;4.053861
1269.000000;4.137420
1268.000000;4.125526
1267.000000;4.064535
1266.000000;4.124337
1265.000000;4.319004
1264.000000;4.329462
1263.000000;4.211640
1262.000000;4.019107
1261.000000;3.855325
1260.000000;3.803824
1259.000000;3.884952
1258.000000;4.062468
1257.000000;4.408848
1256.000000;4.387959
1255.000000;3.934243
1254.000000;3.832448
1253.000000;3.859663
1252.000000;3.852718
1251.000000;3.762108
1250.000000;3.698723
1249.000000;3.692124
1248.000000;3.713607
1247.000000;3.690330
1246.000000;3.626588
1245.000000;3.626448
1244.000000;3.767171
1243.000000;4.223244
1242.000000;4.059716
1241.000000;3.857839
1240.000000;3.898611
1239.000000;4.084834
1238.000000;4.509266
1237.000000;3.975791
1236.000000;3.794031
1235.000000;3.796803
1234.000000;3.816596
1233.000000;3.829642
1232.000000;3.892152
1231.000000;3.930109
1230.000000;3.915541
1229.000000;4.104859
1228.000000;4.490648
1227.000000;4.189248
1226.000000;3.974333
1225.000000;3.848375
1224.000000;3.743452
1223.000000;3.710487
1222.000000;3.830418
1221.000000;4.108005
1220.000000;4.169557
1219.000000;4.309440
1218.000000;4.621379
1217.000000;4.540633
1216.000000;4.631017
1215.000000;4.256855
1214.000000;3.949941
1213.000000;3.901657
1212.000000;4.030282
1211.000000;3.901290
1210.000000;3.753665
1209.000000;3.686890
1208.000000;3.650643
1207.000000;3.679361
1206.000000;3.729466
1205.000000;3.709375
1204.000000;3.685510
1203.000000;3.746003
1202.000000;3.876477
1201.000000;4.120053
1200.000000;4.705222
